mean_branch_dispersal_velocity	weighted_branch_dispersal_velocity	branch_dispersal_velocity_variation_among_branches	original_diffusion_coefficient	weighted_diffusion_coefficient	diffusion_coefficient_variation_among_branches
63.7320838211151	17.9393974890087	3.03855121124974	3847.94873723842	3657.56295123043	2.99786413047969
18.9178057288395	6.86215292712591	1.67421636866141	656.031108941019	418.382204093939	2.65116834378407
24.1592386574913	6.02699007418011	2.64428442498576	725.733276369201	470.970631307795	2.75116505620003
11.0671453523636	4.96633903893382	1.27949042185716	257.016640745411	267.04999238036	1.53469094536987
12.5920738835463	4.78293503230948	1.70428781910678	264.95897369636	251.943165144376	1.632095375625
17.2466958970795	7.11443817002041	1.7163352690793	513.894593150733	469.791628040724	1.97174286608241
13.0631556893868	5.75020031525135	1.31533776363611	387.507395470189	312.839749402583	1.57201136982774
16.3514271425707	6.97959493312256	2.00308359824384	441.385207341104	545.347780095444	2.05105888412359
34.2909724936072	6.02880622329016	2.1522932267392	977.043157604838	471.056208573041	3.55097981335241
15.6371885622266	5.21174874593411	1.31111419546398	271.373403678242	271.61293881645	1.50871338448099
9.43526297235183	5.22521315268466	1.78892509379821	341.185141221598	332.171064664493	1.90517430367566
7.87707711555055	7.26946651891364	1.40866786326154	593.532353809499	727.43446713902	2.25298144480546
10.8983812870128	4.85364874005964	1.40161163530135	387.798652881737	402.494993582663	3.04321780458683
17.2430538783107	9.35400933853791	1.0181013686813	547.723301672985	623.249751279925	1.54111634704799
30.2110268444629	16.459433062819	1.93170871225961	2243.3424628843	2867.7743236925	2.81473518115896
28.6869705470811	17.0685488399995	1.41768132701702	3495.97307828823	3410.00175243864	4.15263234823019
53.7211974716038	15.6628503097138	2.82346039827329	2480.46003858915	2558.49634726744	3.49872133155299
20.4291252998744	16.7381011790661	0.997731737105335	1637.12125962765	2409.61982866427	2.77546805235029
25.1820873589308	15.0087396726209	1.12037579551095	1156.66846112849	1533.61628152961	1.77684413031772
24.3872296865716	18.8266014203688	1.22024133068097	2110.10931174664	2381.63092034688	2.22006646236834
29.7540462801497	26.0738856490876	1.11215701109562	2974.66639524714	4622.94708391334	2.70939445419986
22.8220747388834	22.9860348917479	1.39731735468073	2700.53604173559	3950.2901460549	3.45561786241116
17.8287912420574	13.8926088163726	1.13973696475504	1187.90202151746	1433.13053916067	1.95101613926628
16.4284226776917	7.30531110645707	1.32393305730999	529.799750555114	698.377951804615	2.02055984593169
12.8234862998779	8.84970923435836	0.995140920163803	554.336851060754	675.123802903546	2.27541565340614
27.4040956079255	14.5956331575243	1.72432516799758	2152.67280424318	1717.88134648123	2.8751115238576
23.1097871960571	5.90102887092878	2.00288514462629	907.908041294215	432.418023388538	3.09734276916275
24.5789511048941	6.97198915736714	1.84708109924039	566.961499113977	507.754994877306	1.69959798700459
17.7010364237604	11.8797328391221	1.40232943896703	1355.01871534727	1703.82764276816	2.71755453259038
23.3296826669328	6.91852448230541	2.23216654506039	440.631475433458	480.420848311108	1.90101750260604
8.5143144488284	6.67707174282511	0.911509687197099	322.504444418097	511.235402770412	1.67737984429164
11.6618705149197	5.87756055313101	1.36116503047792	552.004704906243	452.927223621626	2.35229282559383
20.1706748913875	12.0666717760708	1.48058177046302	2351.08851599051	2064.91664119352	3.06105333257614
34.1245285998675	7.15749451991941	1.72216122752325	680.225315682726	422.85149558251	3.31039830118081
22.581882759395	7.47445390398231	2.10241794974697	452.437716363714	576.772780977422	1.97200285644941
15.1762963845147	6.49962811472829	2.06358829231152	760.183678858543	505.279373563047	3.86934488466079
11.6650681787218	8.59277860934639	0.801102415877261	450.93177621342	685.091293187199	1.74742991393347
15.4820819762952	9.31280257176533	1.10968556800273	815.204584531137	949.637558053975	2.76163719680178
13.3970747000976	7.21514793893462	1.37569758192245	526.073549597571	685.509945211239	1.92365278190902
13.517178472554	6.02675251467841	1.73098356488337	301.316778074777	398.785528085257	2.21739348118517
11.4813185099661	5.83816436372427	1.21293373027425	510.343345905212	431.182745678796	3.27656901731416
9.68316193983215	5.83728959681452	1.17120708654204	367.840608705044	426.861195203627	2.54728616768982
18.5724055055801	8.71864948260473	1.67425075958437	917.075658579599	728.293278131333	1.84504025071181
24.1388970813585	14.7036817256308	1.4322343568909	2331.52003002757	2768.59850095304	3.47877897627208
22.9052506847819	13.0952637030605	1.47884586668117	2109.0742428612	2547.95710806242	4.43441882012831
26.5380608603235	12.3990994387716	1.25459253557191	956.362676819321	1095.28219404041	1.49348783278437
46.3352991042853	11.1323996718602	3.60660265265195	2061.77319047295	856.206848657767	3.62637481937753
14.043996050855	10.8089044279146	1.16773497244855	1038.67510844612	1527.79122510449	3.18068838063608
59.6774511928536	16.9959541123507	2.32969346902384	3672.46285986125	2805.67058236712	2.22358162995166
38.0742696114266	12.0355056918811	2.35614484679973	2461.24240943667	1048.8156195595	3.09920456537156
133.701140192466	13.3063656582345	4.62980841831554	3656.32926947052	1255.85931933329	4.08904685954056
50.1339213553529	21.1943904554586	2.16771955403965	3019.83220293822	3303.46820717824	2.59926947673942
33.2416041997132	18.7390219213782	2.24516865522273	2532.78624367426	4768.4747563134	2.96587009053763
102.43746464566	18.4585871942123	4.26869493945282	2653.74046375531	2487.11611217678	2.26721288635268
24.860195832098	15.9687708493102	1.87483542465609	2676.25099453616	2424.88615159297	2.40664590909282
18.9089372180562	13.5062050978697	1.22816013213031	1109.36715565938	1758.83969107982	2.42636324333727
18.0168609504605	12.2416043237183	0.968970387151263	961.530110113374	1061.60365196166	2.53677181558107
46.111559866851	11.1159698313742	2.22741445289103	912.106512582002	1166.74032457548	1.77211453483284
17.0352745041581	6.99188756818483	1.58023410069335	550.700837258141	511.204012459014	2.09684919120863
10.1631878623159	4.05447700593826	1.21325834265904	301.119482826939	295.1984125688	2.91154361418338
12.5425464335344	5.22968235934874	1.53376055806819	465.932440567068	418.670959278652	3.05165056634422
9.59833772357173	6.25739948508849	1.33511857071918	354.353809676332	417.245690846073	2.37769724329558
14.3679990850003	7.03439668773323	1.21092074063381	509.101736689053	574.2220825744	1.67891551003257
15.0501908741624	6.41827473326193	2.44994417651694	456.621082839469	482.718789551331	2.17622608766743
11.1425482026668	5.86973390399327	1.17077989845448	329.003895556954	439.439299285983	1.92009088001202
8.33630085962126	6.60890584586016	1.06542061805812	420.3116824301	530.658557902851	2.42677185148449
10.5261361214937	5.67198290905695	1.31650057776376	313.17702615946	431.945864878132	1.98585789178154
10.0178354524259	5.18200662455152	1.18648642336561	267.547587716453	366.374985735844	2.26914606810908
20.1514761052584	9.61217800983818	2.92544145237101	1256.99777519415	1049.76756711581	2.71102377352174
30.4838852174291	6.05268089566524	3.75383867077394	313.555840000907	357.144200308837	1.90669688624076
18.2488379519155	11.6363218022595	1.49145289255934	1507.07553095786	1230.29201825395	2.616821212719
38.8809890585315	14.7854888651391	1.92711349872056	2504.19161164254	2113.44142938579	2.42160454112504
16.3991555139518	14.3658140789516	1.01274810864949	1273.9804932717	2095.74393233358	3.08034516210759
17.1726498809654	14.0337591259775	1.41154028672419	2297.17305614752	2629.28329748492	3.77709769658121
15.2837816199231	7.69103215581451	1.38740812818786	501.618808771093	514.060278955191	1.9373385027692
16.3887863517923	10.2519239456038	1.56154677169836	1110.87392236539	1542.86263031439	2.87152426193995
18.710215135846	8.54938533754356	1.69625156487795	526.953887000911	617.725028604323	1.80823000390666
20.6794998944028	11.0656042621658	1.44865950019017	955.874045178547	1190.36459335413	2.31524466471191
17.4526551157812	7.97906633989907	2.18163632348849	787.83913407208	703.058071923198	1.6640787884646
22.2574737904738	8.42359235875356	1.62086988160592	986.442102233771	928.925253483611	2.6257790716376
24.1824408484857	20.468983355508	1.0281444503467	1652.38767184117	3490.72433826271	1.79935381528665
17.4520250125908	12.5429426564821	1.04283307639635	1006.71414872026	1153.42976565357	2.08543312551833
31.8604350191606	10.5843091959657	2.21107121190335	942.937633132239	1003.9633491557	1.81647645505598
34.449936872127	13.9969209987898	1.30141585842841	1696.43622937093	1688.2115360145	2.28604801618918
29.5331498551374	15.1118381486373	1.81866504162924	1966.42098040118	1524.95975576915	2.01898031717096
19.8419897794326	15.7611110730975	1.59349255550986	1714.82987920064	2290.68799898836	2.8986714005144
25.0471809102048	14.4607254125045	1.7679998249551	1827.42950199918	1726.19589228805	2.48696467601863
51.4201196693006	11.9886796548233	3.81928375601516	3168.07975914239	2134.21292545312	3.09486612789205
26.9474619194129	10.9702981962581	1.27252564214723	1567.13134544214	867.840111481325	2.28261361711211
19.9624416642007	14.5182477410006	1.50385944922786	1866.91425385563	2428.63114373694	3.25251658097823
15.8135401449793	7.11424218454027	2.08797412788912	554.734106984471	553.397784794793	2.04470120241235
27.5206574209489	10.7745150687722	1.70362932670619	1408.60438213243	1450.64785234882	2.49436564918536
17.7310615927962	12.2926444690289	1.92059994689634	1222.63198871923	1939.61621678787	2.87994474369135
96.0736442509992	19.738157264783	3.49015615191849	3709.14111751214	2456.29564999592	2.6374325287596
30.7249012905265	24.5037849598081	1.33719533376556	2698.65081698198	3313.63681188581	2.00452195496739
31.3369086932272	15.918232385422	1.34713471050061	1481.99697233419	1702.46484799226	2.24951941361313
21.2620862915672	16.2277035495012	1.62516361923495	2214.10598991071	2266.81745511777	2.773150902993
28.5823796746685	16.7249786108317	1.69484815762568	1693.34671006985	2096.11049500516	2.31692573816318
29.6257630845638	14.1162885173881	1.34024200521992	2437.19248533322	2389.57894466491	3.29428549938765
14.084802621947	7.40011514965017	1.42618706661888	543.681126419082	456.415560099141	2.60483982347384
