mean_branch_dispersal_velocity	weighted_branch_dispersal_velocity	branch_dispersal_velocity_variation_among_branches	original_diffusion_coefficient	weighted_diffusion_coefficient	diffusion_coefficient_variation_among_branches
33.9525367784496	9.51469363536672	1.63809460275952	758.525406498413	1468.89962861329	2.07449691187373
15.3542386581794	9.50892406224934	0.896078133284238	409.205842208712	792.219301494319	2.1266435991553
13.8443242685584	6.3649084551344	1.27906492724495	260.939478731218	517.039970911519	2.17247524367718
22.0474848530913	8.63251853674052	2.1864439092417	403.375194260466	718.7837455936	2.08796992561453
14.5254885219792	4.24718545292959	1.0940832662804	133.359191965384	224.617586766469	1.59408045999834
16.0510667803669	6.07298190504875	1.53369015424753	398.823747524388	469.499487226845	2.27445232935504
14.211748420806	6.12703656462675	1.74753058249222	415.523045025316	433.9682283342	2.82886174392556
28.4537416296117	9.21658911373017	1.29139749174303	733.953641257839	550.847916410316	1.75235151406359
31.1373517778297	5.92528014535004	1.78654325064065	439.958407807809	809.08035973558	2.22511711039195
14.3240255213649	8.10744447674548	1.19243532716336	463.894899507576	647.74291672421	2.19587544848462
24.4665512043786	6.78369692140661	2.31435211142709	369.694407844782	596.478341223748	2.466922435454
18.467548083021	6.47426365018419	1.32197502199269	275.99067991199	448.694056061426	1.92423392998771
23.2225133944029	9.63268172327058	1.54443934117223	1119.53557406644	784.632436604974	3.68802186300035
26.294220131336	10.9650193940727	1.09803159234294	769.549102648717	925.006204190441	2.06300325079409
18.3750641989321	7.67124727039623	1.60431410169231	747.979700381729	636.014915569888	3.39600978326735
33.3386599196139	5.81639842451125	1.64315392103104	310.187572318739	186.728695365273	1.43607284239932
48.8969632426851	11.708966635622	2.10037478064687	774.361141717654	943.371582903353	1.82633211754746
27.4289570125304	6.644701225437	1.81119377330843	601.455861793872	363.074922893589	1.8813129225065
12.1702900017752	5.47496079850247	1.37595689493845	281.365255043474	456.544437805204	2.37988106733128
19.6059759306722	7.82010981265014	1.74625001432722	430.869827154645	569.086527664365	1.83513837520727
22.2358068497041	5.15876058762144	1.59625407271847	225.824873490032	366.914440656671	1.9835926537196
17.7725914103411	10.3494860458925	1.20570050976468	562.663142477976	1770.61533694582	2.75080493777783
96.7498704805059	11.8704643571388	3.77619867066388	1196.23850141169	1236.18875456461	3.0047055225024
35.1096934136128	7.8644189226286	1.26691623194946	495.239569219058	593.208714955658	1.6283035600174
36.9398733608139	10.0420682970349	1.87496232626558	713.643351505725	780.9559704322	1.63315732365403
30.4803715076008	8.72646337155276	1.48720758850753	639.970396419102	796.378381001431	2.56242022743762
18.9352417332061	7.65585448293203	1.38601522517857	443.738776520235	476.362312263228	1.76945491457477
49.9346691865076	7.92616816283736	3.5354436800608	1179.98391606395	798.143836557099	3.2632083163846
15.8380546849148	6.77909430974951	1.22364270685263	383.109843869019	514.647514962164	1.90399753890386
20.6718461320243	7.26407660236726	1.11860105217767	501.369547756504	520.616438184637	1.97919326661489
23.0390745850466	8.7397824627393	1.61139815387054	417.178234183135	760.149165348356	1.92921827538122
29.9863575607223	9.71386481509145	1.64589920819009	829.422621050622	782.804849188709	1.89974786500881
17.8785426998268	6.00146260187316	1.14698161955567	281.701122045201	419.702988992424	2.28817476028461
20.6717809489404	11.5171418075295	1.30206370481148	1092.37251503589	1902.17264530026	2.95801919101047
35.2245629878991	14.0751592748551	1.35032932356889	2119.03095936803	2053.74985949287	3.15775690146225
14.2795771598412	8.06980915725964	0.931672808641851	431.330839348121	1014.01950972507	3.18647887486178
95.0230291367339	6.36259250980569	2.86500543008342	523.396454531323	464.309387738252	1.92591862449901
43.4301263509508	7.55035403688863	1.96825401894591	373.798166079907	614.724262680725	1.89650388668195
17.9693341071742	5.72211794874341	1.20680474929641	299.794840790026	681.046550822724	2.57062126954737
11.9163341942666	6.37202799964515	1.5137645865245	426.002104512008	505.201414097664	2.9178036124809
14.8712926255389	5.05783895474674	0.873671042131638	198.008470432394	192.230548301567	2.05822297315086
54.8780729110328	7.29886263337117	2.5105088187433	538.976042750603	498.251313778066	1.84484780735027
13.0598035392494	5.20275918477481	1.20831645650047	190.428281487895	344.260735282703	1.84134822620242
18.6149762086476	5.78542415501762	2.04956076473273	559.681990017382	409.850279898267	3.14427832354396
39.9412407623468	6.40422948146211	1.79063189385123	332.53055537428	543.457461167621	1.64537503435854
39.1536126321579	7.37324567149459	2.02450459254532	393.495739967088	858.772949226353	2.1706545453743
27.4376290706791	8.05120665479593	2.12560573824418	499.938217540384	570.616221186395	2.25601294016906
31.0907371528141	6.92259189067387	1.98990041038104	1152.39847727279	517.647733955205	3.50592767115911
14.4035461140051	5.34075704685052	1.1498319536182	316.18494195964	316.274577376733	2.08647048614491
5.45531707450785	5.32494546067911	0.749211228190793	142.216655109921	349.041208361963	2.57394974060254
24.0469166547543	7.02457591112017	1.51052285227414	362.257366141497	542.034783062183	1.56395790901152
17.4754217737515	9.28828142079306	1.13960790673854	426.94975593204	905.932570753959	1.79647177950898
33.2482715020392	8.08726633587688	1.43121600079181	463.603886396426	866.895616603213	1.70104155670706
12.0697395146121	4.73630336259117	1.52372367926208	154.923307469525	309.289858093907	2.19893120240221
22.5226672674989	8.45184629791609	1.72931067156871	456.774883883442	1196.99178072698	2.70447948303659
36.6890726167385	7.87712510261965	2.43886021129458	672.878780355858	635.096439768451	2.20713854058441
35.7928647242497	5.06418303745904	2.93114471411247	510.07639081465	351.345858904683	2.50149486447942
16.0053835493734	9.30069273822327	1.34976350226448	497.413909104584	1188.77432607192	2.54946409981567
31.767855291928	5.48292778000907	2.71774841326978	466.873216304993	487.313371914023	2.27383145610638
12.5110521081792	7.64029706409409	1.25657684753732	351.991676290636	623.188796661802	2.20985220851115
26.7203852215473	8.18587022730283	1.38771472569767	949.845741415197	826.947745327676	2.53204780771146
19.2702348559943	8.64296172098102	1.73837760812233	624.799930575597	1071.08755856496	2.12730177356001
26.8629549849449	6.36193327992446	1.9342854395949	446.072292776454	462.776372299762	1.85645615660912
18.4311431027555	8.1728092691321	1.23517404087075	709.53851581894	606.3712921544	2.96237819041226
18.1075255391509	12.9764944903321	1.2787932818456	1087.12044681086	2175.53206527399	2.62568973160278
17.0719470622514	7.77108495213528	1.00550537868253	478.446651207276	494.305166148614	1.69063353931385
25.4739951986319	9.1792909209717	1.25612363493827	611.464415106235	747.255168887855	2.17236320841867
47.1671210522836	8.03338605927848	2.4174850117358	846.579953021192	605.907199137839	2.55712522543068
26.1970031911325	9.76767268761591	1.52878329609347	1063.55314952842	767.556243302929	3.28522857765953
68.9556135962332	9.2881912021867	1.78530698127655	880.269231716177	912.696956767958	1.77642405464799
20.3913754115132	10.2707213228676	1.52746755820984	751.618022331562	1204.5650997622	2.03176489535644
16.5318885639583	8.93963215563112	0.999844984824901	453.110138744713	620.26911342106	1.98703534430505
18.817058567348	8.6723087616389	1.87282712483946	554.29384323705	594.839304625983	1.67523059274812
30.1925491001896	11.3360663598783	1.85057088886775	880.022337764661	1284.46063086707	1.57599075788197
30.3813783390381	10.9255514311207	1.18621227262466	702.491161138363	843.479436679283	1.53820716446639
30.4436450782062	10.9288383247437	1.54934948647355	1091.35523166371	1625.77995301481	2.64703349159502
57.8879173980568	5.84964035879152	2.37658205062466	1226.95618168156	389.930981235055	3.30180072152994
19.4294685431564	7.86823600104615	1.41881900769905	499.056326481204	564.203037842302	1.73182147913836
11.8324819869921	8.50666839718818	0.838102204046057	451.997649015001	886.420763762073	2.71710136059143
16.0700616115665	7.26780161018489	1.67199040665302	391.390153658992	554.707004868133	2.20954384645607
16.2153973335521	8.74429922598216	1.17411404004685	383.090605040176	661.175007530618	2.25362430895106
17.2896352149066	6.35343270684685	1.801216624725	435.970137990178	468.981005419531	2.39427075459918
12.9768227925582	8.02933690512157	1.04368507541716	382.601784210347	626.977078087801	2.40939332056139
79.3346976812958	7.95883305118951	4.33309735415106	830.540425595978	655.448920280321	2.6967019832279
18.6495547692503	6.84955615519969	1.43556481413972	354.454538415332	466.109807568479	2.23162960588567
34.2012717437421	10.5903693607885	2.19815583649814	796.018896665929	606.215085769043	2.1729800242352
23.9836066694857	10.4482881529679	1.70936625569716	763.034733604103	984.027900254532	1.97851348637867
16.8628826359158	5.78777010882732	1.36656298842738	181.067624638883	169.605482452962	1.9231347212158
44.6332682144282	5.7625972610952	2.26219594880163	518.001398733992	498.873630030045	2.24260412655693
29.290815795772	3.73359053181076	2.06274934841932	280.510854778112	309.247759771821	2.10723657764513
28.418551027081	6.42666120195934	1.46581913721457	404.142353026843	520.113750551939	1.62933009827383
23.9199298167647	8.75737064731659	1.17580985061808	573.720677200995	1004.12608226174	1.74344357822832
14.2875708700525	6.77635162712018	1.2492818303782	236.277987003434	488.17062916964	1.98564538062491
15.4842335263625	6.95292568743843	1.6037342845892	430.146992899827	897.013940222762	2.61410592998188
22.4621603590636	9.57344809876774	1.74940178675834	489.810436387607	805.931089266948	1.78929724771155
18.9397488131589	7.65755720801616	1.64846494103136	250.168542601255	585.195233389886	1.91865384969323
31.4353195079622	8.26439854286812	1.92047638047125	1294.99254341943	617.87929856808	2.94488024350903
14.1465417846193	8.82036988653092	0.950317443583579	439.356598212938	713.714134727196	1.91382096401975
10.0779376096429	8.17561891817674	1.2083537357581	460.910311906654	1002.07202165909	2.69936231695556
21.5693230537213	6.68457388775541	1.63268939227801	338.647500673053	412.023907732934	1.6944291501442
