mean_branch_dispersal_velocity	weighted_branch_dispersal_velocity	branch_dispersal_velocity_variation_among_branches	original_diffusion_coefficient	weighted_diffusion_coefficient	diffusion_coefficient_variation_among_branches
51.8354360274219	13.7087287251281	6.62248816498369	3592.40720725133	1800.5610842715	10.6289030813896
28.6896837060324	14.6131655791028	2.37305224478548	1791.4677680073	1831.55440405964	5.56219214359875
30.1146409315677	14.7311814073607	2.01040172508625	1688.4316723513	2023.0216084893	4.95063157086564
41.1661005407598	16.0413154318086	3.86304355976628	1804.88883225392	2142.50239919935	4.85730658516935
27.3498765515142	14.993504974465	2.62238217566546	1937.11106480061	2198.17819304424	5.177990602589
38.5728348113876	13.9707785415498	2.88101465391531	1490.08579366931	2425.8928619732	5.34294352372658
53.0793655255628	14.3954136216701	4.79575401169866	1294.35658907675	1851.15816321887	3.83439941584245
31.1638235707494	15.0211495766621	1.99673899232927	1892.86622978381	2332.25087323104	5.50557418236717
26.4314105764083	13.9283416481027	2.20293860910913	1363.24628211179	1862.76369313898	4.0171718671821
29.4654193455609	13.5442414815158	1.62642442984446	1223.76291907265	1613.0989503851	3.42486784347935
54.2349214681528	13.0284727068903	5.43463176621894	2781.8320100965	1500.66756353662	7.25457158440418
27.5198859512841	13.2988065843658	2.12238452906723	1621.21527192855	2380.17549390792	3.86399146697179
62.3863042208213	13.3564010946554	6.5571811961795	1996.88765679401	1484.44960789146	4.14809159287264
27.7380737582241	12.0137855105276	2.17753249554847	1134.68466686927	1574.91100989523	4.44725896264215
37.4778964548922	13.8442995197613	2.6349725496301	1374.73478289026	1596.55913550722	4.38074853403833
43.264145813148	13.1769034959397	4.69070423997588	3735.81987120809	1953.71661822359	7.76435143896422
37.3477343933635	14.3090354041599	4.97587293128709	1231.82887423959	1784.78735564139	6.09920921736369
29.9592361533994	14.1086676545932	3.85546775570332	2023.89874734082	2028.09190393883	5.2934098128581
39.275168487803	14.4659831566835	2.30225764781344	1707.10420153978	2022.85834856998	4.11853469018452
51.3040916953907	14.3698817362668	5.48210594859063	6620.47196493598	1906.04616591182	11.7784125876463
50.8098108365748	14.1159816498672	5.75964452345614	1332.41945040991	1699.50138262536	3.6956937109689
38.719921295305	14.9586069537591	2.18537990059001	1807.80245374973	1724.80903583631	4.86267063843937
33.6589591513322	14.6304354732788	2.8693091756262	1287.57302957557	1804.51383595371	4.80660458373931
37.27340576319	13.5389906773509	2.4784995996589	1672.99286284566	1549.20025138719	5.05311313957141
34.3856618098928	13.6244948269874	3.61145486525436	1439.94943436909	1566.04004641773	5.42455008512756
29.0986467594491	13.0084097936342	2.00483565989012	1404.16408244947	1803.27295734601	6.31226817556555
29.5401029441469	13.3848182683614	1.86756664220436	1484.5695692927	2125.56753774135	5.49687196650623
24.7603715313288	13.5875710877481	1.64718161394246	983.55676641452	1399.25311194639	4.05936995311238
32.6383098746606	13.0099522532005	1.94088231717337	1651.15956827474	1803.38318352854	4.46031986744862
41.4004552282936	13.7223175961214	4.4398395642829	1370.31522662783	1734.11477966681	5.26906535743173
32.2781573057781	15.0616031204657	1.96931463172606	1840.83149256605	2071.76122552046	5.34030147481062
27.2540686992779	12.1047940293797	2.3261409487182	1276.07129352556	1632.63498581727	5.32320231007758
33.8872619097564	15.9911355280114	1.71965360110198	1576.91021470497	2463.70560903375	4.0597633165037
30.7264048984637	14.2508651195052	2.90697359443115	1418.87454986272	1973.46569818391	5.01095675803599
44.9861619501581	13.6454072516801	5.16758332400342	2794.18155369714	1861.47732101362	6.31295862451904
28.7760980048464	12.9914521443654	2.7550499493912	2109.03272194131	1784.96128641571	8.77741280120677
29.7954625209317	13.4970548237629	4.2693440957774	1056.71222893954	1833.51368138331	4.04632114905574
85.4762570748473	13.9511062092694	9.3353561553747	2123.65307888939	1674.52962642868	5.88661264274889
27.6867416289093	15.6038663071008	1.83297871913122	1795.12101576645	2681.77483902574	5.43181321295254
37.4165040799428	14.4629636432212	2.87794090743134	2019.24372486382	2004.02126000167	6.69896395302128
36.1572166661303	14.2657502248786	1.71831208635373	1341.66013738158	1725.3744202148	4.39350418959293
36.8662594398305	14.2873534856742	2.78768212284688	1756.50768915406	2196.81576819495	4.84472722378877
30.6982935364076	13.7861726626529	3.16220482153673	1262.35623709765	1600.2642119625	4.27394202908588
31.8398268497007	13.2373891107271	2.82186147432997	1455.3581984546	1427.56888869019	3.96994230321538
31.8699943093172	15.0714952028535	2.58545231924765	1798.60694830689	1840.25700702746	6.33869339170895
32.1626459191041	12.3961067102505	1.89151561908259	1512.79242486007	1511.81369401516	4.71068417703522
46.8158440821743	13.4739065613798	3.15695254243739	1662.40660471318	1729.23180532121	4.66547134544605
32.7865865666467	16.7099698148336	2.69545508350954	2767.03251946309	2684.40903871335	5.60227238499196
36.7052669103797	18.3568352620674	1.79644782349902	1884.99110679531	2572.87793882295	4.10655833425229
27.2490095951658	13.5284030701796	1.84463322968632	1235.87471172662	1680.67565985499	4.59915837983049
38.3480655913378	12.3326075774246	4.03444127009099	1321.15302627291	1408.85200688742	4.88827040771869
34.9124966368408	13.4641919325149	2.90454022068464	1492.62340480368	1735.18303169749	5.42642001209251
41.1286792850966	14.1903047308223	2.3635138015929	1918.15054052862	2093.12971798654	5.24413083671015
20.984849450199	12.0390613306718	1.85628367193525	1005.73174304487	1574.10742502613	4.09944834365501
35.9649925926129	13.8095899420972	3.85583490825778	2099.15587300194	1988.5276335117	5.94417761359719
27.6135691228841	15.5406299647107	1.82915773800217	1539.1713780688	2110.32237812908	4.91450991244867
47.3875766827496	17.2418683813964	3.20030482257758	3118.52312580903	2443.20718894027	6.57300008692481
34.8344342471978	17.3114948167341	2.12673834504972	1544.40787031302	2383.69375801573	3.91395766997958
27.4080283240546	14.5780448016682	1.82704997489327	1546.25546894607	2246.70180573471	5.93366887243787
39.3896275794398	14.7553027563555	3.14298057284837	1297.50094172551	2114.08968935512	4.39959792845311
30.5505312624321	14.9802680454458	1.76428285133111	1318.08969677648	1669.32267589334	4.09493925393908
33.2886395534316	13.1299113989509	2.62266864966888	1137.86161796802	1591.52760581858	4.04519735480749
36.9234303081063	14.1608792705546	2.84522003408724	2511.05457295419	1671.20161635507	8.36622995943724
22.9902537797988	13.6262703782727	1.48053101954105	878.234565327247	1738.61629077443	3.72673095535104
34.9468910922643	14.4003758077545	5.24698491073272	1134.86530216512	1766.09136279784	5.10718985941495
30.1667362562996	14.8815323979017	1.89253819281397	2015.27943877366	2236.22921311603	5.33407412986339
44.2027430168063	14.6929817610477	5.25074828611265	1822.73695217143	2113.17861163143	4.99310023845832
33.0445096083305	12.0569630882882	2.72332355673139	2125.19718291434	1653.47083464323	5.93986195733556
20.5268785278237	12.2198677470959	1.59620432602375	867.510935191618	1512.6509758577	4.03307581871086
26.3755781760915	13.5566995142298	2.06734800197745	1747.96843713666	1719.76158657485	6.48999140136276
102.376263259778	15.8834516506394	9.9040051831218	2069.63756469282	2439.29668355304	4.25506293367702
30.2239143496028	14.4156570643618	1.68993045050808	1415.71991333691	1634.09948985813	5.23001147378151
31.4872881348308	15.4781638956173	1.79269039623928	1619.13393126982	2256.44397506746	5.19897720336174
36.82205301749	14.3005320675199	2.66275098798684	1862.71100571774	1739.75306709416	5.13593260036603
42.1592477059377	17.4277696032581	3.36111489910944	2136.34247397402	2499.72472261046	4.67183648564824
42.69653945502	16.1485641585484	2.77191076345187	2383.22980015196	1908.85018253681	7.59060143766111
33.1440423279678	15.6180724954989	2.54553732218743	2990.35479046105	2194.73792244934	6.16436121729678
40.7558721663124	14.3997977661138	2.9438525181039	2224.89856404918	2051.02018034427	5.76792035469266
38.5797807679879	15.8833693057988	2.31037414421514	2468.44558062899	2319.64498457538	6.309652928083
41.3805882720879	14.2994091007131	2.58358851806488	2258.15091881095	1675.82316357593	5.95034130073579
38.4539986083936	15.9812036254052	3.06052539411534	3204.00682946709	2221.70537260702	8.09924242596717
33.7333533277686	15.0179330263169	2.53405882115034	2039.46633931604	2036.45878366951	5.67291950014308
30.708526270414	14.5399342004529	3.45996695875113	2016.06978869486	2184.77870309652	5.71253617250295
26.0697347080102	14.3535536182376	1.78038005771543	1215.423613716	1705.14824662154	4.44388798174126
25.9534961526083	14.0832661590882	1.94028529627179	1495.61549176795	1928.1096143909	5.68890779846765
47.8210929167587	16.6771885521292	4.25482408604392	1439.7631958256	2469.1737630987	4.63874252591643
30.6579418012696	14.5557710905504	2.76106475955294	1497.93497280149	2020.90805654783	4.78304908742873
32.8180863518166	13.1719844141326	2.19577536708371	1814.44407650094	1718.81110471044	6.23249582305914
45.4954917861969	14.4847309390102	3.91201553701135	1304.99848720117	1860.2692374483	4.98683628577948
34.9603455434501	14.0092390794918	2.21873667593307	1441.57396540885	1840.3300166096	4.22613159433219
39.9623364090643	12.8137954948991	3.72976832783502	3424.66603772591	1746.33170684355	7.34073865451212
48.6285076151196	13.0992200411506	4.86741926956859	1158.18683177051	1732.00588826747	4.76573255714599
28.1480236321927	14.0390737599121	1.67119127223073	1263.95969846568	1963.03582747251	4.36111373395158
29.664484145608	12.9264418906533	2.43775906299108	2485.37594127118	1559.1769890288	6.79065794739292
25.0330860040224	13.5742068072141	1.75322952823532	1361.23889948596	1886.53289078739	5.40475770143384
42.5960678975172	14.9612542100794	3.34711941442079	2406.51385925871	1848.02290421329	6.09173353110166
38.3183737852295	17.207142043565	2.46783829574578	2682.47789732425	2284.34287239829	6.93208291592287
33.6294041980375	16.1099392196032	1.82238097080485	1581.66604629116	2370.76045251026	4.3011709352858
36.8668645402848	14.2406119621291	2.7291997796991	1808.65626726754	1562.75493367063	7.98655353841291
37.2317333264558	16.28168381058	1.86402329034995	1427.05552729708	1994.48295383207	4.1338913063451
