mean_branch_dispersal_velocity	weighted_branch_dispersal_velocity	branch_dispersal_velocity_variation_among_branches	original_diffusion_coefficient	weighted_diffusion_coefficient	diffusion_coefficient_variation_among_branches
16.9159331349401	4.4339273434234	1.45907585298427	192.30072919551	227.172575916831	1.95615104203625
7.30596447906333	4.51588813552834	1.11454993397584	177.034377581456	146.028418382926	2.27131529984146
6.08852655133169	1.73171873981942	1.40221748076898	46.9097210908579	28.747938419488	1.48180275805403
8.66552383626011	3.94421632489561	1.42540895015249	135.747709213956	104.971749560132	1.88136659000136
6.48397930709199	4.38211332846552	1.96363150010015	375.194911084495	251.674122125922	2.82168680315625
10.0966792033742	1.73544721197748	1.77847023443517	55.5325981584263	12.2905891225056	2.22674628061996
4.42433693466524	2.8506936799726	1.02815698819486	59.5169439066942	110.575159569627	1.81015919870023
7.42056023826909	2.37674715754163	1.79723497820907	143.950023802491	57.1690242070533	3.10575847722158
3.03194207765303	1.54293625473613	0.962258685190267	24.8117286025645	16.1664273077486	1.55411351875286
6.4193107954974	2.55292907191519	2.24423754740694	83.467182729721	115.88784328008	2.36211063175085
6.4882564459422	3.2345031109333	1.10186463522909	116.966746199388	179.560584123391	2.52583452287061
11.4569121061486	5.268234502652	1.75705782615402	233.375480870113	282.682902181404	2.01948004390883
11.6420385198807	3.92010817651725	1.46901763069311	221.615142681243	116.739781528526	2.28664786545008
10.694407124744	2.25347809483528	1.7284485351068	124.810042699297	24.6525832342225	2.41414326684132
7.60960575969466	4.88844212536872	1.43550720282575	280.805582747156	240.637500203733	2.22786699252312
8.26584036041261	7.78132712667802	1.26483352225298	609.622478887519	926.215796545172	3.65276927338629
18.267344775273	9.61160181313844	1.83772636295675	1060.07060580483	1468.35381855944	3.80910310130573
25.328266718989	6.32014456864018	2.49158283575092	506.231365249089	605.602474863651	2.47572415748366
12.0164053947687	7.11905057447189	1.52221089912708	658.135203300195	888.193060063773	2.9356830743363
6.67263010717668	4.39511539096885	1.24617066691734	133.898481355481	169.243090753082	1.89007151343131
4.43079548999314	4.68213675839218	0.96804345039101	152.055883251428	328.915130507809	2.3938883949593
6.17595666715758	1.20384353909825	1.50471840258395	32.5273970198088	8.41313304663851	1.81504893777734
4.1605021028238	2.30248306333632	0.993363380580624	44.9340291819412	37.311863143579	1.02623233599005
6.33175980719297	3.36337043257484	1.59029346192666	147.906339693388	161.162026616097	3.00076527320034
20.7972173357803	4.69819789017896	2.02360569154201	413.812784332189	192.596931416941	2.50801342748791
9.28418636236474	5.3761946759766	1.21594983247711	244.002205170272	219.233790971455	2.34162591645399
16.092529914374	7.52501134354173	2.44085204937932	569.1784356121	765.64508915199	2.95407539224033
6.88493233791865	4.72685782598057	1.14461371325044	176.286933836527	245.685323911986	1.5481403833259
12.9531124372597	4.31410290561269	1.56039921321349	405.092956894203	191.89144816647	3.10008117239069
8.02499673902026	3.5786391232949	1.56886627926735	148.916429052189	156.355290205818	2.09334093325481
7.55538486832569	3.69707775198744	1.22010823188288	143.386509793957	120.846010474432	1.56944689156716
5.83416264928258	1.7917661131153	1.64558862713578	66.7111911350793	20.5930281107603	2.39041378468948
5.63701082960189	2.93971811066432	1.78512109134823	176.983452912702	86.9014480869945	3.06528243269831
10.0824624294451	5.39530600821054	1.94528588172831	399.566442139527	270.027333722824	3.31253688256582
5.90398080502742	2.04008123242597	1.7497644158036	52.7028457366221	42.2305233635622	1.64782204879179
6.42290760823141	3.17573709481875	1.51416184824327	116.978259868627	110.909051250832	2.79280019746485
9.6685487688197	4.93254289602702	1.78119421000696	178.104324887814	276.364827482972	1.89949848960774
3.78198649074673	1.99345496567327	1.24711764002039	41.6996870790739	39.2060809472731	1.25798261894601
9.15142696828841	9.05767252469978	1.34421340914744	723.668100652804	1500.82457916529	3.72591017497257
17.5016117563329	5.29362627632732	2.97780496772995	272.384189968848	397.803156847023	2.15726737729964
10.9607988712097	3.30602932127927	2.33402649074595	90.783431534002	99.2664312579759	2.34559152103172
10.082740851829	3.58615458373708	1.31469180166482	148.645205912928	174.42450774388	2.5727311412357
4.4786971336187	1.771496395507	2.22714892026072	46.1333523181087	39.9206864893138	2.01580978569253
4.88744945853347	2.81484358789321	1.14737971260093	64.5983123903887	89.8348927829378	2.11710149777037
8.9856643692447	2.70758694176164	2.1534993280889	230.7309656921	55.6308398030655	2.58941768055506
2.83975224088475	1.83108420272911	1.15242291525864	33.0645856858796	34.6415543177784	1.82499904427217
5.98405840510273	2.21370529117267	1.48937788174319	52.8273575497197	26.5483557545281	1.96676307710901
3.14408265185751	1.21033273923869	1.50505976454068	12.2816977605551	11.049328337912	1.07444177032109
4.24625626563574	3.3576518943364	0.839479829579302	76.0455912087581	73.4937044175436	1.49982280131109
6.4932141946355	3.7657737086002	1.29096562101906	154.526746221308	156.331008323709	1.61489269461
13.2333547254803	2.12255083937688	2.43414073191162	97.4053084800317	31.9565279289365	2.40987705412457
16.0502823088298	4.42703755115758	2.46132777419395	202.11828039939	249.311094477493	1.84026835358882
3.10232714506617	1.66739035164454	0.923925341780551	21.3513905169381	28.8093700903809	1.26240205074787
10.65423322354	3.60103740789971	2.96505587369811	146.135851305969	135.597176823773	2.29786458149534
10.403584703863	3.94023657695393	1.65651463381496	194.305876655727	169.345791683337	2.14028366502123
13.2191993299944	3.58199665150121	2.42978281498572	175.066774049746	129.111133728551	2.17182566112549
8.81510921502717	5.43529196400871	2.23509510030901	347.730902005298	397.672503096024	3.28929055380964
34.4882770602905	5.94422263439988	2.83427789169437	523.498209609543	378.143627253027	2.31068095193976
10.5642791476775	6.19890728419015	1.56442701560575	447.54100847212	780.847422005358	3.7329927507094
5.80754218520409	5.19144900038376	1.51849543463288	292.876457662711	336.555246614657	2.57846162388485
11.1507355134194	3.74184985356683	1.94471614367164	157.132611395026	206.136081065755	1.85257059731946
5.00568699444494	6.19125895337033	1.30605437212311	428.417758734683	1037.63172341672	3.63853669259093
7.68366279523983	3.43429188616578	1.46175493856834	168.181551547561	139.225999618026	2.5463746763917
7.26116647112821	3.29097243708739	0.887671324346274	114.567654097223	121.767107709439	1.56766411661028
14.7864470974656	5.29132901692431	2.6239889044002	210.216180820896	328.046492506815	2.04338430260126
12.478339307347	4.63704697091488	1.63536296611997	345.219576180329	238.875548536066	2.64355910708599
40.5362013964	2.42655633506753	3.98292452640839	1590.11123010429	51.7996407089986	4.46082019075827
10.1516046541893	4.92983348902979	1.84289765491364	291.893438763345	317.693751874865	2.52554896063773
12.5632962979082	3.25568442838934	1.80642449652055	152.070227392043	122.489275349846	1.97533659421258
18.1940308500674	3.03383673457688	2.86216673688716	178.609923763126	74.9146450517436	2.42485773499291
14.9278275678376	3.85518400386386	2.88388793093363	141.208904082279	169.816510711552	2.55230438765
11.3272096004043	7.84287045468758	1.60586551337407	763.098870362004	1128.84174044848	3.72517075047984
28.8695067567228	8.13951020591785	2.823640568807	582.515678532225	626.218503279109	2.27670986086498
18.3273648779363	11.7292424298179	1.47511167988073	928.35197170102	1759.11887709634	2.93782455491634
11.8177552042399	4.14945735455977	1.62610853286313	182.02421631266	245.1344925401	2.50166466930987
6.25944440189579	3.62845567750724	1.543361988742	69.3777832609907	110.235756370703	1.53009622968276
12.4474835012676	3.39489379778073	3.17506283159336	160.113918319189	125.90882007468	2.45485411102516
5.60007772056004	2.31150854988436	1.49792568605443	52.8715540659236	29.0953012832934	1.74814609110565
9.98413622806655	5.51819285300737	1.30869438014837	297.19026267073	234.409424649068	2.73205242988507
10.1194880337265	4.80997829564073	1.51454557257273	219.681688433579	208.251596299721	2.31041013626814
5.78797250992524	3.62847271924329	1.2308268313889	188.596468565548	147.663547390725	3.01031503672089
8.94374922010703	2.68590735659167	1.61106850663916	146.245022914766	109.706806978247	2.92714220090612
8.92893980087901	3.68658331105208	1.36736653056049	189.23197790519	171.662991423005	2.78301864272726
5.47318039937425	3.18535415798394	1.40191303416866	105.766439933341	118.662146262558	2.15755674465385
5.19404556101056	2.51195030865898	1.24711908560931	51.7820020618646	70.7310711495321	2.10041356066478
4.52603842969126	2.8785043992911	1.19389496262108	72.9261488870062	69.8233848112152	1.98012249555786
5.60292766562956	1.7353539745162	2.0359353780418	45.643508147251	19.0608299199606	2.20677123888394
6.62005959878613	2.6623437884938	1.88262453148203	59.4153904580536	50.8316078053926	2.12090727152716
10.6691379830621	3.12095314984739	1.70382635920245	186.046799029219	99.802342790041	2.18963966516963
3.8324620666702	2.39186352917957	1.14871353889457	57.2507775519883	63.3830185913408	1.83897673428076
3.11455406038971	1.66213813351804	1.69401475202021	56.2800156506425	28.8163205558036	3.44750728418805
4.74548648795884	3.08993663315697	1.37851596893414	80.9016613065863	102.925864655152	1.83855169419513
2.52466621796857	1.46023224088785	1.32652125561045	20.2977759873103	26.1869453455256	1.50763970209466
8.58855492834283	1.68088995208208	1.69748944835031	91.4709480885851	33.0765164063974	2.38749449667543
4.77278458310307	3.78748374108804	1.03474421678587	105.915067035648	161.508919784331	1.6915063598953
4.15320826319256	1.96591003773443	1.43055158672681	26.6234759331347	22.152507984683	1.16876879451508
7.58778598027125	3.59353696625647	1.65572431550873	226.109157602738	100.102280797494	3.10447100580681
5.56827964839454	4.36493126657541	1.35453803181016	164.009000240884	282.665717936862	2.33019361216056
6.66074226090494	2.66341514572387	1.82747483431572	85.1981006750777	70.20346687261	1.70464625902655
2.906977827212	2.48231561716411	1.14421663051906	67.9194827122902	132.580943088807	3.21744261113664
