mean_branch_dispersal_velocity	weighted_branch_dispersal_velocity	branch_dispersal_velocity_variation_among_branches	original_diffusion_coefficient	weighted_diffusion_coefficient	diffusion_coefficient_variation_among_branches
106.972976367215	6.5988243284945	4.86308701854273	934.536303942413	866.337731501018	3.17580191156772
13.8402617462277	5.98221024736805	1.98405383164183	549.520468252922	777.42595414247	2.54240639269213
41.7408233341965	5.03999622966588	3.44454873567867	625.14081583816	717.598600772223	2.57293173253567
10.0731148969488	6.19025341219954	1.63367567242733	594.665473511796	930.68571411739	3.16063199837968
8.90335076536044	5.31150097756814	1.34306348383565	529.785266051491	630.469399452721	3.1842181908735
14.7663832236617	6.7586218563131	2.47469709000454	842.594023970867	969.7696421343	3.34902373243607
14.4281820579294	6.84140879866076	2.1240224217809	614.660845711129	938.375090324113	2.77581689143127
14.4386784364838	8.57212169840199	1.27603754495325	676.976669672506	1223.60674735479	2.5704090832385
17.9639013730883	8.83035507429752	1.77414839732435	1027.67624179826	1401.49724374465	2.69788883300324
32.9112810463489	10.0227372290385	2.80011181926604	2170.98060480365	1505.77606862006	3.32260384617196
54.649799745133	11.3066668714593	3.84789083917522	1941.21872085621	1729.88211527399	3.33792437584657
10.39566399071	7.28417370460675	1.40103446022934	638.326475555597	1032.30861175845	2.56050596036575
9.56580563508181	5.94874052430247	1.23992721008857	402.664721436262	638.72940444455	2.46448330369003
9.03762291832469	3.94383093410477	1.50451706245937	252.308281382402	198.353916708098	2.61258971205397
13.3380588825004	6.46159424695672	1.44333677902751	646.436946166476	669.560395393412	2.61806800421984
12.783057262841	6.32054771556442	1.60165009577977	613.667012113986	695.058732614617	2.7371432741457
21.541667166484	6.33159415391858	2.39366030481646	1182.35935254854	742.956979885782	3.61313555143936
13.2196233532335	4.76345518624225	1.97098587547855	232.342868352001	272.094492785582	2.29663776543485
14.1337302529144	5.04337565685956	1.29411838304374	452.278951709316	517.979609097557	2.12753503056601
12.223023890914	6.09002823346418	1.41500764613008	494.260948740897	736.528761375273	2.58904733232532
14.3506397989871	6.25090487723347	2.85324736467043	2559.34424684695	1030.20277513012	5.37814758786149
10.8903628882929	5.450838153771	1.4435920821443	418.079948683879	569.495063960624	2.51803898852351
26.2752280278234	7.25251071980629	2.18354346713244	800.065087221256	924.528666678279	2.38199260031014
24.6836768149382	4.45235334038338	1.86846316374907	461.493069121172	224.661318420885	2.16897546470113
16.6345580781687	6.61118786347223	1.62193847945383	1088.33519797467	1442.44410615926	2.75505522134269
24.7437180114605	7.52296431299113	2.07138216870598	1004.09390727263	872.406697859341	2.56100246744588
31.7422243214302	8.7556697045579	2.98090186699372	1085.4549329786	1121.75202375014	2.6489951016839
14.6605245143619	8.83097955194131	1.53772561518944	787.425774559295	1156.83084751384	2.05072451464672
17.6846713583428	6.55829263671589	1.71422053268101	539.953368055918	830.614868001741	2.25908810429482
15.2739934757182	6.36532191092403	1.74449521294355	466.049065987923	771.872645512222	2.78210471230634
11.9280113705678	6.32531956984942	1.76951049911247	587.233288004458	846.593124794582	2.28352921160274
11.889406785762	5.43162637985322	1.65761571388195	626.93524014257	679.7641932502	2.93058514106344
9.38531172541659	5.65366639164717	1.3903997148028	522.582469626812	709.454962392038	2.41080307140449
12.0919852697438	7.75372540079038	1.2949898163949	631.833952476219	1223.84942748947	2.32661035924651
15.3923635029357	5.63982540159183	2.03449898906428	482.545719582205	691.889027812345	2.49542453521099
24.1495592650956	6.62667807524443	2.38057673493657	615.703248644	941.012934166357	1.83229353671353
8.27881285116493	5.9749124456972	1.48870656721308	369.617282242111	523.181756539754	2.46075334820637
12.7029021771212	5.18042145811473	1.43402832425504	480.577221521542	584.344419916834	2.22853058728513
16.6870360818865	5.4665284718874	2.0046219456593	617.759871038175	672.799741713826	3.02479784853986
16.5657070318145	5.70815795182826	2.36672286175027	499.355984077384	737.433640829532	2.57716390530701
16.2389893386006	6.63044097766784	1.7516936172103	662.413002821975	925.62497799881	2.74970657815234
10.494291529063	5.32148388509468	1.15617495045278	340.718349978946	536.565414768414	2.03119450835265
11.2713361865302	6.22130799173329	1.40386353670568	615.23601482856	871.743935555103	2.96959987299599
15.8560579611822	7.18081031887858	1.92108985065003	563.951234872032	905.315215756957	2.19576674902024
23.3156531552988	7.15952403571354	1.86671489996309	776.282770591699	961.897894309531	2.41037567898381
44.6034606261411	7.26169080728974	4.56033511496303	727.057462393051	976.452297029787	2.3380919748607
14.9388082116958	5.8212196564854	1.81338420767363	581.347146808008	755.778194360246	2.50268833042909
10.9077299964233	6.7407364733239	1.1483398175256	541.126393637297	753.183080030401	2.14931474029046
22.6999684837308	6.92730959390777	3.3166844243469	673.167487447697	940.613900632094	2.13032424117776
13.3201274372481	5.95885791855458	1.81692336670236	509.194910872798	979.672008839055	2.84485418517985
13.7008961850903	7.99406377327613	1.24831832922164	623.532810931233	1043.36946642957	2.1465221564631
16.763465218346	7.85501362675408	2.08052566960885	914.821844495534	1274.97566833125	2.38245422834797
15.4522252418207	6.41141753405495	1.95074725723711	650.317265832145	934.972664784043	2.14624238194743
17.3610528900827	6.02460386559047	2.32791011512553	842.252929262071	624.24027578104	3.13135877801599
15.0481173422526	6.15561716334358	1.84371546527214	405.934971939525	641.122601006488	2.27969278850755
12.7655079022205	5.61373052605269	2.00961240553417	675.161817647209	758.322670108039	2.79810443554323
14.9850036430903	5.48965974945239	1.63607947139855	500.189157015099	609.504727853266	1.99796873955521
9.81636794729272	7.27979771858076	1.23701740940266	514.271521566367	1125.40156414323	2.57056928246237
11.7837142694752	3.89467146783828	1.93640053483178	576.953485385796	255.051524873428	3.54255393108529
10.057579384798	3.95488045447775	1.02358165648155	218.578191951015	218.760876079705	2.21463808788948
18.5243713991385	5.54934193723528	4.18587545058931	1815.37933215739	619.488090692901	5.47525294983148
10.2004910282659	5.7027684067165	1.67430503295257	428.935527725328	672.214549620409	2.40413179665392
13.2960951558039	5.32465095962484	2.58733955302114	803.12491097821	631.093748032646	3.78019663048378
10.6686761432316	5.96810304334807	1.23634113022535	474.991459059986	829.402559890658	2.32171973222704
21.7015944803057	7.29335232918688	1.68600416352998	844.708594352428	928.026116189011	2.45789652808446
12.1863457692609	5.79377250432873	1.11207101629209	595.317326478964	852.211898547341	2.85173267064528
15.1231034270366	6.19707876367664	1.8470509695684	739.646430135355	835.500464057557	2.54740154751061
14.7035008704903	8.33026021158778	1.77841483135208	866.515329109644	1074.70121017537	2.76283403299203
17.3078761992794	10.5694836415425	1.19303333131463	998.43431483007	1617.58304002338	2.22662208187479
44.32087681281	9.16081006051075	2.77736178232624	1262.95440088114	1243.89845735049	2.47078250399287
63.7037197849627	8.06843361792828	5.18739109795614	1971.57626984661	1055.86460978891	4.17078208835228
17.4658977167619	8.02164680976177	2.15271626605621	1075.2713339259	1120.86620855035	3.01872202061764
45.9716675087967	8.891025449615	2.93114646771282	1372.86838250984	1378.07805941052	2.62514496515155
13.0880851742668	6.7150634579863	1.7429444309421	592.565527771837	890.502293093849	2.54583761834958
10.7378118687458	5.75996767610249	1.20395629922732	495.322065012606	867.023841655978	2.36765858498509
17.2407130336037	4.83109812550369	1.95779315301717	392.531049214754	466.489320139299	2.16220258972749
23.0577924372733	6.78202865005908	2.3298741183932	880.176634230428	884.767643904325	2.38356225035513
22.4568420135129	6.6572946788188	3.04161358634999	1186.59274836672	890.956339804828	3.98687601607395
28.613007315592	6.26673766213149	2.37206489722839	1019.33540800029	735.376604061207	3.0739407311785
18.726226394789	3.54313866392773	2.5649780171775	705.614074650225	171.695455426747	2.97363954216508
14.6631405814205	6.86165530825003	2.65528702549244	1064.00655526327	906.575622491732	3.71123764487219
52.5719541830299	6.30826690466466	5.46432688886776	1558.84571811166	774.297137815004	4.71345489867242
17.4448476052567	7.28300117387647	2.86617752499791	2279.97816419001	1031.06169799844	5.31871957328679
21.3679854226646	6.78808340767702	2.48010905143982	577.766924497336	954.089603827913	2.40978785218612
16.0947845326213	7.88924854239833	1.70843416421157	786.892124251689	1072.52285239594	2.65406834360963
18.4347777779955	6.69032185058553	2.33956402673264	536.352132169434	847.270391445073	2.25064167389966
12.7546195374665	6.61486529020815	1.75908717454391	565.31834861746	804.856569343864	2.05621226422053
8.64405093030866	5.89419431543458	1.29518987805822	556.906135434822	757.87961578991	2.69228126580205
8.30061818474016	4.74356578041801	1.39943780615662	488.364568386689	774.790948919421	2.93389885109255
20.7040862950254	4.98600707964207	2.43722037132125	1069.05807616143	384.081676686745	3.29081063897149
9.32918900265947	4.86486713054314	1.7659866656619	505.403277226349	543.627045027896	2.61724744311712
16.1847844248791	5.74971308930696	2.26354100148744	856.294460419098	751.721166313615	3.11338746488971
20.9283415950279	5.52049002604932	2.56802295370243	587.072107608993	698.697757775495	2.58194858436191
12.818004153636	5.95782940726726	1.52375914573456	540.352740147293	674.20016591904	2.79957508665065
12.9096818845589	6.2634969849144	1.33335334830752	474.074066336487	682.64796648052	2.31498157836277
11.7328984442916	7.76220209356946	1.19908880073316	654.951085586973	1045.60311922571	2.62186985821011
22.6694480075431	6.53461301427379	1.94121623209351	641.213117023412	790.204604477708	2.36164217584867
16.0058608993808	8.28680211412198	1.57546466740051	822.047328847266	1446.99311524624	2.45150761691128
11.5818874988561	6.47629935323419	1.5429706217475	656.366492141469	1036.04713122383	3.04415336632903
30.6831847777486	4.8876009102451	2.22945496537634	504.544227137888	445.926134887945	2.38147362636153
