mean_branch_dispersal_velocity	weighted_branch_dispersal_velocity	branch_dispersal_velocity_variation_among_branches	original_diffusion_coefficient	weighted_diffusion_coefficient	diffusion_coefficient_variation_among_branches
56.8315208416744	20.8984058518094	2.63651904721452	2244.83168953766	2825.82225164183	3.99899427444266
61.8058761716634	23.6261907398477	2.37684740384515	3351.3903521154	3491.18976937414	4.69711456883285
43.9571308950125	19.7106396196631	2.47702646178313	2352.49555359956	2833.73137755286	4.98457484976759
53.869116107891	24.0124507010103	2.74398362988009	2635.1935160436	3567.14640600169	3.44750658490949
38.8964599384292	21.3734036576407	1.87025221896931	2846.56844926783	3887.1614415835	5.29408177492552
47.0338645214493	22.7552302755376	1.8141951207072	2335.36657037215	3972.04461440658	4.15201729649705
37.6582649627298	21.4570813997409	1.96896035823564	2107.91941918656	3180.07872076801	5.24074131179317
56.8881623842788	21.3474207331725	3.25575188737747	2393.39209055911	3051.29835593763	5.33185775320703
40.9978636280336	20.7940496292527	2.01532185522235	2944.99356692526	2976.72654039694	6.84116339536647
67.0421395574132	21.9279107791573	3.089039624326	3008.44062313048	2816.41685049382	4.99257926307371
58.2268404011902	21.0494352089172	3.65226578658681	2308.50003274013	2750.25717712775	4.64398795432456
56.6502059334761	22.1276565994404	2.19860802802451	2328.77303429272	2808.74184832143	3.82156820084941
58.098652562164	20.3244400120053	2.48513362729118	2716.2106696007	2815.20199205448	3.8979675415912
45.3994074107337	19.6883271519281	2.32934905526599	2464.85280016492	2872.9967412667	5.45423494524309
50.4478738592329	21.8593743722719	2.06948980498262	2829.4792257382	3327.84561194541	5.73614665424079
37.5794340757876	19.9714550716054	1.87993487944058	2198.60583512091	2825.04008126459	4.93069957233054
45.6062374683524	22.1424842779231	1.86540561829775	2473.70714319104	3332.80504948063	4.83055712385
44.4253159043816	19.5261557888835	2.1448658707955	2044.51269171397	2717.91184789581	4.29182473036294
44.1330116812394	22.2988181856877	1.8814485259958	1923.01483489494	2995.6918549325	4.14606532511091
64.707047736772	22.6036489970506	3.56748823488079	2938.93410921131	3458.31320580724	4.08800885082514
55.1808430803711	20.4707164567905	2.27831338535162	2199.53726848684	2797.33553283606	4.46993130616629
64.2278269013165	22.1357781526584	2.39163777951855	2899.47781099781	3192.1504932659	4.32654349533194
67.6056964467702	20.461853391321	2.7894286804006	2255.73966139567	2925.91373530582	4.23207971334973
54.4866017847986	23.7599056049963	2.08682565622928	2914.83041454291	3255.46676224243	4.5612214791675
44.0298815765099	18.9384705937032	2.54253036718025	2117.18953904501	2606.96544363423	4.80384652285758
49.7888071043833	21.7999212829312	2.13361889840627	2781.95735541949	3119.08314017602	4.93240895523206
62.469422211238	21.6740280185457	3.11317568069088	2231.95692512322	2832.71671373973	3.68801956909413
44.1606839301601	20.0518985836988	2.12984449346496	2232.71550161629	2752.24009193847	5.79692119757311
45.0113613712079	20.400159559911	2.17884827113311	2267.69852505311	2981.27033953785	4.65802086069992
60.1307733221429	23.8760616244503	2.06054021897348	3042.25560085538	3462.03850554877	5.06911729040955
66.8596888297708	23.2042250511609	3.28126844515336	3500.51268403483	3051.08149321771	4.81086241632131
42.8573915469294	21.4538129479232	1.85093969056614	2475.37394664373	3009.28804057964	5.26830932562933
55.3096137645919	21.1140788752458	2.35344206218588	3686.60692192863	3356.56933941831	5.62558177968779
65.8377596952417	23.0592114028652	1.97887710257891	2939.28193277972	3434.61416982702	3.95162922443465
74.8084127358639	19.1419658546449	4.63632600045772	3655.24559259481	2319.42864111732	6.51582603379078
57.0864460310605	22.6333850917434	1.99674188043226	2305.93829733962	3244.9352827573	5.26684986411238
66.0604960156383	20.6805125139447	2.56070425941602	2545.2833170902	2949.19310611388	4.16768838049884
47.5268842819331	20.9240425105237	2.10859223749259	2370.71767214823	3674.75046378415	5.40284676187519
37.9465644640063	20.6355327688345	1.68781231321609	2044.01746660972	2792.84598938731	4.68849710542953
58.6326878071467	22.3765114246005	3.93076097662558	2513.99807783227	3253.30111761818	4.27854708294343
42.1798713397739	22.4075604970047	1.55234936938939	2090.45927346667	3498.90270790548	3.86452325719627
76.6638744301295	19.8827980214772	3.1717638207488	2381.22011343499	2755.81659244128	4.31535275973479
69.683540357331	24.3099777411344	2.0359359932567	3301.45672722594	3154.60833565646	3.95519287080482
39.7960546772247	19.3671724849286	1.76697859309166	1646.5646587415	2533.6223202932	3.65673435405106
91.4937176593487	22.3810413762195	4.35279347472416	2836.85217498481	3438.53890091492	4.02294747030276
76.6688056994084	22.2608598905122	3.37530084674996	3105.81990224317	3537.49321195684	4.86062440958521
49.436924670867	21.718728051681	2.51578716946178	2602.27394408109	3542.74706669608	4.75490200355394
87.4235054503687	22.3878884080424	4.75342541948694	2701.50503298408	3210.26532951171	4.80946213503566
61.1627391936038	21.8091463662251	2.70398382728153	2734.65448459805	3052.60829921134	4.07336858052851
64.9403325680514	21.1878901303146	2.63943952498164	2870.32458302905	3172.86306038201	4.49426347064817
118.706621532737	21.1162167870196	5.53864054262985	2283.61079716823	2883.40870516266	4.51242927995866
47.0446168466038	21.3901237351794	2.53977891838284	3702.63358098519	3875.89179471527	5.43598840908072
59.1351253758245	23.2681898110062	2.62567113426749	2640.19998296087	3556.49566731293	4.23596919208048
49.0437605508283	22.3024942344396	2.37721243331182	2831.2669619845	4100.45545162277	5.29954000898253
57.489826382217	22.3252778355099	1.85245054880982	2890.38935693759	3242.68552307925	4.52233635836895
61.3203031984161	23.0413701236817	2.58411198379033	2675.73805298862	3512.89490811923	3.49222497419401
54.2083521354103	21.7154267240539	2.50604156870928	2655.67702409498	3260.47757210993	4.03268747169275
68.207991196185	21.8345912524255	3.78661653837619	2552.28570588554	2899.74341633439	4.09421659429057
52.3620010988767	21.3744531002668	1.99516625961632	2863.44427787309	3102.20259384947	5.30282689980635
60.3637758936769	21.1733153300248	2.57899834011009	2315.03992194895	2897.87546522305	3.7494454241071
53.5759580991246	22.207230816186	2.57029788849887	2148.10261922651	2969.71260590075	4.86253469282021
44.7146630660544	20.663043316693	2.13955079946629	2634.56833552288	2884.98211983203	5.6861467604057
60.8158907637514	20.7148303024491	2.75887132145313	2247.35018681584	2697.64233114304	4.69805995613328
81.7672820466525	20.0840264148857	5.48011896770118	2460.24182605728	3084.41802801442	5.49877489540073
75.1559095836303	24.0783725502256	3.52173999340734	4167.68443206633	4263.63923836784	6.06497721552981
45.092335181768	20.0052139065455	2.06497361553169	2265.62355487187	2791.91376287959	4.19842290317194
59.2630721329335	22.586762239597	2.64469685209508	2843.34698663896	3290.97099593853	5.22863231418751
52.251167104312	20.2981116447612	1.92907974726766	2653.67532376828	2691.70614618192	4.89632927905709
54.8311466533234	19.9300268327524	2.41279514362755	2103.58456575839	2893.81130571292	5.10851845856994
54.8660648237446	21.1335095660478	2.47275740244778	2270.2092042756	3081.83147357643	5.34457380134022
48.3226467786665	22.2717798764012	1.92440115511445	2050.03688929076	3259.78826548714	3.96907842158791
89.1895958920635	21.3426762537018	7.89104606744265	2457.50204716226	2914.12974993504	5.36028640095626
46.1430804792065	21.2591077632635	2.01311676055682	2431.09415721581	3365.73814604519	5.64515874983556
46.9949861569377	20.9232075475148	2.64031511962384	1928.75655648974	2601.84487694825	3.51630832256746
59.3033953322895	21.4714720499367	2.37594261075726	2128.79910559229	2915.3278164474	4.44795931873493
67.7770161478682	25.7921702953018	3.16722278382658	3003.40480101417	4077.64218499216	4.41412910849327
76.3796934733583	19.412548905963	6.19050892553204	2016.11881794914	2729.84776293644	4.55801814644158
54.2080111950818	20.0828990162177	1.92917504998748	2287.88892335854	2516.22489524727	4.92150905514325
63.4902999290386	22.3223965008727	2.50329390969493	2828.22205573724	3097.50031832161	3.5599779556475
55.434817732576	18.8811328928833	3.45170907079455	1834.05546845685	2349.29291691652	4.26551722619657
57.5381415763504	20.4131512442944	2.65555654624189	2186.44537924588	2894.30726693859	4.59293658285603
51.9930894161637	20.3279012683522	3.00244982767073	2497.44848044363	3325.15272494201	4.39144160686167
69.9156665509066	20.8615687962508	3.91182020687353	2234.8598609349	2744.24715736732	4.32636362531596
59.8880371108595	21.4336371530773	3.70893425110442	1947.35731425885	2963.02849204547	4.42140136581506
56.2085582324284	20.6975239814539	2.56262437514386	2911.5843996035	2843.26051140639	4.53735643819444
83.665807558868	23.9640828676817	5.77163219126023	2688.15458207362	3677.95735393442	4.86983849085873
56.4516466038625	20.5639618745589	3.48269184855688	1918.19487681512	2605.90321074984	4.06753081852488
49.0540081330369	20.3120067412397	2.07584152377806	2312.85644031731	2652.07115049588	4.88672464775732
52.6771615526629	23.6120623970373	2.33676419688666	2953.00056336363	3276.03118114597	4.36639955250406
63.9251525346945	22.2979775427553	4.12249970290469	2596.99773048692	3143.82346416809	4.53331738024113
38.6383778732941	21.5705177576216	1.94753559653603	2972.19077241265	3485.37118215051	5.9688992460438
51.5386037769314	22.2672271202142	2.80575857713146	2427.06622125482	3036.24876786949	4.29614237010988
77.6922775885872	21.2160436150213	4.23590093189037	2411.44500510658	2962.06735464883	5.00440968751327
55.8060242872614	20.7982700725765	2.84000277617364	2057.25103588264	3058.60890763842	4.27126114277412
48.8277059279119	23.3225061578329	2.44132384534263	3143.71694515101	3518.80483715605	5.02627578329846
41.1696210862983	18.611452695264	2.6928289688536	1880.44738611723	2595.0564858383	4.7031734331513
64.8874723351341	20.5213412676157	3.90063039383155	2164.07620972199	2837.84211676655	5.61218923225774
46.4989667955823	22.9352788034103	1.98447463539583	2765.30862668753	3670.29638187893	5.40340138251609
53.9911747562467	23.0094293077525	2.28855329088986	3567.05156071611	3488.86814935339	5.71838136243983
59.5613909432659	23.0550396649716	2.4414955071579	2932.17401895341	3249.30243123217	4.68947492364451
