mean_branch_dispersal_velocity	weighted_branch_dispersal_velocity	branch_dispersal_velocity_variation_among_branches	original_diffusion_coefficient	weighted_diffusion_coefficient	diffusion_coefficient_variation_among_branches
36.1185882710362	14.7178638949204	2.39291604312824	1988.51936504488	2213.65717519592	4.33732586791328
30.7735841912004	12.4377103989696	2.82098514522874	1174.2966983407	1819.65634978419	4.16632815647962
29.2724414805903	13.3952849478803	3.31824371805613	1324.15324660551	1881.5352735245	4.14683872468326
32.9176668939119	15.3775474169015	2.76756918988062	1459.18363374629	2077.88541275439	4.11621610214766
37.1231621002216	14.7939317483883	3.50147888527458	1918.9866156035	1963.46180951773	4.26993262712102
31.2568750893827	15.8215301414016	1.94409647602181	2711.33147652634	2839.25922725537	6.42026892458275
34.5490529439334	13.6294292116134	2.8794000043983	1521.52404413362	1915.53531842846	3.94769651232448
32.3857760031591	14.4776291606468	2.85588462920801	3271.4775965533	2003.51254871121	8.29964897027927
31.1398108953452	16.8317032116788	2.38084651554605	1910.63436819618	2603.79412872494	3.94709437208908
37.0720297691994	15.7225759994685	3.4309682798918	2061.72840905915	2272.58644528907	4.66537255392663
35.2074787770468	16.6972345992323	2.13608322919778	1892.58224228002	2500.69398753028	4.22485491734596
38.9617677999698	16.8405401052168	2.12796264392296	2219.77622520688	2310.38122721711	3.71296090659965
31.9182058159594	15.862446482861	1.74853742931768	1486.59403032557	2168.91260292081	3.60264128859164
40.3412955268208	15.6345530994445	2.17770945836699	1696.91556155451	2337.04041278076	3.71492823603843
43.9276337930738	16.7987417740819	3.50292272850496	1729.66949452543	3026.2377361135	3.50667747369075
36.6848750055734	17.7543044685866	1.92662098404197	2019.20950646766	2560.25259481082	3.95682956138427
49.1514295609074	20.9734979777453	2.44698807323511	3680.0426021115	4254.55486956845	5.37066155620403
36.4897711604405	17.3924367587016	2.35992731531389	1812.26450866777	2588.52749151486	3.35584364383376
39.2849584498923	17.7917491474954	2.22543502262561	2070.79903190672	2075.5634273747	3.62443359482653
55.1646097858455	17.2607586012404	2.79983458411497	2639.79991227946	2253.84594379595	3.80228453537107
48.2656064766928	18.2619841128028	3.34237468079799	2124.37330721837	2328.33100278983	3.89543157155451
33.3867305782557	18.4564796327871	1.60913572139365	1878.92783000498	2650.14895593569	3.54020134237317
45.8429011004691	23.3222030252479	1.72674136051109	2852.90467961002	4191.14983371535	4.30249839803693
38.6251661780578	17.1572169586133	1.91577751728705	2202.2771754551	2193.50335415551	4.75420934491019
43.0373596789875	16.0079924429105	2.23384422710016	2913.08350497907	2807.55541585437	6.0616762340022
33.7010143513883	15.360482512623	2.38024839413978	2349.16033123644	2087.53668049712	5.58296750550242
43.4993401458527	16.6195945086078	3.53305708223446	1974.7558023804	2408.31511605247	4.21593070039119
94.5861542499207	16.6717875900475	9.22759072335244	5892.92518912952	2556.4279071508	9.91420490966955
34.1316347510527	16.4836006986669	2.32810531808601	2225.24240419804	2404.33088934675	4.40882625712301
38.7328913917997	13.9801907731782	3.67028201530532	1725.95545911327	1817.67633624459	4.14202438679124
40.1385187705921	13.813853641377	2.78736567357243	2336.02166548952	1948.17924932189	4.43980978002954
52.6712844793961	14.9743879338516	4.27087069066634	2368.41505500769	2104.23826986536	4.79837097738121
33.5131028270527	15.9878036332552	1.97849909027107	1732.72001903006	2102.19233407432	4.26697017705764
48.68152476152	18.1841943435593	2.64713974768523	1820.1006697148	2447.82992340086	3.46001040594065
40.2977484770393	16.6251519914663	2.00075590303633	2100.94977715268	2155.37205878074	4.48749360487925
54.159616799737	14.2666956535738	4.33343138039278	1852.02896502223	1754.96795272007	4.49209536176015
41.5390218832435	14.3807188803905	3.69782249304729	1768.57371915882	2048.95960111771	4.14286872621012
45.4796233284706	16.5528552362644	2.70812903551844	1825.28102448061	2400.72020358786	3.66934364530233
61.3924371554614	15.1716869600528	6.31028686023451	1630.28659012058	1904.4621428406	4.2782047223161
29.9557918215415	15.2330688742436	2.31716765571974	1831.82260909259	2230.10504826494	4.8652058550394
30.6367836148725	14.1212908604912	2.51327280468228	1401.08427674984	2081.91687686139	4.29818229743162
68.2268283212281	18.5144613290002	4.02639173427154	2428.57968771301	2571.54524841461	4.04674865892353
30.317828357807	17.6238257055232	1.70009216702638	1804.64622400128	2716.57914338706	4.48266294853282
27.528187482216	15.0034681054883	1.87207652980554	2077.8417760495	2704.83775170634	5.93632632152458
41.4322051365875	18.1739265681471	2.34587370013139	2418.98818965567	2646.23617183274	4.72810252155225
33.8111981151037	18.2450697174217	1.80429112834377	2156.80401601889	2529.66060662446	4.18081494591371
31.8601184528956	14.5512153313159	1.93514986558124	1641.68024427663	1860.64079433421	3.98476227717103
32.2501436062398	15.5008186492326	1.75169036682615	1509.9599432607	2173.15111337609	4.57912482653404
27.4029508479431	15.2724719308812	1.87912405078367	1719.65973379921	2339.63194379455	4.59163697370459
37.5841915612708	15.229824623814	2.87000689135941	1903.23412092149	2167.6310338849	4.17897059859147
26.9889145846883	15.4751656333404	2.40165245939661	1560.4894840674	2119.35843268487	4.068874661262
27.2480036574422	14.9036861314445	2.13090657673869	1664.65778468229	2901.51969577061	4.81966887212339
31.1235629871031	14.4942901509553	1.92844028177664	1791.5499722407	2074.82273701173	4.86679142508502
31.8892750180309	14.3859814671172	2.57871831742475	1755.77050173401	1808.15823058782	3.58715400111587
23.4781807803951	14.5299963603017	1.5750979346145	1675.5305309229	2213.74693648507	5.26727316516618
36.3756107796512	17.6870026003188	1.79769974442161	2061.54528734153	2408.1312436824	3.9620758669825
49.0078707423023	15.3610850531774	4.37527632836418	2563.98982632809	2158.64749893269	5.72697876779875
31.1144864799616	15.7229743497638	1.892270610197	1879.25460409554	2029.91297567356	4.70117435193931
29.5251486351054	15.9115856109178	1.69240796980804	2198.33131865112	2157.0303760127	4.88271349712633
38.047894290385	15.2100752298244	3.03305834511985	2041.86735388486	2113.76834316728	4.99707758046667
49.2539399012097	16.1860147414785	3.29132756357949	2985.97784082646	2213.77181550608	4.88721074792632
34.0023927171564	15.4122018240797	2.34149933731822	1510.60817756722	2102.67616608736	3.87477011441293
27.9218973815403	16.5794942897641	1.74872097364098	1803.84504446902	2468.84718683761	3.79341909146833
31.8011252070966	13.3512093536742	1.93273546597749	1452.72964001311	1529.68629428883	3.75472960868791
35.6673932139766	16.3650616654952	2.02236326059849	1846.74992684605	2211.06042624656	3.48527438660994
38.3976420657799	15.3381469474111	2.03293941611713	1648.5813344496	1967.75744135282	3.78432926605107
46.0521479307716	18.0971566330499	2.96655829723104	2237.8698691148	3018.52527542471	3.61833261866199
39.3361746971578	18.0964487328901	2.42770660784417	2529.76019376898	2805.83681273583	4.34533420857754
35.0236888150439	18.245003517762	1.75896023000908	2295.24013305423	2911.30521503583	4.22733141959809
30.3925171361873	13.7563677518576	2.10166177325328	1725.0027528932	1867.25275377711	4.46058449387653
24.3586530194151	13.1084252523609	2.20576776661142	1383.79820430943	1611.1992917472	4.10121294424541
36.7697490931961	14.4906070026708	3.32399563633645	2516.61035764595	1855.56767567321	6.16334463934514
30.905550617542	15.6241754784689	2.02226709304731	1517.97080676633	2213.68755403274	3.93238440559139
41.7156644833072	16.5127663212712	2.7090256938647	1653.86023492578	2167.88044939908	3.62333653565336
33.3736196608091	14.2388905148973	2.65968481424981	1512.36366342506	2094.4338146272	3.69603794850612
27.0619795494063	13.8778222180272	1.81394871898946	1760.56307464821	1970.68392526986	5.1879019988339
28.1273054728847	13.3535798292887	1.7016218996422	1367.59390311439	1824.42262310896	4.64740907742741
30.4232930749907	14.7208020616795	2.12683437521099	1598.6366270461	1909.87874374612	4.19317428603068
32.4008587078448	14.3993197562878	2.32831745582792	2199.22631503989	1831.39829991488	4.62306862817667
28.0794423266599	14.0549689168485	1.76950504789136	1464.74042130559	2126.18192479702	4.54925286984084
26.9232983999285	14.1953831248124	1.75484135313902	1532.41279486843	1845.13961597013	4.3059815499599
36.0738540515937	14.9451723890152	2.73927098878948	3492.94912369609	2666.30147849084	6.11761004589689
40.4901659970815	13.2261959767021	2.53498210050825	1963.38563520174	1517.83300305072	4.7889498986646
27.2930914959183	13.8941584346061	1.66229864278943	1455.39147800179	1592.55090329914	4.78079389904544
26.5001051929164	13.0843288236956	1.92947098103185	1324.55448993948	1747.26997317238	4.23326139177768
29.1366628735812	12.8658581076507	2.04463543640313	1519.22785281837	1713.74331449317	3.78542331659301
26.5301029975443	13.7868835206805	1.73030313155156	1534.52575865603	1838.80225868544	5.58145389668188
28.1484339793704	12.5714871081559	2.2114574243378	1270.38807020363	1648.02942099729	4.50459732761782
33.1246464120811	13.6911805061982	2.51112263575724	1727.29914811124	2013.72393263108	4.21237017147834
23.1452190373723	12.3335150588686	1.48795034210674	1332.96565980092	1657.80982500444	4.58742307796311
36.5593084445047	13.1068000180182	2.7191223541357	1590.23724600625	1725.14212467205	4.82595917388611
28.8731618805673	13.4340930864373	2.4520018269034	1766.16165361078	1938.85882926509	4.29096354178516
28.3886353567003	14.212732130051	1.89597202611474	1557.4426877245	1896.57085439781	4.18784387015106
30.0691589956052	14.2356119753778	2.20704379905826	1751.90452124112	2025.52784686877	4.00396853300882
44.7769661580686	13.6915518439651	3.69493277421342	1992.85739176158	1790.88962244696	5.32794245982385
66.4306340455751	16.7185561462585	4.98258635268327	3762.18056741472	2406.35022339666	8.12611140214599
29.2511919571364	16.0728785459753	2.07066247664534	1594.52872735319	2227.70716232342	3.79064144776294
27.1675096298022	13.7948994685442	1.83344198791997	1338.06337303817	1796.83403653384	4.06632049200184
37.0926008969322	17.3082884645271	1.84242593912997	2016.24084393685	2516.43565028446	4.09758144437332
30.1801489024309	16.708878672726	1.88889839685963	1921.22817637834	2812.98926427701	4.26988248161492
