6983.231132868482	3436.093577422951	
4771.875458958482	5004.23927385974	
2265.827822795606	1558.4795048440244	
3189.5582793434924	2601.9251447561523	
2649.1742636588756	2688.972173994302	
4296.214463011711	3304.8526335214992	
4259.912225514226	3282.5693860861566	
4826.507412646329	5243.336649389726	
3263.8686881437616	2311.8040594812605	
3327.0225538544405	3233.215809428011	
4929.619028280654	1756.9738325018197	
3278.2179885417904	3584.9691776625086	
4410.968567046085	4546.0213542515185	
2794.0062707900784	2149.2884082492214	
5844.187489365594	5369.42772025425	
3121.452031206469	2692.355353421534	
4743.67074235109	4185.977136542233	
6435.6850152709685	3845.043158667377	
2646.3610333546635	2788.6628157577006	
3145.4306484309127	3192.5908853231	
2789.366238115405	3028.016243566915	
2264.0218752945107	2278.505552529171	
2184.7645362310855	1874.9947194247304	
3163.0424495329307	2208.21944720467	
2385.11209484649	2471.177556991064	
3342.2194319792857	3000.971659719265	
2543.302950846958	2565.171002510101	
2496.954582064038	2479.584538099347	
4636.928971535168	2355.2554110867836	
3858.326565483598	2394.619394611304	
2637.4765384652137	2435.0204295813005	
2873.452483023227	2806.772385315503	
3117.6470097377437	3731.6862442531765	
3872.0922467293485	2260.5327030980566	
4838.943833656722	5585.541813732825	
7370.437197820486	284.1008850466724	
4944.687751583135	4817.659628702549	
3921.4755743827386	3188.9387286223946	
4190.984891353208	2863.2680962045606	
4295.614973718996	4295.32055779984	
5163.110115267445	5544.294061430181	
3272.7533995323142	2943.6453570262292	
3361.834885701923	3436.3624379839507	
4090.716742033143	2481.169634401319	
4909.266871780989	1957.9692561475044	
4998.540627324892	4037.7061873428083	
4022.3399798394503	3027.134402780537	
6628.859923646325	7884.2798735247925	
3770.363455652155	4309.899479095362	
5865.907899598038	4693.168482111388	
5140.927057994838	3662.86881295408	
7466.021365323723	12717.57901684435	
3479.581508660759	3297.2417972004882	
2702.7204001196783	1922.2699088320408	
4315.921228901858	3661.466442170931	
2443.0097899325124	1977.541542181592	
3667.646930631658	3374.3379232796638	
2887.6675892615085	2527.99687660915	
2885.5999538678593	1671.9832586378313	
3586.031134605315	3051.5377399050562	
7317.490261404605	4087.8921269713096	
6055.82248651892	14341.293413752268	
4696.678077718014	3409.149518146571	
3798.813701925541	4048.5345488993694	
2725.572901645047	2281.6158793607874	
4437.374417789343	3723.092915042288	
4021.4961426049595	2946.4368569220005	
2590.2616783871604	1945.339523597533	
3929.071458921987	3664.050016200164	
2346.1088034394384	1914.5982044679706	
1548.4668124684367	1819.0715705581895	
2062.555907237618	1422.4635578908437	
6331.7459507977555	6863.2969291248455	
3614.962787720712	2845.476586420954	
4065.713308915795	4451.718886629548	
4504.874065866369	3649.8695893606146	
5263.020215095212	2779.3404319319334	
3131.6506692794615	2946.234388970825	
5235.712381988186	3783.8765591067076	
4369.1200696932465	4627.1492581030725	
3959.233023872246	2248.8050213376882	
4490.126050981314	3877.205909402546	
4967.5357905126	4928.258184333795	
3709.5884399448396	4247.285883944476	
2534.9049080299233	2542.5747806626946	
3415.711769137929	2854.5028814462953	
4956.9774445893	4006.042270309762	
4377.973541561286	4841.135022904571	
5534.7244130469135	6333.70100798545	
2931.5004950383923	2285.564562700655	
4680.127747813546	5179.4631517623975	
1962.7257619167785	1545.328075637207	
3020.057094335986	2511.6445045441787	
4181.6263221968675	3018.4752543245663	
3981.1530878824774	2896.7247409482884	
4063.050253665957	3216.6199382243926	
3665.688193648616	4336.646498465413	
4452.87772157209	1739.0101285448295	
4937.401087270078	8503.33138372635	
3432.1903341152765	3715.1648769071667	
5494.688440436856	4428.055064489328	
3419.265845492006	2811.464604132084	
3255.57089455642	2806.04353225166	
2666.9538809843466	3047.970496679096	
3948.986272733253	2312.088023464087	
3184.1145034727033	3214.23159184457	
2420.6939569234555	2979.6474517949214	
4329.493831131477	3828.1645483158404	
5977.520073596759	8482.968200627553	
3416.0448827066266	1874.8395214739403	
4259.964141044804	3946.5075196667594	
4348.372985754714	4761.84528255692	
3955.836846862694	3427.936645259356	
4218.906281726006	7760.735999681388	
4697.376538237105	4377.922033692855	
2916.6117797179054	2401.5378299440877	
2572.554633015357	2056.251548751615	
2205.937775904183	1870.948846603687	
2211.224846023067	1804.6619999526433	
2081.566757256889	1719.5480079541032	
2628.3254109628974	1814.6261864173869	
4125.415757569373	5710.691704427686	
4113.224235430672	3840.2220106064515	
3378.039629105797	2267.049715637427	
5401.368351406532	5757.4740526168425	
3982.451762140847	2543.5861114261515	
4466.989171357795	3823.58103869518	
4855.926217916232	4389.581941568086	
6268.7014677686775	4533.0613320399725	
2187.7183200825216	2326.5018555071174	
3603.343468162378	4309.950247088722	
3961.613301254334	3093.2590701183703	
2697.365239911827	2607.3964684830557	
8736.098052147536	3556.237485814109	
3367.732371222768	3188.339899254671	
3821.13187663898	3594.345945305536	
3458.232163087336	3077.4976020822833	
4349.750850670893	4397.726419062084	
3693.2576144660475	2536.66442206485	
3059.2798163385005	2651.5789455021936	
4854.97420479245	3627.286087750531	
5228.09702397671	4583.69307278401	
3696.430520515439	3224.694868699668	
7511.628353386888	7293.289778180279	
3023.9734746335857	3193.7162513805256	
5701.072500466018	3866.465135349177	
5986.6405580832825	2148.4216303771377	
4661.028144333803	2526.9558802288093	
7809.232404845479	7791.817430782337	
3421.015895328604	2403.1157392657487	
4056.9739767968795	2552.197191335785	
3410.7441672493187	3616.139457141955	
4402.891140208906	4701.443389563852	
3130.820182768353	2162.7464877129623	
5447.471723130204	5703.583943609882	
4168.881630909969	3693.7954754849907	
3715.653188558984	3199.1966941251153	
2581.3529694396348	1239.1214505005887	
3595.410822948868	2628.0937994241385	
2281.0606605318017	2319.3593748246217	
2464.323233245804	1877.096537111685	
3424.4321150600395	3133.7741088821404	
2861.471606156836	5199.130368187342	
2159.908097476675	1913.6517295715335	
3134.796652606965	2725.7627553162633	
2211.264271003404	1855.9078197356705	
2288.361907407954	1804.153850499224	
3768.025901322454	6071.350137797047	
3692.4119638965076	3986.0316280132424	
3099.229857239671	2149.438883372259	
3155.0153426099987	3241.398934944963	
5102.554770905345	4474.4160618711785	
3063.8734944812086	1942.2107771868345	
4262.599552732806	5801.3540162986255	
4510.9788176658685	2843.2470385302736	
2912.659566876877	2462.805861117212	
4265.918214749235	3491.4546929439443	
2832.9110105398704	2455.5140275365616	
2948.234708919743	1602.2727259883384	
4136.887726685631	2943.78546675784	
3626.1046157016253	3344.6301493160167	
3743.976143266353	3107.999969654718	
4103.014521030482	3015.94787074277	
5617.260749438128	3528.3886764840854	
5278.94503326239	3471.3648351529328	
4986.90859550766	4044.260136157089	
4629.266362423913	5694.800042472245	
3852.684743215873	6054.491695639151	
3187.3159309116168	2619.3867709622086	
3758.656052821748	3843.970364380563	
2222.677052711448	2319.00951033912	
3637.7040980796014	2962.578029072732	
3026.8743749704877	2153.978791878534	
6717.018944981973	16903.805866835737	
3345.687592579004	2108.102313231926	
5344.723929525655	5005.715816139517	
4305.976055421344	3638.8323354242534	
5442.365538800407	7610.154937680628	
4573.992861375583	5627.478756490038	
3316.554780219296	2880.958097817521	
2565.353185372424	2058.3620887161333	
3775.465891802285	3831.5786892870974	
4933.769964296551	10305.052880075551	
5261.590078229803	2945.888335064703	
6122.54934036718	5185.176643048734	
4029.9690689315985	4214.869285986784	
2488.9891028235834	1976.3328372074093	
3349.4919954492443	2687.870270828839	
3937.9360825997223	4133.862990055162	
2497.269004710222	2000.1703540049928	
5040.907203588524	7154.958224323646	
2926.8561229150177	3997.7584477703977	
4560.028945617192	4062.343925380491	
4232.988483968801	2132.1992184130772	
4729.638139363953	6126.290436832651	
4031.759286778813	2989.108576189854	
5243.684570553906	4016.2090512822556	
3438.0847118296742	3531.09511615751	
2132.2417250472417	992.2749563927326	
3047.351716248515	2312.72732853153	
3061.7364690852587	2327.484218692294	
4317.24012325644	2727.71414304614	
4801.783973848104	3372.3321498335563	
3487.16823178648	2311.4986248723467	
2942.003841336026	2264.359901129959	
2158.3866381138796	1229.7882821006767	
3996.2231666067973	3753.1961327582403	
4038.817212276411	4477.184951049079	
2409.5440241739293	2338.822817179654	
1972.9990252084633	1656.11067902227	
1809.2422272927763	1374.8938413333105	
2734.145139199601	2402.2580503198615	
2574.91952537685	3612.116414212082	
1955.3988055818359	1628.6343108397255	
3126.682211605364	2251.7009878081526	
4912.384766855423	3928.894138449553	
5279.613437755077	7709.866024300854	
2608.4772257715936	2620.2472750913794	
3247.1308474731177	2921.97385034098	
3671.375924643855	2909.2513023778224	
3109.742800707902	2909.4473036993386	
3087.8082421689837	1704.6724043557192	
2825.8246358996334	2382.8452944640135	
2855.684076588769	1878.1415546739497	
3025.4177066895386	2412.6269222425726	
3018.257421640299	1710.2287565553127	
4193.337991865468	3274.982129392276	
4006.8314520668623	3396.540002439522	
5101.477665247463	5226.171660022441	
4052.879287487517	3679.5548276337645	
4589.62492706963	4830.910698831599	
4096.368282360984	4396.348915331015	
2429.9957003055542	2181.5307207005717	
3397.10118910679	3378.6616366755084	
6363.715830398981	4555.819913156115	
5166.617768236786	2871.33155792363	
3187.46109235358	2460.3550128086954	
4813.92905162374	1951.3097691288285	
5039.458334197728	2310.068994254589	
5035.118172616242	5230.562991999337	
3662.428067249637	4339.8363590444915	
3504.899629843468	3476.8892801293846	
3595.8929887501454	2701.5312928615585	
4057.5292595775554	3461.919405428029	
5387.316895962551	1812.3614875535084	
3209.4015280965014	2183.4129247964615	
4016.1231802179095	2717.900344381546	
3590.3888188021924	2755.880867031303	
2619.3003528331024	3049.6781309631688	
3706.8223055719745	3268.0364847791893	
6459.571223785301	3130.856527324025	
6313.9475968373	10049.271183484118	
3851.5497499524954	3827.698355606833	
4000.761050937458	3076.944154215491	
3444.8419007059833	2340.911394461753	
4000.0809485832096	3959.817584110477	
2737.030504081804	2820.0771031464606	
2322.887485833925	2092.454632891545	
2887.637097330862	1909.3644338165684	
2146.8679731292364	1618.4363218971287	
2408.1756084137055	2358.10112361619	
2421.7291638527436	2204.023499484993	
4844.518993762527	6148.71295804972	
4150.128589726398	4078.3504058498065	
5670.5194926610375	4877.449201003284	
5130.734633700092	6250.295510079221	
2940.2040709566822	2337.456975547915	
4535.6283077700755	3137.232970667471	
2987.3321801158168	2743.780656236842	
3637.4925212557923	3232.5961554262994	
3263.0623614179854	2639.8973472390426	
2576.272619985292	1729.2520037116644	
2448.020617344228	2197.1760579076886	
2011.524311024083	2208.3622897756386	
2690.9669771360604	1444.663346384434	
3547.470642098641	1929.7105067019997	
6940.5294742844035	5719.773977248838	
4463.5753259158955	3806.812413778101	
2219.289829248912	1674.9767159148448	
3020.4597440611465	2750.02798984069	
4997.965914520537	3039.9843624500973	
5332.161944396053	6973.176073309628	
2894.2396349862906	2967.6520739532284	
4362.827608291311	4416.536964099767	
2899.8584594742047	2219.1532603377796	
3289.1391330542033	1626.604937171989	
4943.8213390697665	3843.1803524558686	
2475.322849483111	2708.6570046789957	
3421.5729767889525	3194.7695339488846	
3537.2971679583034	4067.6615888093133	
3473.2730577770562	4922.551287137931	
2735.737260562023	3543.3118781799053	
4002.8761909947125	3914.118679260363	
5475.681622274758	1894.43317265822	
3277.9352042097976	3114.774562431714	
2572.8608344434397	2533.9306533544614	
3313.1709081174804	3590.453443732378	
2892.241599816328	3162.8806983096492	
5017.016068773579	7240.461012214744	
4074.4733635957605	3810.4876819140195	
6165.345890668443	9756.229720640345	
4489.617202255397	3745.941336024063	
3400.2824297074794	3155.9657360432816	
4128.523779094414	4945.564515405315	
5989.5036662946195	3733.506993150729	
4524.691893176307	4075.8057725178014	
3346.9193825099674	2535.83404105041	
3831.7096658070195	3094.5810485388847	
3133.9204970321885	2453.586338001667	
3012.1387558073675	2192.790795647909	
4238.276841966391	5240.317977192542	
1801.9383421935588	1414.1036819585909	
2846.3477044241968	2461.533683818789	
5078.976768310107	4099.573318362371	
2984.2403618302446	2821.7519408838275	
3744.2060090786185	3851.2776437644675	
2519.195664745281	1838.4901016044178	
2455.4506160253077	2358.399475778293	
4110.710088003419	5914.053092637055	
4280.843171264184	2609.05078338775	
3535.078097603975	3929.297990757564	
6833.9124605539555	5348.016604508145	
5064.13287482896	5087.43165118712	
4439.682035978167	2374.0524061561805	
3416.6807191355038	2911.143574464822	
4084.550247048669	2299.7230479508735	
3394.4984909235927	3147.50943334087	
2839.1447994817827	1649.2541360632963	
3147.4663961059773	2959.9488913603186	
4517.306184253546	3188.316496870995	
4559.008576631079	3353.652332173763	
5675.4279351221	3782.1834480139414	
3721.667248266482	3312.9560570819162	
4979.173937745052	3171.571639280041	
4607.119370243342	11968.319624931475	
3632.2137408053277	2946.9800466496636	
4199.134481564156	4585.433275126985	
4983.960797792943	3363.4290756616565	
4955.398547617697	4726.83670574247	
4830.334815455428	5078.141934974805	
4197.142643095825	2847.7896283695313	
7364.967011323634	13920.554544958297	
3600.612448211452	2790.8720826036215	
1987.5400018469793	1552.3060459384292	
2522.0606257304607	2228.8107520728313	
5762.338910130713	9709.720268482806	
3289.624373611021	2307.232425446504	
4227.047510214523	4363.695726843758	
3806.9216601032244	2637.5165815618802	
3461.9576051350136	2726.3006626701904	
4560.103133447006	5357.481153404298	
4354.973419427315	2858.488053706301	
3184.3891871073456	3712.8480620477367	
3593.9711435103222	3539.2306927462464	
4568.8418460841	3510.668227896922	
2633.9928659116827	2555.5710292845506	
3788.5150511439647	3918.4641658356263	
4633.753275276648	3442.090278628481	
2754.8264244898246	2655.7960413850033	
3684.241800820069	4239.663993981972	
3724.4521771247555	2192.094374043657	
3681.247942740135	2686.2538650271217	
2287.6171445145583	2357.244883944118	
2550.8453360715835	1859.4598026911874	
3304.422472205101	2828.4564864054946	
2664.7454065437446	2433.3469956416707	
2571.5375351161197	2022.9452308665514	
5519.763234751291	5147.762073672739	
2358.211130561547	2358.6896138374664	
3762.4546029495687	3385.9804757688894	
5242.914374281064	5168.004154136128	
4157.898137967836	2427.2053468463237	
3055.3645731349015	2593.7701337100534	
2701.3522749343215	2150.4807713020655	
4943.887524401651	3250.8234370697724	
5350.342936897209	2945.414545086466	
4726.643025607189	5233.789326364346	
5244.425892058546	2874.674703095745	
4453.059314605723	4960.235182791273	
3661.7859266054197	3004.475353256551	
3881.3766722727387	2413.892014843883	
3435.6905966059794	6198.765181042138	
4195.262354759623	1897.0738490313902	
3242.7403721702062	1739.4534448192524	
2210.21106235102	2363.8070434990677	
3008.1174873151353	2062.097973747122	
2664.413631753539	2238.9071448821323	
2439.699350858416	4578.454640549703	
5197.56865264643	4848.506806635979	
4396.552755887445	3991.7772830602066	
5164.93744011975	7191.919955511344	
3796.569978667598	3675.3010331423793	
4289.8521208222055	3520.3767225789597	
4922.380137047495	5606.827328237507	
2781.373661984451	1998.4945135891235	
3936.49969917307	3542.8649431194112	
2678.2987649624265	2139.8230403547136	
3159.8464904690436	2717.8204421932282	
3340.5174628504556	2924.8698051961237	
2859.570920555871	2411.816047436931	
5463.091383649861	5422.813101655983	
3431.906176181958	2983.618969691806	
3265.3798408840594	1541.4473544121686	
3033.3138727972296	2761.7713783077347	
2397.893538527267	2072.457657167739	
3933.76533432618	3365.7440215831934	
3162.6575763929313	2381.0602976505893	
2654.296924031983	1602.4678945346934	
4305.524033455689	5026.813730488432	
3321.5318261851653	686.9997079566923	
6051.184616630494	3542.989525997916	
5352.800452051886	2583.9997776578875	
5060.882496670369	4603.248486730095	
3423.1485084774863	2135.3412780715644	
4411.641436602837	4141.104593932594	
3902.3705024309616	4040.781098755861	
3139.3550303392008	3085.059531363374	
3251.176345614942	1835.6315619210222	
5509.719444334473	3194.4148157738223	
5280.768653438509	4959.752592987606	
3253.2945336869175	2884.512529302147	
4897.23688944504	4928.381185008853	
2486.4059301235034	2099.198526928528	
2856.1528247668048	3114.5850716886107	
5952.765065278283	9106.342968023544	
3078.5767024997704	2996.2670225611537	
4395.929921483789	3777.1601959777886	
3136.9225561016733	3567.5666001701784	
2124.123251950592	2787.4815745823785	
2489.326023428207	1913.4866573477832	
7384.84854541143	5058.983358943886	
2952.3391196192447	2502.8725765556133	
2397.193207882611	2212.6748975334367	
2594.007796512073	1917.3373972898983	
3125.7760809927418	2858.7032513212885	
6615.662548363147	8567.334754796486	
3258.916803081301	2736.9299632926936	
2900.782599397581	3254.055006553227	
3620.275424824611	3979.371467459702	
5171.265949721039	3868.857097287838	
4905.286289278365	4729.366750660785	
3285.368861368753	1860.3582872001743	
2829.2375888337046	2735.613212878535	
4001.857451252964	4360.104383006668	
5719.095898123952	9572.979906530916	
4963.7589335030425	2862.779238955608	
4429.051811247579	3273.9065041871972	
3682.999833665596	2973.9430151553966	
3945.976662058898	3107.899976813553	
4176.825379132038	4152.6256593172475	
6529.152018882418	7715.18336284857	
3147.9108068869273	2256.2881764930044	
3677.541213089422	2187.540501958933	
4087.448504598463	3526.7938926223005	
4613.911613292639	3139.7951279966946	
3473.5999003886154	2862.4257530424875	
8124.975914233249	9233.886428229343	
3506.5097460609327	3120.2790173664516	
2653.5899994753922	2571.019083144565	
3797.424166543984	2833.785948035628	
4626.925340581949	5334.510176322017	
3313.035882770686	1190.1267613642592	
3677.575611991557	3698.3515507320562	
2345.707425750381	2403.5695097287517	
2673.037548300009	2332.828371860551	
3812.7718924525648	3192.739998982948	
2833.8834390293487	1905.689582455989	
2360.6342192226716	1451.8659959262427	
6457.820063442942	6439.6779161837	
4786.301985509025	4962.25368262416	
6638.347832811352	9319.151965528323	
2772.7844969583216	2285.1179228117167	
2528.17756308936	1800.6376126149778	
3511.8068290448296	3762.487905751789	
2731.398292711106	2539.638419736784	
3364.2811725645	3735.891277075096	
2409.6773326384077	2081.423729403439	
3041.561752992954	2909.1101121561314	
2816.2209257255518	1938.3765815992658	
3810.7825065249704	3190.80500917988	
3807.3291971342323	3678.5195999481816	
2274.705918765892	2232.742720869919	
4310.4617674690035	5516.451194564037	
5083.733852857187	3353.956250102338	
4335.180603270762	4646.468342537932	
3912.958812610881	3482.2715243855127	
10325.73540531107	14406.09007929681	
6296.508013850814	8845.2885173586	
4041.6944785960786	3367.01294505265	
2660.9104417784047	2706.82480783344	
3082.8976529176857	5682.8522190155945	
4165.095174818378	4430.2309817197765	
8182.560843675364	8882.697083050252	
3662.1255614955953	4128.01648394866	
3932.3131186842506	2119.995589830542	
2926.648411685855	1977.489103478201	
2887.9574358971477	2006.1884773128638	
4245.131798108377	1703.992389758621	
3841.6472616912342	3815.7864164876487	
4135.934456848359	3275.597131949348	
4146.512485382519	4170.234759991881	
3422.676063182976	3050.323585622469	
3011.67933847943	3426.9806262612906	
5168.398392099475	1688.615864106185	
3048.1367437925505	1881.0568502036263	
4039.5314487047763	3801.6195686128844	
6090.3080648814985	5293.770663148084	
6893.018170665067	4807.5392714882755	
4742.287006829996	2408.1835245857005	
4136.692592824279	2920.2378844542104	
2171.011085801331	1727.0403010156954	
6742.425390335238	11015.685601929352	
2496.4222849435414	2070.327271463974	
3332.720703561122	2532.1451231156475	
2473.3147793527287	2203.567352142656	
3354.97890865048	2689.9185124217884	
4312.4812790222195	3098.520786884346	
2497.5249845184935	2136.1194641536104	
2484.2725021152924	2358.6150601300005	
1839.957267756848	1356.0297535049335	
5479.587838381433	7683.683951427044	
3666.072118456405	1768.1544860712506	
2960.084120782867	1870.256696053195	
4352.359946310662	3802.7928360032483	
5333.440221970357	6421.204265446883	
3993.837990963057	3804.9631311097614	
4175.006665480388	1899.72081411121	
6355.372277728363	4701.900793976627	
5549.435174312187	3429.1721555198887	
4007.068709960706	4328.0500724963695	
4850.76882513679	3454.4888099087475	
2505.3436099326577	2020.7457888067718	
4388.726280680801	6127.759235691363	
4819.888527981356	7097.533479324852	
2748.162387533951	3388.6289156678135	
2752.21080649217	2648.54897865426	
3506.3863762020223	3094.7117277021407	
4892.342252445837	4006.6139105528196	
5606.703349043325	6669.551720059294	
4182.231392508178	3551.6652932610305	
3068.7826527260663	3110.681050347707	
2217.0660948811183	1899.4072487237052	
2532.798689310719	1933.2139760533123	
3514.393657918406	4448.3973951735325	
2604.944560885834	1929.6861445241864	
2925.9625456589524	2948.723105781816	
3629.190776865854	2841.356175465138	
3242.510701440386	4734.536524074576	
3239.2182674428573	4133.071991751163	
3579.9437842614966	2037.1151973599551	
2226.983131823623	2312.5911828029157	
3788.537037153176	4073.253457293566	
4217.25847008834	2462.2520801182404	
4139.4003369560705	5418.1514547543975	
4553.652322868231	5163.739047808169	
5114.431737480409	3943.0637544451565	
2771.4816116442867	2431.6541580320904	
2404.056845501786	1931.2466786454577	
2705.886062697554	2408.5557961157265	
4011.6063090283637	3852.2172420025263	
5142.858135148534	8711.509254076536	
3492.1149197334685	3146.25165407976	
2433.791547705391	2172.1005991467646	
2867.3701285393545	3364.7714509270627	
3196.565286318846	1906.760890342536	
4234.296073314874	4774.960611352911	
3709.4539834169714	3433.5236032137977	
2615.9511872920366	1607.6775407756666	
3609.19418371606	3613.3450956620695	
4842.335431286147	4474.167753349346	
5802.585943005878	7035.423088312035	
3193.965674509945	2623.606247972833	
2945.4026250566	1848.3260391227914	
3754.2741671994486	2073.4616303583402	
3592.0712901163906	2337.1653447647723	
4904.329457087042	5262.351799135585	
9965.349576963921	20457.998458224338	
3392.8113788856526	4050.4157149866714	
3753.672994717476	3547.512933204245	
2878.7839672156183	2467.69268075362	
3390.3981140790534	3354.202219012092	
2959.3405870634574	2860.8931674064115	
2914.3013002849502	2901.3157133392533	
4886.211053268687	5721.883003712461	
7006.30023771903	8820.044443600964	
3553.3325910458216	3082.570981311004	
3978.1048338032215	3888.281779167173	
5988.497141798302	3827.437523446318	
3986.343716988463	3488.7614321136075	
3159.3800073914194	2071.9253318906754	
3270.966269867984	2272.8652861037094	
3372.080411205753	2331.1472713016765	
2938.0361349082386	3045.2291640903936	
2164.7293734780756	2234.38226247365	
3447.9598681474936	4364.7564469312865	
4437.597124942659	4223.606881514473	
3130.152601788836	2833.9082432725468	
2357.8503506528305	2144.579134564551	
3509.365108297718	2747.8239281847323	
2836.587130282766	2321.6354080802957	
3170.566865769153	2053.086107911478	
3102.566935233775	3310.4863500726588	
5207.842494767984	4397.079599468599	
4424.522658548064	3118.5341918167373	
4570.056645753668	2576.2622085034895	
4706.915935866346	4469.259963011466	
5997.125972273862	5342.544220608483	
3944.4138264024555	4035.3760925813644	
5631.581871908448	5280.743812328506	
4886.2722151630305	3432.792323104196	
3970.8232376734672	2287.0136843925316	
2725.5059163023416	2415.959640827269	
2719.531095256332	1817.0461809650767	
3469.9349410764717	2415.7699807766726	
3316.737216524097	2601.6289746077264	
3876.6244552602693	8565.29321304411	
2491.2428676123686	1284.6899350692963	
4474.777342308043	4178.754694633249	
2593.620346312316	2274.3746196971024	
3121.390703847026	3801.7348891367683	
3648.6433693790564	3522.1860867473993	
2245.1606914941763	2302.7496022490177	
2501.91050459638	2497.254254894492	
6168.152079970057	4986.477771748641	
2706.0884573554513	3083.698645815122	
2309.6762057546125	2329.423862160965	
3375.283476158521	3313.1270318903366	
3858.0816267928303	3857.967194178454	
4390.569582476238	3367.229958750768	
4618.03418511743	4793.484226868142	
3052.9391899841366	2383.4869047794878	
2964.6281631796874	3151.2133218778063	
4841.59584571998	3768.295747224867	
3947.75056354153	3501.9105554184316	
4408.473370726254	4111.541525485093	
2980.178893469666	2434.6703952958064	
2240.0417505310984	1949.3151388206259	
2664.950277375442	2153.95414605784	
3893.5104221968204	4294.044653125132	
4372.902299001332	12746.828705389937	
3345.818953641929	2950.671940096468	
2904.5198284740686	3087.8145687527112	
2412.8772117164426	2121.3538899227215	
4786.041302734611	3466.000407845529	
3252.734328362384	1942.6259056680035	
3129.769587883698	3670.7591202143763	
5735.239888206689	2851.8997468453954	
4109.956909392358	4272.472829291451	
4502.386389028831	3296.589681701873	
6266.029128738209	8806.44745973723	
2829.9927036559616	2326.422989459195	
3953.1432115107496	3194.5431034001517	
4704.052560377846	4855.843793547921	
2488.9571492696177	2400.0745224299253	
8397.0408641104	4541.525273109119	
4665.8832911475265	4684.503678728314	
8297.194723785246	9817.661050265067	
3348.316254695778	3022.046452685076	
3769.061636979617	2178.78055918869	
3511.300640927217	2690.7412978987713	
4413.931350372968	2455.8322124477168	
5992.54565145485	3889.888208889024	
4604.453597628398	8489.385595649446	
4228.3562292365705	4806.167478903146	
3637.8973728427	4275.141112380342	
4157.248613189623	3592.5708750941485	
3454.2063615275138	3463.5095918408897	
3110.760927389009	2118.9670588292297	
4649.181688796629	4356.725754218044	
2051.359543187766	1738.8706079985882	
3150.3440773777666	2358.2964081338355	
4330.484452399426	3730.5476594946726	
4919.313758728759	4449.05953717681	
3682.7159587887127	3009.6513899354063	
3750.174484594948	3162.9258665785414	
3141.3041607229666	2890.485790907951	
3343.4016245130147	3064.1384318498926	
2456.5148069544703	2130.935224974021	
3623.878934756176	2468.8916862188953	
3395.902389160748	3058.362971684312	
2836.5699984750754	2935.891621747105	
3490.8109498859862	3423.3538093357824	
3024.572902557168	2430.278327902648	
4485.224405595109	3726.9162613628414	
4924.002222745453	4086.3432656878695	
4344.999121684328	6768.370336312546	
4029.6632658590615	2822.7570200230384	
3161.6056780454132	2819.481229796313	
5358.843204230999	5266.3766030789	
2960.221656352242	1521.125697049682	
4307.999228099175	2296.6799155879667	
4207.385796511341	3472.215906007388	
3819.568065861763	2431.9279470543715	
5336.025628283476	3771.299722143244	
3968.3686376704536	3836.692173370613	
3516.6879308845664	2355.2621076308296	
3093.918956245475	2244.0828985427293	
5194.843697811223	3448.0260211318773	
3522.8871572500125	3250.3947058020944	
2981.614808954765	2615.9561220795654	
4859.35816089429	4160.991268450379	
4004.4600600516414	4141.22244916263	
2412.245611870284	1434.69364656249	
3938.3518429943933	3906.4362936250386	
2670.238907855461	1474.158690376063	
2489.3487947147887	2944.5041681027988	
2880.4355234416757	3136.830856644033	
3760.76100655519	3354.4419087882934	
3493.016583602031	2984.2116974994547	
3182.2390048145617	3118.4576755094267	
7366.354964231684	8857.256209671124	
5777.146929330855	4674.3535946116235	
7018.1015902821155	9772.387960721166	
3651.2203882794283	3387.735235131287	
3451.0328187434848	2046.3201546265755	
4598.2719377969115	7073.385070603657	
8537.204712001318	16752.498363136823	
3185.3122585067263	2763.5777456152186	
5219.747613686843	4661.535266667671	
3389.129153468324	3707.7124377036134	
3315.641862260725	3326.832115818232	
3419.484700852828	2955.359263692172	
2905.18034925515	1449.7998165232073	
2684.1289877835907	3290.6404173401106	
3217.698302391446	2497.535253139883	
3108.4268928319616	2991.6847732640135	
4138.004005813692	4778.164671182582	
2937.558778884362	2575.9061282494495	
2396.2579315799812	2020.5348689777793	
2083.2058028445017	1871.6539523878798	
3564.400738154622	3641.4003070027584	
2571.017993701299	2398.4035111079374	
2713.4021776708682	1754.1418001291456	
2720.644930823753	2076.1288163690224	
2527.2213511779582	2494.1040277272605	
3490.9409069156172	2440.7093974016398	
3653.22347866126	6153.645339659849	
4804.80543764353	3786.9896545634747	
5211.243396383755	3419.391259724269	
6479.5766071713715	9298.08112036984	
6420.877564775187	5346.099609727425	
4174.7931018998315	6366.75741315065	
5507.280332873517	4112.088711979068	
3707.6253763199693	4302.81243951487	
4234.735752089568	4296.755474707291	
3953.966981342197	1954.5613098259214	
4295.586942928992	896.8244773607089	
3205.3443057198897	2352.988489147767	
5600.4792282873705	6097.321188965551	
3536.5000706574706	3982.5107528556327	
1918.9013421155341	2033.132484059498	
3528.111067263279	3072.889081649511	
2021.5248811921854	1741.7938577954023	
3443.9021416914693	3634.273156496289	
3860.844171969832	2621.743913978392	
4914.5876990215875	2541.091332338189	
3242.073339623691	2365.3691476022573	
2926.964938774257	1449.294710536783	
5085.927624328737	7992.494294971011	
3932.053646403751	2638.7495364270135	
3494.2973381612196	3520.2541057658977	
5233.601992518563	4209.407542410174	
6237.379409146104	4308.615769758658	
3487.5738775895534	3599.139109652181	
3444.869811203214	2092.1660897034562	
4375.579653834619	2586.0371102793683	
5005.891936873446	5253.648315854265	
2390.139285630034	2051.4831826591635	
4090.0512574140967	3276.1994694593855	
2752.9104091166737	2853.7239087056896	
3358.3090323885053	3120.712940130031	
3920.609138036547	3029.820884466826	
6380.542217838702	7592.9910966965435	
2980.9012549307963	2423.6145150912093	
4893.324059549966	4062.1316672278954	
5755.326052778485	5674.115590378354	
4860.005113744715	3251.8012919582166	
5131.9186251551255	3173.030757747526	
4029.0672484928155	1653.204107578892	
3928.454418302639	4138.016035994102	
3092.032422868251	2947.5365573252407	
2670.2108813831114	2580.344355064621	
3036.964995985155	3041.1107945368176	
3412.7120490453935	3580.099907491943	
4742.242277929754	3480.2058553147003	
4386.64449907526	6965.438897639024	
2710.656295160666	2121.156226136481	
4225.698900190722	3398.951630479938	
3403.9327695833213	3251.912061425526	
3573.266934659843	3500.4236503045777	
2866.633603467997	1731.7257434913663	
3528.2550166805204	3237.1494001219908	
3563.0968313003636	4349.053448408511	
3956.6945635806787	2718.6212024977444	
2505.198798097432	1848.6033403918063	
5390.35172002038	4057.4791670399736	
4072.8548629136044	3490.2383495842673	
5437.834964250501	3784.103951874826	
2774.5003865839108	2911.5773118287866	
3835.4442019996504	3679.751428900085	
3935.93801378696	2903.1122956772506	
3187.074569398479	3181.8323441450884	
4439.36193283796	2567.034289117729	
4927.417494500743	2733.6068244755393	
4825.954966490049	4868.149418928514	
4082.5013088211376	3049.629084976132	
4514.915536810875	4362.665135271567	
4161.038576147797	3468.065524539488	
4638.994608485372	7020.4839247375	
2401.3267010799696	1907.0591721433186	
2852.0482182608034	1779.6043350821662	
5583.523926174446	5411.9545003951125	
2536.1343890704234	1778.9373000650921	
2545.3294868306675	1345.4935717747783	
3300.5053214555614	3051.12408658581	
3436.438415783493	2275.054972277799	
3846.342429319029	1320.994669639745	
2611.393100725843	2160.158691621339	
3219.821186646491	3588.434869666944	
2496.9596284287027	2480.780327049722	
2317.3276526617315	1808.3581274817998	
2692.7057082094943	2266.209670846721	
2589.9254008833336	1991.3475054130258	
3320.1210455988157	2504.5202379371285	
2820.28497212	2323.0300262894816	
2316.5993105730768	1822.3311897211822	
3627.0659676206856	4114.768213691182	
3762.223074408854	2716.2026192552257	
3000.333604292754	2487.3386212605938	
2770.706465662306	3963.623718044638	
2480.795643188338	2340.214442831286	
2980.76946556462	2262.6886832885193	
4512.624078308436	4542.929771627183	
2515.8492595050107	2292.982211565485	
3758.843997516731	3049.3595125731276	
3105.3949614869134	2465.887931525289	
3992.6211993242623	3790.9062644759715	
3090.937869324616	2520.781838313784	
2143.457214823028	1349.7423825633743	
3291.3131601534474	2852.9969605131273	
3652.49422304945	3125.6325697048037	
3649.2405943638046	2521.0254569441327	
3661.9522246186953	1820.1816472022542	
3015.263951095528	3366.172821081478	
7028.06167694679	8645.25257203407	
4528.126570176128	3252.133199773711	
3208.305970299643	3320.2107301740643	
3835.9984179159273	3219.505938830815	
3475.34087973976	1901.0833585393007	
3515.7398825606924	2942.1632549638425	
2825.564736142543	2245.8947345831916	
4905.3997242349	3898.586565498822	
3303.5877431050835	2982.7492798839694	
3477.2119112520177	3098.6306457077894	
2724.742507981541	2205.2018691395774	
4408.8614119394115	4134.938695199342	
4414.531980955885	3236.621930865159	
4833.971968121346	3526.261184767627	
6680.052248643722	5147.809464833101	
4286.046566090791	4131.374985037219	
6878.46219212577	6596.141472416935	
4210.623971762919	3490.160528607987	
3888.6721718857657	2930.625713691786	
3408.957191053655	3249.036796489035	
3671.1616468701486	2333.5883670228836	
4948.930629516762	4918.2165219679155	
4352.008080483892	4065.144693684296	
3056.860281991016	2704.960257003767	
3007.8319543903995	857.5299445943048	
4992.67841971088	2906.103324040692	
3975.483724711565	3921.626928502686	
2126.1706345262483	1759.619788008547	
3574.7795200045	3331.1770207633194	
5010.322900139234	5848.826993111845	
6072.137377774739	2832.21738439745	
2316.2556100869447	1879.5254791354296	
3667.7635991836673	2945.234880484312	
3487.871587438138	3546.643309459454	
5217.690343002608	6610.880904259161	
3227.5349640305653	2711.596169224424	
3454.343463258809	2333.7440185437395	
3186.1626921415386	2135.791037857002	
4067.928635681961	5396.508477405749	
3572.9107552006594	2214.222115353106	
12139.3128149351	5804.800231912602	
4782.74099426336	2102.2923133936874	
4589.755190718732	5994.407332281782	
4505.00252899109	4484.23293319183	
3049.967258860626	2017.5654708903269	
2398.0013408573395	2326.483674652402	
4115.416811346114	4584.741503063783	
7494.718352306474	3775.6424070626504	
9241.999098308612	908.9583690763118	
7663.269920077835	5287.019039894089	
5527.935673926879	6371.793710222052	
3445.696849658005	3540.83184262566	
3033.379838396735	2557.063564095394	
6892.934131082564	7153.864977046962	
6803.777359368625	8163.940412063044	
4606.289433911346	4416.010813350834	
5325.17760028038	4300.179103551399	
4989.787606239213	2827.8173295153642	
3928.197935489914	3184.3137040388524	
2396.929867160567	2097.4873911775953	
5561.116742092934	5950.495151893934	
4909.005327019299	4415.088169628346	
4107.707088759281	3895.291896302733	
5830.4249180003535	6125.121918858152	
5777.027672085709	3323.9498757135393	
3684.879924791323	2631.2879395627215	
5519.298492495178	6758.683151634934	
3548.616727360476	3298.8866135482363	
4853.455044333093	2246.942188027121	
4392.015821010665	3176.8209968762662	
5234.596335460231	5608.961731418114	
5174.141273751442	4972.36710791961	
4136.674709978652	3293.7573201804357	
3929.771702637944	2248.929863740857	
3707.3080953216418	4573.37938138211	
4527.240147377801	5246.876880463614	
3587.4330601992765	4536.074310288883	
3814.1140413384956	5302.415939022766	
7872.067131780601	15166.997490989947	
5148.879107495176	5105.963150872491	
5031.119152369462	8087.678428988575	
3612.3402291498373	3229.9078445310947	
2972.7695268526836	3028.638219398	
3230.585793698881	4386.852663543158	
5780.941980006959	3926.2065955219373	
5184.8605143294635	4522.214771522811	
4112.520394384549	3341.397256266912	
