11.772977805470644	6.227713292043667	
13.174615797251052	6.673619646972275	
13.460296804753716	6.668075119923889	
13.946298992403177	6.079866373202485	
14.889384182224322	8.304830464339584	
12.924085248112554	5.374053150919038	
11.50602869145126	7.690670392092177	
9.575896557961237	6.089553576812598	
12.637008880953244	5.524205432815794	
14.253346501756845	8.260340215213999	
12.525170539324108	9.894968449343816	
14.068242872705138	6.866887832703454	
12.765960699827149	5.115474703300526	
12.746483145286817	7.441360502402469	
9.92030566037839	7.801138715642013	
13.152363534137999	6.70350386642957	
12.500494917088371	8.030556837804992	
12.285997220739855	7.284561717933305	
9.780815510173552	6.21020765774453	
9.178305885987795	5.990754447958962	
13.06421936997925	6.804941236602477	
11.749786774312167	6.278034620169568	
13.890039706196255	7.472001585557073	
12.259801628699496	6.851939183855959	
15.869496517845047	6.148706654814569	
12.03505360523654	6.433389542652587	
12.669907953024667	9.656020067695662	
10.152082271232418	8.54286798367796	
13.673675947863583	5.861592613696105	
12.691074573196037	5.255416901088191	
14.429282744020862	6.651813543436662	
12.312705332682933	5.843271796979127	
12.290633471022057	5.9348173472561365	
11.037640515700948	7.194713857278517	
13.365475969509172	6.3372671025482905	
10.421480974613706	5.862850683707146	
11.577685713800996	7.574724825678487	
12.755805173668152	6.415970568559247	
11.709957786980809	6.064163907010565	
15.581245007794257	5.457676940660968	
13.38715021794461	5.488212331158605	
12.618033714972167	5.031745003055675	
13.226808862200993	4.955295933673089	
12.50366320722223	10.487502571825337	
11.830326059885005	5.189793634530555	
10.767540610442904	4.836215631872692	
11.74374623348666	6.075268603261299	
8.921761091245816	4.416404451634731	
10.137675516299804	5.158304328010037	
12.752405177927216	5.1423320398530725	
12.357680049822784	4.594925810346187	
11.88901182410548	7.678938989603893	
11.24402622293732	6.5473434945540285	
11.097472051480748	5.220761159363944	
12.62627798831713	5.370130829055019	
14.131655863357592	6.034749698861108	
14.09135382437981	6.2463466318364205	
12.293545526206637	7.309166197830681	
14.170470490878252	5.997674135902717	
13.561658248234348	7.5578378857605175	
13.494224862396361	6.3671850210440395	
10.863468899504086	6.59600741141222	
14.50777585180764	10.939565669507688	
15.350537662581536	7.631977592246917	
12.936669464307663	8.170188670748919	
14.627930619082123	13.7439053380614	
12.906093423025174	5.542018192353271	
11.75633307397275	6.413597897555176	
11.466913253371564	5.967604885429082	
13.082930392091871	7.923291152949208	
10.459013108222228	6.9343478957363125	
12.102854735754025	9.056357720056578	
13.174434191377145	4.918515337506778	
10.458717318619177	7.200560163617383	
9.887727634718297	6.730199620418544	
11.945442999301221	5.625377888299684	
12.092890782352054	5.01229090557561	
14.367722392727176	5.709215137453687	
12.394064045590408	5.381670376507667	
11.50152285727412	6.518019694863635	
13.297210029065742	7.6380039299939275	
9.598944992300229	6.108690143545119	
11.904435065699033	6.727109701185225	
10.455327281243795	6.358193287056225	
9.885230783702669	5.51192672862728	
11.091188524993035	5.704456222504654	
11.144619304597272	6.352777017642853	
11.640609183272318	6.09671845345407	
11.796275738636528	6.921351865033891	
14.96909321972887	5.111500172572965	
13.684871763759439	9.91382093426482	
15.784982919922523	8.288825702780596	
12.366527251735553	11.888794639546083	
12.781467995199876	5.475894920075427	
13.624898503214693	4.474459800808836	
10.992567050364181	7.051083048330911	
11.233402688258156	5.27534833350721	
12.757762698186717	4.733047088260396	
11.987479787297703	5.649785749852588	
11.809903035000083	4.318098052279452	
9.70630302212991	6.0847880146746585	
13.335515275581784	6.92396751034406	
13.728204392227116	11.415485708195478	
16.01032488460952	5.311322401886117	
16.597964678302603	6.42667691275032	
11.150405802378051	6.015195897110316	
15.411308910928598	5.438375424258881	
14.151541462429963	5.095660544201372	
12.342687556762165	5.2001508830761916	
11.000796905052377	6.495626194127482	
13.666905883699538	6.229219121746728	
13.985656403736625	7.620051007063084	
13.065817139657984	5.216290924592336	
12.8649552498339	5.803744578210639	
12.822037220231607	6.7316871541881875	
13.177333660077243	10.163675487609373	
13.887047479635646	6.876546980645965	
14.143295903338739	5.729870457110739	
11.8297282561819	6.520907763581463	
12.02987022058449	6.610013460481351	
14.791739478553703	5.7025880110961795	
14.335409364819695	5.41579295865913	
13.612135802428403	4.491870845051604	
11.152184906556306	6.338718419079259	
12.059856111580187	5.855843548630738	
11.455827697764395	6.180341688506736	
15.182344685197897	8.563287944712144	
12.010704955931166	6.211928968726817	
11.936383301973578	4.788318696361751	
12.221770817086778	5.866982923905059	
13.066041371601242	7.069422856793425	
11.065065190467315	5.709921765327717	
11.238112854837983	8.231066413445726	
11.39210210049571	5.234661969497832	
12.940338127941523	6.477825786142432	
13.0818521129432	7.9616476682307065	
13.67489199661732	6.990812852103541	
11.99100544193522	6.504712991909345	
12.696364413293624	6.414333993671503	
12.825625683250795	5.954312879065156	
10.195594806367014	7.022321615181066	
11.087257547333252	5.784857885065185	
14.60575313884985	5.350453489672429	
15.224253757211795	5.139541912612625	
15.614215457484365	6.681956795339782	
16.653154388136553	6.445985681034522	
14.313712497968815	8.552415758229644	
10.887974449491313	6.909581727222369	
13.673705316458062	6.665296624367389	
11.287027403070232	6.134314026879259	
11.685428130890983	6.314030018035825	
11.315012727853588	7.692266512355219	
7.834096980043442	10.550320468045658	
12.631922235115715	7.463176055305023	
12.292377841729357	8.802491374919345	
12.598256204971984	5.63055200020342	
14.045587174411509	5.2680002406662805	
13.871283285894423	4.890615753417578	
14.110922162144178	4.7131090157917	
13.267500036034892	5.474489121975028	
12.036827787091529	5.65586816597929	
13.736269372434556	5.640972631394551	
14.541706726050142	6.322691356468043	
13.817507133700978	5.023436001655565	
13.001750961401717	5.783818338626269	
11.304966360019101	5.003776941460711	
11.803063068844565	5.836061906798523	
14.566191259787795	4.3325366667297525	
12.946375597453452	6.998928029129388	
14.664711408064596	4.58081826738794	
12.278446771305354	6.782427553682308	
11.47057704632265	5.722162791517156	
11.085152061924084	5.263925969134505	
10.860547003701694	6.473798859629708	
10.224611787028925	6.096298514152309	
15.024961971831644	7.484555349045558	
13.333982990234794	6.042860065590505	
13.228511064896733	5.133052983345111	
10.952256569845174	4.973139706734934	
12.248513673283323	6.2578198351129615	
15.479808494785562	5.018894151245954	
3.42688088913653	13.540925480654279	
10.047615399425913	6.108474825005028	
11.350196955616866	6.476416700777991	
15.562998506003407	4.756748522888656	
10.839117117418066	4.632275588065531	
11.188962520545664	5.953914834345179	
10.500180972147737	5.665496921852943	
13.775243298490649	6.576075301769448	
12.04290340225929	5.906587915242171	
11.39282530972222	5.683540925982761	
9.094198078961123	4.996047696782627	
11.106414759571365	5.45339104441168	
12.836781426952403	6.039899003854412	
12.477190010510075	5.36302403631112	
12.917262503459348	5.142076624485176	
11.02000056672566	5.374428572331238	
14.26352776008072	4.57942693685404	
15.42765679936511	5.795022358423216	
15.33688024218176	4.171691582982209	
12.655058015009265	6.738693926348133	
13.423746781689534	6.63910008269792	
18.03257542319648	6.739946817208266	
12.758860497158098	6.5894642653432784	
14.436409823170232	5.84698543180685	
13.135338983945987	6.130968749223248	
12.289578905273283	4.4799422333748575	
10.627522350350601	5.759688783492293	
10.549880531835838	6.8533052196614435	
12.172162108686415	6.211306815993254	
12.631397430131456	5.639822533080962	
12.763515427286826	5.410839050689224	
10.430332350802077	5.6010903918151485	
12.817183199779244	5.620058503984632	
12.428668961047885	7.683567471301858	
11.915368981494886	5.8543036568552065	
14.010521288182016	5.407672575359911	
12.262855447266215	6.357323264213227	
12.53629150116302	5.359192591133673	
11.572836740264082	5.275351883217358	
10.494974019725678	5.401702422201718	
12.89629752697193	4.452029883664435	
15.556212113003568	6.02913265296231	
12.829823265281403	5.93297806460784	
13.561671823550407	5.799812419699404	
14.489300323434952	5.76748287806079	
12.137544341159266	7.274963446192941	
12.346939600376025	7.441923666271516	
17.359192714333723	8.419444512702388	
11.39308102046109	4.889797421648398	
14.414439840793868	6.777538289687156	
13.306867456057958	5.644019911282534	
14.471066663713172	7.768356946572534	
14.041276906244772	4.618368705003014	
13.738612935307437	7.139908958265031	
13.77364650469243	7.620807405199608	
14.397859330235933	5.848937731280441	
12.03233358094941	5.517926427791777	
10.798866565358486	5.130858669251674	
12.281011678236915	6.716103441198599	
11.823290403819055	7.8562759637787005	
15.07156312413077	6.25857722932602	
12.257035778925125	6.562054015706259	
13.040095951710088	3.7856643985510807	
14.137137450627906	5.759944784741625	
12.591154853063896	5.159469771888761	
12.045833776325118	5.75970351475212	
14.56848088614763	5.561863991379743	
12.528085093427256	8.182200771340328	
13.383890324056745	5.645007977253091	
11.813487769631559	4.844339777173452	
10.697414113045609	4.724357398856243	
11.971600149279075	6.771283897862707	
11.818116275260797	5.1035094110745645	
14.673952939499625	5.412217333905496	
13.312785661171006	6.268626240356571	
13.12635166084264	5.246335288350341	
13.947144654251735	4.5795944609583525	
11.359579611155235	4.556040821869262	
11.04118216486936	5.4860095752966	
14.62771168637062	7.695584784393762	
17.493445085398477	6.638484201942344	
12.18582928251814	6.861425404269978	
11.587383440401148	5.536968144565596	
10.702254789191173	6.250315542711315	
10.588570220863271	5.572038923674637	
13.558197506882284	5.8740389032997875	
13.2258245409515	6.427332446555724	
12.264062954468052	6.999545602586465	
10.470905368283365	5.161370009226694	
11.910996674523332	5.551993313667579	
13.307102209402395	5.184389622022663	
12.625500569361664	7.621654910019277	
13.522436819833022	6.575303029331026	
15.72508432412174	7.831433933461191	
12.766568653590662	5.720022324300999	
14.312033442643694	5.315195963292268	
12.79212496747415	6.4013271596419425	
11.385910372587507	5.839821616959456	
10.69119137134496	5.17440329586368	
6.924969278779329	14.178147473307948	
11.839574889487778	5.758126551395853	
10.336535965911294	7.272340628845514	
12.05822130667791	5.808299158505869	
10.6050401690219	9.136308166956123	
11.676937383219089	6.319145627391894	
12.440118626250426	6.29975324112718	
10.731309168863882	7.097508590380334	
11.931345225770688	6.663521562168109	
14.08240393229519	6.382594415766048	
11.917741848661906	10.855737266115684	
12.636887486823385	7.693070396290693	
15.801278701002646	6.101198782185177	
11.839407980975682	7.613346309461348	
12.931740403153432	4.419509867125354	
15.862641506728998	6.596129344535113	
11.664869186940013	8.74417147467788	
11.869246844426064	6.538476183702199	
11.922249397443803	6.193663548883944	
12.364046874090022	6.253869155554754	
16.418019043057296	4.364385308910558	
11.747692722469143	6.858194116911728	
9.073003296967595	7.852726218100568	
11.39850785997773	6.287256518523858	
13.309528557077412	4.530232535672359	
10.274849892843939	4.841987173876161	
11.073369803394279	7.767156093121204	
10.174515704176692	5.586306480386722	
10.352690064408117	5.864625167394553	
9.618497034414606	5.300831243807097	
11.182830371632734	4.904937881925763	
10.297446100400117	5.203748976469829	
8.549130368846528	4.69808014258756	
11.830416693993389	8.318800258563508	
11.902851085646375	7.766849646961828	
13.832425904396711	7.520955838735116	
16.247281340076036	5.673793021810062	
12.05751672998256	6.309149406578259	
11.949310836639453	6.336429377845015	
12.776999557800906	6.215637735481267	
13.555575852236796	5.83718967359481	
11.54817784519506	4.196244894640081	
8.85208604396747	6.508663829257137	
9.42164146575787	7.819135493128048	
10.767683660812557	4.784718134022949	
8.505059972220078	9.448086470985787	
12.625943149778083	7.176991553392078	
13.104706725301684	7.554725840243601	
14.065377516447976	7.7515188386545235	
16.70280361070898	5.7027950665165745	
11.846611054709186	8.949454225455664	
12.350555683040179	7.653290845106227	
13.98770144631166	5.261528416153848	
10.855817086465402	6.393694943846161	
17.298296508580492	6.306028394056403	
13.17871222144259	7.520296524357696	
10.47085536838349	6.592795679562188	
12.739719057170122	4.926807962645677	
11.185378324695325	5.849685860362487	
12.680683165226618	6.460553984190807	
12.63149461387824	5.206235966979099	
10.98267376292516	8.535438088124485	
13.460355862186914	5.032632580576745	
15.963764252396166	6.2022648236915225	
11.910900235227126	5.5332672560124925	
14.705555731618844	4.80573408388838	
13.457249549625125	5.299718874989847	
11.18085282061628	7.185503298062105	
13.222718639245409	6.840903548312389	
14.807025954655543	4.072661835414334	
11.999067026746879	5.541353944475592	
12.597429315421463	4.93813187769424	
13.415399140612061	6.770845376287324	
12.540607043846475	6.238232159284163	
13.219849785281905	5.4640012628629755	
14.49207788377847	7.106362197180482	
11.821232204847213	5.390116466325553	
11.029222841862454	5.858121914674406	
14.020159397208978	5.704206899308365	
12.500229768649566	5.697279962745568	
11.769765469108915	7.291463630177287	
13.047192249951237	4.746069783836846	
11.345796583774296	6.061401038729347	
12.57140214528955	5.650203796620387	
13.252227239092836	5.009663929240146	
14.311787777469014	6.314803715326022	
11.345036957384025	5.046703575020706	
11.405354390434876	5.947680073532471	
13.407389784488567	6.917999212740913	
12.901085318751894	4.74426042265656	
14.015947487660316	4.962755294490737	
12.565955267408036	4.706393379390191	
12.517438236154256	4.209665184872823	
11.879290095691339	5.91654887780185	
9.57136031635016	5.7530676312465685	
10.009032350408253	5.641745654286508	
11.58014702039963	5.332879207405775	
11.460062925628222	5.76231627095316	
12.096453774214144	4.8783031021722545	
13.584275536167231	7.073980283255998	
15.018323934326832	4.563124481304983	
12.298206456787511	9.251350523261936	
12.398151246894727	5.799527771173141	
13.384776689758796	5.813134474951955	
11.493759378776568	5.319127534222847	
11.805535356830347	7.3488475615627	
11.734585135060003	5.432296387708041	
12.177699058396124	8.544060335072897	
10.34203649141293	6.037065044456773	
9.74771986719693	4.299998151157025	
13.131291080914151	6.025549602234531	
12.31451235854691	5.93469758651511	
10.232154019839228	8.11194865260611	
12.71312697862183	5.903176032555648	
10.651599657701121	6.634687984050563	
14.089961706598363	6.142660773298528	
13.69705053259448	6.377752997057158	
11.298698246428872	5.932286589114476	
13.982949487160084	3.5094805439005783	
14.66281259757885	5.590822618080732	
12.290932098273576	8.683317337645867	
9.645110544035715	6.580084138743858	
14.44141046628862	5.498484307499916	
13.149542163029075	6.571773491060791	
13.647491985455343	3.806487878162605	
13.001171696554554	7.003534297532356	
13.48493047681601	4.980405023384322	
13.740780017751588	5.096621182708888	
13.490374743996654	5.6645210865371425	
10.178168282930997	7.839883800365169	
11.070331607328985	5.501174833661814	
11.993785455592318	4.917815095979649	
14.794978680484716	5.395096680997269	
12.882720604639685	4.984796151826551	
10.101675626294114	6.051483227943139	
12.284663277454381	5.734616548214335	
13.034268447577922	5.5312536716701475	
13.616741878223904	4.561779331089767	
13.511365519807727	7.867856263425243	
12.352591130773593	7.333016108029475	
12.216744044505147	4.565135444482857	
12.458543603569622	4.952322858165814	
11.436969857193734	7.139802857691853	
15.463931580140427	4.095219387522641	
12.561992282523663	6.026077645118806	
11.982480714144229	5.953289479775415	
10.677344607888875	4.429404686144461	
10.778155264958043	6.358758194944938	
11.67225780292087	5.558970291678393	
12.460218494616202	5.657969024346931	
10.006388792700964	5.7749440894041255	
10.870949171988274	6.308871096995493	
14.025639002757792	5.439479115636719	
13.778595671394987	4.382738779816298	
11.616273411579115	5.514903565457184	
14.441932721244351	5.3307155184827435	
9.956260910041033	5.561601856253842	
11.258886376035296	6.842827024045092	
13.954599947802727	6.433537352084501	
11.822891074422959	5.287675658800547	
13.61223810318002	5.072313860594356	
11.049314385240946	8.747328556762364	
11.283462723173818	6.867572686967581	
14.417533623671286	8.8121169701773	
12.905455443053308	6.438306288163715	
11.932306188660677	7.403967886451635	
12.553945805389183	7.053422164226819	
14.50114135420868	6.634433211379879	
14.826501771804073	9.495684451119168	
13.074923042933458	6.839472808872133	
14.024588276440534	4.20426493839649	
12.486477962448268	5.1396204211565255	
11.058243865804783	5.66307777998629	
12.414797040718511	6.556797161772508	
10.356377876241009	9.446140471820822	
12.787252168150221	4.975957731929453	
12.191182135615568	7.128977182649419	
9.855500439413005	5.280726393150146	
12.84492720705263	6.941866846388627	
11.19811281144251	6.39582793765568	
12.075644574864688	7.2962791529576645	
11.773980608397505	6.612633619915308	
13.977238368524606	11.687073046097835	
11.966919843400262	5.014422976285322	
13.989206553785106	5.523991136304921	
12.034200905436329	5.744135203207239	
8.661389236138001	9.279573833454785	
11.382473779262943	5.9551077249503	
16.260898088072725	8.558849885651329	
11.307365870580764	7.036224890553444	
14.6450082782768	6.566228168513521	
11.681241776575126	6.369230600604685	
14.555239758158406	5.957724774550659	
12.093621882446396	6.214008016757794	
14.97693037955312	5.358857747890949	
10.909349668937352	6.639138703710295	
14.214893642382012	6.561888488555179	
15.280641108175368	5.4298446036183865	
12.55703886503418	6.833602548872548	
12.922184815573868	7.168153897609232	
12.519487824350675	5.53156591511521	
10.113310459673471	5.8989702168172995	
12.593608306674074	5.483169210292563	
10.04095081661174	5.534343703830275	
9.012926934515066	4.3604905876477815	
14.650041505434132	5.387701215525262	
12.101925489689348	6.028617735427525	
15.091711545744335	7.236383537352627	
12.819930901976228	6.031390774150448	
13.374266755581031	5.393163002508989	
10.978870829726421	5.5648242623588136	
10.306379266288296	6.1877778753024	
10.658829921757157	5.962589238769824	
12.559388428447928	5.410676828037689	
10.644406113753636	8.453193799870524	
11.802923791200397	5.819395850435826	
11.810474963906248	6.163508627307474	
11.386470315688756	5.978161341293229	
11.053189279553862	6.545922059985965	
11.459248488034644	5.391254294617832	
12.323393679787701	6.237964734679	
12.78766016059686	5.261592377481163	
15.668864122166939	6.278877299935396	
12.481723958990713	6.397958274410348	
11.793660296272048	5.454249288875563	
11.202850324219607	10.324488389626259	
13.060424643698717	5.985419533090694	
14.23020794464753	4.737438119943678	
11.020804502991448	4.8391170174704135	
12.964201016538611	5.626406283860422	
15.899363194354702	6.688389232027676	
12.178218242094358	4.112943268069369	
13.55538456640075	5.124778960107144	
14.931836920835105	6.098803573369123	
10.145506233386854	7.002252306262656	
13.102048145667593	5.7678075388178724	
11.104998583464782	5.181239417379007	
12.170430620144877	5.508961259871678	
15.477706574784095	4.996966217347975	
15.253916775213293	4.202086400892537	
14.013018649951546	7.38418583343072	
13.155279728413856	5.8575036674963386	
13.006890253051536	5.104594191197587	
12.14207059677636	5.683517332204198	
13.416523484496366	4.558944826469617	
12.56367138371574	6.280094817120895	
13.003760252443055	5.761230569883345	
14.346901293651658	7.5643713709830225	
13.183399980091034	7.369691894284758	
10.420108237125335	7.281931370290275	
12.54970938711035	6.034069308662706	
12.114442773293426	5.311614329762104	
13.075530257044656	4.550429333643923	
10.949087102570935	6.179261543454961	
10.724172379506745	7.346907167407682	
15.346410962322759	4.303669387070594	
11.565224284585351	7.5811934838117105	
15.232065125401263	5.057363888519942	
14.333471133289578	4.315340361913846	
11.1658219624323	5.464813750624705	
10.70710417367322	4.6072100709289785	
14.888858925872505	5.607068192795798	
11.361655400510566	5.940339565814794	
10.497366011604779	6.855830269807696	
13.511709684264154	6.653472818634087	
10.128331507174092	5.419228826584642	
15.814949398347736	5.144215655986627	
13.045114370572117	5.5631009102564555	
14.707499721929599	9.009130234377803	
13.460090640271613	5.628681541343075	
11.422904798407625	7.0751991481594425	
12.107804610143813	6.534589212938353	
14.104541584024494	5.794679755585777	
11.355701110895954	5.355606183883762	
10.920014551162202	6.3352909212954565	
11.597665971739382	6.767686903613851	
14.751424834947898	4.727436187935352	
10.337383601502694	7.799823981027549	
11.251024479277252	4.364527057879233	
12.216671617694944	5.268614099275257	
10.169072012170066	4.524973047551539	
13.235807047037962	3.6918758057473	
12.962738713585379	5.211271872453962	
9.44271873876354	4.901837418038607	
10.910540509549296	5.294975676748595	
10.355520957627052	4.807935465792875	
13.562503879469263	7.6288378978265765	
15.062865463420806	5.600015606420877	
12.960386662834	6.54457248288953	
14.091330739775803	5.545416929123599	
11.073994672828405	4.963461049152629	
10.961898755792905	8.32473668139215	
12.973475578755066	6.643666762295771	
8.488804796112678	7.476463654739389	
11.693633598576593	6.1627219857687665	
6.217972709089994	11.284941591475071	
11.05672392765295	4.494345726965394	
9.825679147538848	5.519825534671461	
13.609297919616763	9.891292074131718	
13.100393973399937	5.170363976581026	
14.531566022557353	5.717953325294343	
9.316079195260766	6.911831765923719	
9.861570099811757	5.553757855506176	
13.906975994749123	5.402978404940492	
12.338356042485158	5.6297909686290675	
11.45301500561015	5.367323130739587	
8.789464010550214	5.983653972920676	
10.311840682752303	6.226660015867551	
12.850015267611141	6.4085656927033	
12.078307957844741	7.40213793887579	
11.538234995755731	7.793770447918593	
12.093080991119555	5.684745414600276	
11.826415414307501	7.845352541935591	
12.13338913847745	5.3097449103169465	
10.221825000385397	7.206154589226011	
11.67445938971872	5.761603575529264	
13.438294332238181	7.854465049385142	
11.579886600268038	4.281116950074158	
10.579874944366564	6.4679582465785055	
10.416775958167845	5.729338066786823	
11.708701460267685	4.564050397664162	
13.26394167883099	6.558373390294589	
12.944768716084818	6.2038182340899155	
12.533819789016972	6.538342735603202	
7.89709591580576	12.062460347920316	
13.981519047550291	7.55999722581072	
13.791417361548714	6.615752030730796	
12.456293664982963	6.82482699851217	
14.276707633877008	6.82144586058323	
13.941544357195085	4.816427726098152	
12.415562012523925	5.829208542883808	
12.658598371598067	5.533004899697433	
16.153239323732524	5.518917388639189	
10.858287377173289	6.450106555609712	
12.367238958872324	5.374559620782278	
11.30279522412759	6.014025945035283	
10.9550914705406	5.673927956165195	
12.937459385789992	6.128623848710569	
12.548561463759961	5.621799169693288	
12.40799180160679	4.8170934039147095	
11.789522289881646	5.918918820032093	
13.43250861830844	6.786003626019367	
12.957768849473618	7.796958767571015	
12.149836197300894	8.316136865107826	
11.38082949983991	6.320854815158013	
12.447136850577516	5.622206446217925	
13.682394457788382	7.4031012359475685	
11.623668866304552	6.587751910054328	
12.454274725420856	5.609899473213055	
11.630063232017072	5.661666779360726	
16.178768355964632	8.58834780336089	
12.334304640655994	7.596563135164825	
13.573706108879124	7.668619091224604	
12.129987231541662	5.220360607024347	
11.294200797548783	6.588761351814543	
12.174028564528394	4.781214090565735	
14.187464088383981	5.5141579105535525	
12.077939292620103	7.4616510104229645	
11.942106000470645	4.90829417041796	
11.885532364921204	4.582018080184893	
13.150464609986066	6.266738223144195	
12.956624720675258	5.343018362123434	
13.916720181741532	7.253743403525438	
11.176318864791666	6.037797647693973	
10.334754314543565	5.889200957091175	
9.159379753754267	5.744731110765025	
10.685610110412846	4.463918264453799	
11.850123416012973	5.347359453422524	
12.454141415043154	5.957785386477767	
10.741157348815081	5.796169784979552	
11.176827876101406	5.7832430015047835	
12.698538280708705	4.723747939093417	
11.731913160134946	5.811526285738417	
13.684091345204052	5.179359395739202	
12.497725169116785	5.9922709731948345	
11.347542732522284	6.116512147549836	
13.584629297910503	5.4827968840547125	
11.837066838723484	5.813423853233244	
11.962579159431497	4.643010340527968	
13.513481111275079	5.698226859142649	
13.839574284845689	6.040115683204047	
11.287702543910173	7.4938941681993825	
11.78131332453344	4.946239390188051	
13.321850093461567	6.996205869254339	
13.6106924880105	5.451620971179496	
14.507124203560316	6.440468714363736	
11.317096756722911	5.167204277386854	
11.564219283610601	5.328537245817338	
10.661696036569458	5.497802677653538	
9.40220213125181	5.861861702999238	
10.652445340435646	5.129331509736217	
15.790550156149425	5.763069009117373	
10.061689846895455	7.233162825001993	
13.691563947463665	8.718489319878342	
14.651702015106752	4.913166108217288	
13.697426000930678	5.480483377713024	
12.080262351647162	5.190915643659859	
12.400027501035167	6.640094914072475	
11.397277969940736	5.746713281422164	
11.662365115509836	4.810036961807508	
10.095460798655328	8.214717565655219	
12.589667234183493	4.317092584485535	
11.142769450489682	5.879402851599728	
13.858366224229457	4.641866918863632	
13.74929340257612	6.233676545452708	
9.754718380431612	7.530296203145632	
8.959855435417241	7.96784749114938	
12.109490079735227	4.480046046511337	
12.038679506734926	4.418196369258189	
10.710476731093987	6.4856892210061705	
11.192102605728074	5.783054840097563	
12.776777792455793	5.719482238764724	
10.787989494906316	5.015146609020498	
13.730142109154578	5.18407228243928	
12.7784606192355	5.051845211476569	
13.126657300099033	10.026859084163382	
14.31291295829495	6.480686322382518	
14.567813157432967	4.99246807402331	
12.916798105065936	5.8772694674352834	
12.231326061544511	4.965980066297277	
15.190813625077046	6.12214287975917	
12.301766530851422	4.648551692593954	
12.170978069661157	5.028113526975145	
14.51283039420068	5.852654603164549	
13.566549762485902	4.274173399067438	
11.339717307654661	6.868732172541658	
12.957348854961912	6.847892673346005	
16.164755808578487	7.150028392985867	
13.801774037430118	6.220540519374079	
15.345741901093959	4.826111273416084	
12.158061428044475	5.672290211790987	
15.615853510232107	4.575710327828935	
10.899964160870054	7.40351228241772	
10.802537340558422	7.572873973543292	
11.600274416022307	5.854889663135107	
13.713533869708858	6.180490956230729	
16.696548971873558	5.964735491609336	
12.656597709373376	4.573572579469391	
13.418308052565543	5.689181896267277	
9.817304911945639	5.2029540646942625	
13.187571978165025	6.488241522693244	
12.227629464386998	5.348824685270824	
12.73685524949113	5.237630467610373	
12.291892411292014	4.821324470408415	
13.9530406200266	8.249490211800193	
11.888200811920068	5.31433480385557	
10.902380687402587	7.647671880334061	
14.154073368041107	6.033156495543672	
11.740783064809527	7.138687920143095	
10.221269800251969	11.827556539374852	
14.45082909008168	5.641522837109592	
13.303627698110624	5.912046115928607	
13.02910756844136	6.534447371768865	
15.148090728094644	7.31487943904909	
14.781671614226514	7.283076672603159	
11.604994389465546	5.2023006390887065	
11.083828853526466	5.347769593544514	
12.902930002645366	7.837401790108259	
12.379907096470417	6.1844039322580135	
12.875463652679171	4.82307561946977	
12.70032297097425	6.157372546760879	
13.582954406764856	5.322666035560328	
9.959173515547072	5.4602990230092034	
12.333146788840741	5.397342148160973	
12.707520563446396	6.547081104130969	
15.014608355387498	6.80910768388026	
11.921425459133697	6.613280178895974	
11.562224197672496	6.620569757873901	
12.945134086040174	5.12904713905822	
13.403855356886842	6.143246576737989	
13.683050032448682	5.432347383485811	
11.281231475145685	5.49075120118626	
10.889051746916282	4.075555621937866	
11.676345349295051	6.095293976041541	
11.856108796588874	5.778183545959998	
15.338649767599291	2.7846609199864054	
11.327491462579871	5.573217161628288	
15.657839578871418	2.7326803891591855	
9.686427790764547	5.902070754179762	
10.766704532305498	5.246844926418345	
12.69848303417777	6.217605147769827	
15.076928667719539	8.514528863806056	
14.570553620106194	5.7279368685896515	
12.913286345593702	5.101328206909927	
13.251728915043557	7.213477339601542	
13.956203358278662	5.4963403569509754	
13.340115449355038	7.191486121161395	
14.676867778025407	6.17720939197185	
10.876047660516187	7.405290164832173	
8.964866475721934	7.177097983468464	
8.221624386127251	4.615861870838598	
6.2880879195041794	10.726278507832772	
10.842679694181701	4.270624283865258	
11.275138592773926	5.4829791778125605	
10.762021709691497	8.558901038538758	
11.154461981100036	4.672551691924936	
12.67849282577515	4.81994228392584	
12.788472343874263	6.814377668260547	
12.544539902635378	7.100068119481644	
12.113256626740466	4.651133217986832	
12.538742702080656	7.444705526760068	
12.327121188491958	3.968168057158772	
12.835238292299211	7.690796131694247	
11.116892270004955	5.755537679717392	
13.67127343331679	6.807516998457138	
14.741782089357638	6.346921126728631	
10.361063625216655	6.319725075160731	
11.963405230889087	4.9208447899645575	
10.66439481221618	5.383455223427707	
13.527586066520314	5.177358393154342	
13.946711735977804	4.947206525419542	
10.522217123440932	6.009719686162321	
11.972953734575398	6.496787004160253	
10.579229150318556	5.101607087668732	
12.75235655276727	5.1664407427539745	
12.291821958360908	6.757203331615677	
11.537199368734658	5.423627254002924	
12.772899301811139	5.930589927846724	
13.152152175412875	4.991822396260977	
12.001123253073656	5.9525805893887025	
15.20848095784237	6.072928301390827	
13.256845359279708	5.961213050927859	
13.606053016184783	7.715497827439817	
12.00826403168804	4.465119680438214	
11.605883055607507	6.521102976393351	
9.537910026386628	8.323849706057363	
12.524413819495551	5.162442602703374	
12.063340576292745	4.813583871750611	
11.96150490950972	5.434232571101489	
11.818828552679365	6.873795719547047	
11.269692203834113	4.9718261030325435	
13.95078202554431	3.852506630649295	
15.207209338511793	4.89411600468516	
14.77113722058587	6.362393618785554	
13.940475253819104	4.6495891318453495	
12.017688690710504	6.014155541774309	
12.02786055567962	4.183208839262418	
11.793358945038424	5.770483570175195	
11.489918765777952	6.1608464246349195	
12.87027216355972	6.10826348682877	
14.296279034297335	7.366938202199388	
13.442100877054605	5.011588682550935	
12.73569355381838	6.9848806555268474	
11.537257251518254	4.892099255114825	
12.202093466369417	6.743824381610074	
10.344927623105994	4.829104850187491	
13.73937109187187	3.874098370880308	
12.601920012871433	5.114173084676121	
12.071728415372561	5.366524170127575	
11.538709181487897	4.161397006048189	
11.023054920199726	6.116181104898436	
12.624474276063623	5.724432095111128	
15.297128213303447	4.888908880899763	
11.638204022070733	5.030861501491121	
12.00041873288539	6.1321919220208345	
11.974094267324904	5.606706110510245	
17.693081206322784	5.329968178992785	
13.833354975366179	4.870090183557595	
14.05701881217489	5.354625910079438	
12.265716571154407	4.762833678944926	
13.602970992005398	6.079474987961031	
12.266365288857836	6.931320316875452	
11.90824055913883	5.297496783963011	
12.026630568727082	5.12652806370283	
14.691361035345908	5.1727742654637	
16.20355484133984	10.184808019123984	
13.414216873931991	6.995623144979568	
12.023406526958107	4.432425802332148	
12.357246894171235	5.939211094452925	
10.924669078657244	6.366793093518476	
12.165514196673447	5.7756032464288305	
11.495287634224574	4.3607136946675364	
12.737007605348754	6.773676355254633	
11.894641870715542	6.421920292329491	
12.882561606863987	4.649643914004982	
8.32154308744264	6.186420543100444	
11.438338318917316	5.697010584293684	
12.9859640672747	4.930254569941857	
10.884829873832551	4.965166052353996	
14.009086710225027	5.285034010309036	
14.875904193095545	5.545315224634769	
12.793638527122937	5.534644259447758	
15.734899370967357	3.678994159442156	
12.524326149775929	5.890774798978156	
9.795143598482376	5.2696194091640125	
11.664423899582111	4.766154773568138	
14.99702456597424	5.5275479454593315	
13.233202108264797	6.698489391232929	
11.719291985076593	7.051512511292716	
13.020730317027935	7.769888366697096	
12.771759999835629	7.020578443385769	
11.16259056233795	5.154866436993671	
11.174341833689388	7.08214196532254	
13.070830000283069	7.9137672250220055	
10.762290590581115	6.253238825486099	
14.427053759930018	8.208518315846748	
12.295975805708476	7.299819095647853	
15.80747963711547	6.545569170861428	
12.570131243496622	6.986988871852366	
13.049373819402659	8.30449601684483	
13.850993169719823	7.1341483541496835	
14.504518938771755	6.951742613270439	
11.40967198671981	8.283164776633818	
16.106744610685663	4.623432281175963	
12.440964037206797	6.661428733630269	
12.077505443918495	4.634389688401956	
11.264160729817783	6.317734964095008	
13.425454801145607	6.995516705468574	
10.508410313768287	5.6190227632577425	
9.833011698641617	5.823038161901684	
12.587350917270589	5.602435630719683	
14.23310418270162	6.910709768736171	
10.89521686038732	5.742262051015044	
12.23468528833302	6.045122721923213	
12.547257002748394	5.172173251510345	
14.530875779327793	4.523114354731917	
12.223263965424756	6.1009492354879615	
11.295845071498116	4.75014213908436	
12.20063725814343	6.542980731021868	
10.545089633127294	4.506246881721607	
9.905176909943474	4.8190246513815245	
10.81643889163704	6.174954910386414	
10.55521900111103	5.7954021232146875	
12.105031369436652	4.106665328018102	
10.557614113641398	7.195374804792078	
10.410261961255042	6.39607950058886	
11.938690340229911	4.35375329921907	
10.309396979990021	9.094356718930978	
11.691174541929772	5.365086529758221	
14.246632214139229	6.475058718148727	
12.419376175512332	4.865340177795121	
13.08385893565069	7.019511715665603	
14.159711352517107	7.502393703310905	
10.791182411931715	6.730686941123301	
14.01600307469713	5.319917725249102	
11.537374474513664	4.817667864797822	
10.483134876344163	5.56069288884678	
11.235212727175712	7.227025766792106	
11.867297989797413	5.387471807740367	
12.982571138320353	4.68291926260248	
16.654739960011007	6.988719960683247	
15.475432990855829	6.510090079226086	
13.13566169999505	5.907177373943868	
13.030483958857442	6.41983650232252	
11.311611220054857	6.128428499975443	
11.340815866938136	7.6571814447429825	
12.478498007315467	5.783677568029098	
10.838769179539648	5.210550109440079	
10.02551978421936	6.665142067604384	
15.330226963131878	5.900663854836743	
13.327604638157661	4.6156127664611875	
11.438415993767755	5.240517598718564	
9.724142804771645	7.078371250577744	
9.247293125895483	5.361833012254534	
11.687429852852826	7.335401496006845	
13.362781019433084	5.368610199253277	
14.250291050666295	7.271149189971294	
12.639238942307552	8.058862791278857	
12.53755152792174	6.295460659532994	
12.9578498764595	6.3898533686933785	
12.876414133090739	5.556752800807678	
12.900754593907482	6.981056823062518	
13.234908745298396	5.450968163144403	
13.712984692072308	8.026730257503061	
14.106915530805583	5.126600595346249	
11.434832793045457	4.8402744601817265	
13.054564266456149	5.087571139161034	
12.938138179343015	5.920428230196738	
13.742690882683386	3.9685724373229703	
12.544779109806063	5.530160792616222	
12.675036875924054	7.534238813295678	
