19.056367852868153	11.468879763457181	
16.189327747956057	10.503634100560376	
13.042224676207336	6.754853968396747	
13.837147450408299	8.974854920546603	
16.265185385351185	8.450253512906768	
13.33011339229593	7.595686121779465	
13.707519053708086	5.426515563948477	
14.772911310029182	7.725425548995797	
15.135369360951044	6.816160351025503	
17.578336117217464	10.44004225386407	
13.88927719085002	7.475132782478378	
15.241511631086262	8.098081283976256	
15.10051796175457	7.069640418668397	
17.64467309393639	7.188392699965362	
19.256208385039656	5.949015495735145	
14.850627975511644	9.83624952639406	
12.717685149868522	8.561470457657482	
16.559863784029066	9.405884033204387	
16.912570583021555	8.898366345784952	
13.53448594297161	8.934870213167995	
14.408988943138402	6.786390353637948	
12.87527679772219	9.146161307210193	
15.86272283236599	10.383432143862084	
13.237360692533153	7.017086883438175	
16.55821449248166	10.205885087912751	
17.038327986542217	7.568973212735424	
15.715992852756177	6.564200429917671	
16.828553500995696	7.018254108925769	
13.426212644126881	9.307876019081633	
15.59044751594455	7.919579086862506	
14.93124450738055	6.594613472542112	
15.13265346609541	6.662312712888145	
15.878960050118268	9.130257642399723	
17.019341531472975	7.275293995114584	
15.810591173013716	7.355025155459975	
15.003293934593467	8.206135877899566	
12.894660250705194	8.02973985482872	
14.469629804468006	7.141324473129277	
15.121030308119805	6.428061523736843	
15.97853642446555	6.930680944820678	
14.742720592771194	6.4256876341049916	
13.271332577453302	9.298915327009153	
16.954874829987684	7.017815579936705	
16.193802516671763	8.054403180968709	
17.17590304453833	8.178783382434393	
13.671181836331005	7.657728551279399	
13.816955108658838	9.438187690710894	
17.62688171456215	6.680949962743229	
13.744956753184814	5.373627537740719	
16.19553884049578	8.125563411546832	
13.501595477106967	7.454164533880879	
18.2759198221878	6.3638605696569615	
15.192395357171296	6.152829936080267	
15.52611072016674	7.178195421037742	
16.25306664813221	6.4997653101774695	
16.640491592781416	6.540707704688954	
15.187873027967928	7.566625074240533	
17.400246691525993	7.316079864208851	
15.992578324409278	8.46870461368468	
14.234837994680046	6.06622817947129	
13.316660128272115	6.37704643392719	
15.354242630517442	6.2087483151842555	
16.04748245874082	8.588125565792721	
19.564476975420718	6.233364014553184	
16.421135636076134	7.954122459425435	
16.960530868911558	7.2395420097257	
14.202724304167491	7.496470008245944	
17.416120697823505	8.22354114030846	
16.991399485597135	7.868953094913602	
14.043714753313642	6.611192324890894	
15.000789162866514	6.808481306759434	
18.499132603450143	7.964088215512548	
14.775386231627301	6.267599044853445	
13.461054314735897	7.780326131579652	
16.08289716439085	7.2366861819620425	
15.563489026190613	6.548824939914866	
16.659218522292132	7.256594091606947	
16.494351931242978	7.669637616172134	
14.942283802281768	7.165595124032397	
15.289448772600798	6.267647997638675	
20.003869294476374	7.4717680280436305	
13.806500975822077	7.032887874726594	
18.140078318448836	6.409438492552179	
14.447919438078864	9.858397678053823	
16.49153217995923	5.90783803571003	
13.894606396371255	7.2657761274392225	
16.732309654643394	8.615763703947497	
19.635882357434152	6.834907216548482	
14.22893853624967	8.953483793989054	
11.552448248356155	5.673750459402503	
13.051116170511438	5.955334101467005	
16.40438049512695	7.296364867863611	
14.571082777772265	8.467101925121266	
15.318147669455966	8.5484283297539	
20.555415146802044	10.296289601492271	
16.935963060974167	6.968148462394905	
14.313790654492436	6.660767088367765	
15.18451899360654	6.983358047803999	
16.528563983548686	6.810298282425872	
13.070166445081139	6.989471135302706	
16.25134347039434	6.8876320029432945	
15.822248275163538	7.856718717575195	
19.93286635044204	6.8340522448738446	
16.675105621514877	5.823691523588723	
19.213433972956572	8.288107818835199	
16.95718807642979	8.850673544132079	
14.799416832924514	6.963571211566748	
14.989521518760863	7.083967470200611	
14.121458806223018	8.9480164679094	
14.481845083913706	9.727908090388704	
15.3073447465818	6.965956768778291	
14.610769066420298	5.95832466991886	
16.495096406796613	7.324571702656628	
22.596224410269407	8.117929970631124	
13.94748100270289	7.055425751677809	
18.324895860094564	9.035899873031026	
15.53607778445663	6.857625165681633	
18.935099241194138	7.19607460856809	
17.65433130660839	11.29917456076137	
17.803221336594667	8.045961915662888	
16.46877307298962	6.429296496990101	
18.82628065241324	8.131629427773053	
16.779442153979513	6.957309249374957	
17.02321817256582	8.922411277610127	
16.85639034790249	7.76592520450356	
12.898240170382014	9.180393072401953	
16.018768712727535	8.516610585068712	
12.818559194488717	8.050483550289698	
12.635607782390426	6.3086043927731215	
13.975480382787305	7.561709097125587	
17.604517636348803	5.3404453186786025	
14.226509783953283	6.33548188381152	
15.299384517996472	5.983538172356117	
14.618387465070349	6.667151319302697	
14.391422891641083	5.298589233572633	
15.782411607963212	7.205058794256266	
17.167371076814614	7.003265411461731	
16.780230294346264	6.955145801102954	
13.410827539029123	7.333172771355951	
13.138179298248337	6.349001237298152	
14.458992384388115	10.727900515508576	
15.21951015012806	6.895214226697089	
15.409338648392367	9.616748541432251	
14.877406942380066	6.65660146314173	
12.89462527866647	7.023749781197803	
17.364213596039836	7.493775514794186	
16.71120139261155	5.628928308606711	
13.57977995980272	7.0885906820454165	
14.680418482572492	6.007157515025923	
11.84254251877656	5.815586539262862	
13.560037070273115	7.582330806616799	
15.283125757208497	8.146854020464566	
16.80371767858854	4.658163389683479	
14.147779387957907	6.037288138783147	
12.319769829145107	10.136253330768758	
19.790733473229576	6.144721308531626	
18.983906068646007	9.108225042656146	
12.572626589294398	7.20144755756482	
14.725322469337863	7.1007414125454345	
14.928109349974521	8.443718599410328	
16.993602853034254	6.779511454225871	
15.40456455911836	7.24152975366826	
12.58267871189391	5.903905600082791	
14.024454039428162	7.967217226994508	
14.521413600146738	9.826897677319128	
11.848251549011264	6.8992814944343035	
13.646099762760484	7.254437165602476	
13.577598797966976	8.228947403073478	
16.745157961092826	6.8069649477311	
15.632204456747775	7.051553184005283	
14.035387148308763	7.085558310262967	
14.78105836524664	8.613641533734073	
18.084410144167386	6.822820004662098	
15.664523943450236	6.556151885227493	
16.29081641796318	6.2984469087611075	
13.266117257301643	5.532934804883364	
14.776799941959794	9.793056135623354	
15.116166703123797	5.693563681514917	
13.533526081278062	9.648146027828007	
13.930619515183963	4.249139495342369	
10.969502422490882	5.205940619836713	
15.628172599749185	5.793011752826352	
13.302831201852763	6.651176822303782	
14.093281846137126	5.593866448895795	
16.289654601629938	7.371117771093767	
19.338634722345656	7.662987528720618	
13.80378897313137	6.115429387735452	
12.681806605440988	6.014790198424452	
14.140247899857437	5.35417695887396	
14.780579826072735	5.761728378218162	
14.028545473298223	7.219848083124484	
13.806335464328988	5.576397409599118	
13.217840436037989	6.48590825532834	
16.345101691323787	6.780904834062638	
15.565314667431903	7.662085015531363	
13.55461386233846	6.421630569429971	
13.9506405830431	6.7480001387732615	
16.35259272656099	6.106443673565469	
18.675569145996292	9.981248415589398	
17.958373054285417	8.611661304346782	
15.590335846204548	7.401391706179289	
14.306327644318944	9.921409934013893	
11.363522958647005	12.161394845340023	
16.129731273593354	6.586302186371727	
15.706738179157957	5.993358752312926	
17.768132375524974	5.361340877117003	
13.707838083220995	6.867858840544848	
17.39010388896056	5.773726577840472	
17.786635638952827	6.3292992305993065	
12.548250736686093	7.593830077837911	
15.82088166630859	7.838073675997822	
14.918977848217041	7.159825213573094	
15.59815780441297	6.540839710607555	
16.787859600571917	7.078064840772381	
15.964687275058612	7.36292033970333	
19.343069792449874	7.957377449103875	
17.44966715594106	6.517000608841746	
23.68910999475644	11.932563924108083	
16.985664907889063	7.673478314748783	
15.535557801641902	7.598207239488221	
17.289987420691247	10.853031880896546	
20.707294582313086	9.026822428989119	
18.630410698651637	11.582431053759027	
15.688945834867267	8.157924930422835	
13.028700531673254	7.935454128123424	
14.42910190120135	6.781692503807475	
17.028748823529327	6.114381732685664	
15.304539717595004	6.755075409325706	
15.631476544217268	7.363646687808377	
15.517183985238852	6.213869775605143	
17.454047955594913	10.235187069854998	
16.758920726321062	8.05964829455831	
15.622188923983044	7.6331332876852915	
14.079025356081095	6.513650496662166	
15.200854571067438	10.482203508117538	
15.734448667742782	8.884424931667624	
14.492704803913096	6.798526996621813	
16.40713271260742	7.856472494934419	
16.292128866888298	5.520733093275546	
14.627176070122582	8.108698637191493	
13.350539972458732	6.512096882834546	
16.415697579300552	6.239088618776643	
17.455941073593362	7.936539954161897	
15.67476404334176	7.090200421913922	
16.069178644662433	6.579206124330404	
15.10291301931156	8.361749706830915	
15.99379815983823	6.294947752735941	
15.4787011035141	6.349656008884795	
15.173511279742801	9.407603195669926	
15.064508281654302	7.287267405386659	
14.49364589764526	10.312030745424591	
18.155330191685856	7.881464527659405	
15.115962019399847	7.075776030711404	
19.827558879504085	11.480340585841121	
17.15280442488258	8.575311674764915	
15.377535874938175	6.811182695327176	
19.18051313502743	11.193469376686767	
18.562619956754546	10.479932702382747	
15.071459954839531	7.272148631320119	
13.597105527627416	6.275217275740116	
16.852652411887547	8.109453636864927	
14.833766067777232	8.478702613666183	
18.294172968108533	7.097750788522378	
14.633940822941673	7.148768298754889	
13.963477863560028	7.9487621163452	
10.207648445254183	7.2376641419433705	
13.285467837343209	6.50631034403622	
18.427659826621476	7.94119202887874	
15.383048543551112	6.971820519125402	
14.800662442310681	6.7711338482644905	
14.993800160642527	10.691283242214068	
15.029496321269834	9.752775757239482	
13.622983935343562	8.545338458692928	
16.46880762075149	6.929318250715534	
14.951455192682847	8.250434027443305	
15.765211125927395	6.728757366230329	
14.091612761447369	9.118137782171377	
14.189829336779367	6.049924604663965	
13.14783106865279	7.945277269981462	
14.361538437530081	7.203096384483878	
17.377389818370716	8.194579580963662	
15.920834012023132	7.254844586876295	
15.161824142856414	8.10627349370278	
12.333970127882278	6.489341628014117	
16.631606444804913	5.319025418527633	
13.60325473378304	6.534197878567201	
17.465668130163486	8.285117155310093	
14.890749059944671	5.3214115848544665	
14.833857916144362	6.894227288632191	
14.875542835933357	8.203807644963309	
16.440460512951905	6.8739315283098446	
16.374285629916997	7.330769865656602	
18.39645938317063	6.674189512362215	
19.10133452741858	8.585741308759099	
16.125498068896846	6.896540779795349	
15.620558154122001	6.461086548639947	
13.960612113067048	5.263367940827555	
16.448053293746437	7.9384192493054195	
16.75489961859678	7.361539112793759	
15.560025315276118	7.020838042681134	
17.752005388018862	7.191881815692581	
16.138751226974563	8.832335062982992	
14.004905572460759	6.043151229743185	
13.67067554702177	7.936902138185758	
12.999391625623867	6.687823853382108	
18.03794122228166	6.554410351089374	
12.359522744300836	7.358526327684285	
13.123806934889334	6.443442775944168	
12.590214722474336	5.7941592899590715	
14.305755630080244	6.76110621564401	
10.816387742101252	6.0705927735093885	
15.036585406840748	7.170737513583764	
14.547640093973106	6.954419141598032	
19.582327687450096	7.7582808113985084	
12.907643492861604	8.706151071465149	
15.586542859702098	7.3668144429483196	
15.010229229115794	7.284320804962212	
15.996422533289547	6.290883722221593	
21.771286155227845	6.338088139709531	
13.676403045244378	8.203024294970673	
17.856109534704064	8.17445269588965	
11.375041306281156	5.7211830375469175	
16.667652123028137	5.731266758316603	
17.339927518905675	5.803525006788916	
15.979318784800109	7.59994971079296	
11.917571204379918	10.705131427275651	
13.964574615370374	5.718775725987005	
15.419749781914836	7.682011690011879	
19.666481657174426	7.590378174621886	
16.999060479370684	7.8701477758190235	
14.87390413291427	7.206325443055827	
14.87260709341978	6.953858654263673	
10.929301650247904	9.923217329496417	
18.72428767113825	7.515264417801734	
14.804342219191412	6.630742433649175	
14.99279595507177	7.504862301908077	
15.946007065183627	6.441211413483402	
18.37310148842543	7.41468148539362	
10.735258191287055	10.434917092083667	
18.366891599645715	8.987982487477586	
13.043998175122162	6.38259001260732	
16.505735991517874	8.640647295272418	
16.915407485396763	8.103747341672703	
16.08652400553522	6.711427008866896	
15.145031736038183	7.547044442079559	
16.455342860417822	7.819733783221351	
17.243029647880196	8.110890443865024	
17.13421422970662	8.458425276569804	
15.865874840849205	7.541174265394911	
15.952570445485984	5.761816628150172	
17.066395483292876	6.706386978370493	
16.594595365358295	6.325639055196389	
15.843796183212596	7.460687601610799	
13.247820983709849	6.2798292602276975	
17.279881453713493	6.592809863117713	
15.280818676736605	8.975537737608537	
14.076531944924579	6.773666926937457	
16.699524714372902	8.657950435056565	
15.39245618115389	6.674252014262078	
16.604589808317634	7.173906112600327	
17.697433707561423	9.57999807465839	
17.624921744067787	7.9556555858773255	
14.031330137327432	8.080571133202291	
15.942249871954276	7.1177199345105295	
18.053289639841406	7.716791890789858	
13.184141682934577	7.867975380261556	
18.33360529952487	7.274627929270507	
15.206956733176693	6.792558764410125	
17.45536417182894	8.20695436419913	
17.459306753398632	7.322408545506353	
16.149278528460762	8.114215820205143	
14.819613093741305	6.765616261332976	
14.609093435571536	7.237185646620065	
15.768206020441024	8.839031446430624	
14.314149165318097	7.760785276498419	
16.116094291029533	6.628268512430332	
15.215155037833167	6.713205567739965	
14.937747171488555	8.632260855633534	
13.152760679757451	7.992401687665705	
17.55430418120515	7.763200149538521	
16.992738689994653	7.264204171777671	
17.20075360758716	6.506119605552976	
15.500207518062147	7.7519489916449515	
16.070771755991927	7.429982487031432	
15.918476164077052	8.209105120741286	
21.59694530240486	8.764698329607496	
15.145767376262214	7.40019671540449	
11.427903849845865	9.105414054654647	
14.359923874139396	4.313396267062489	
13.107913077346334	4.982973527412886	
13.999083911175035	5.3583685751935	
14.829899743788001	7.575529471116708	
12.99254607488277	6.297456189259595	
15.430776933982647	6.505842708141545	
16.60327351229	7.743453034874648	
17.504419858005214	7.452350776014141	
16.656910361925174	7.616774672904951	
16.246547744347893	5.787075571196529	
12.200150771325829	8.204494332535337	
12.943363930418817	7.885962067128236	
13.275927511500129	8.606353796803344	
15.129454757096223	8.128835198350663	
14.821325217127491	7.1905165488745935	
17.615236704058177	7.3347755435678685	
14.765841583981285	6.257468783387734	
15.037554095202049	7.693741896168833	
16.239724874154167	7.728111465577014	
15.12249620855853	8.665041289563913	
14.699101120669548	8.588961654806875	
17.83408643841105	6.116166403298742	
19.259669820815464	8.092283175610586	
14.080254404350997	7.295089822492865	
15.595525816325548	6.050183813075001	
16.216324390161834	7.911813131974184	
15.984309569585214	6.908026054095329	
0.5833385988681694	19.439225483707	
16.08789777665513	13.279652277633089	
16.699026931627294	8.068286892060994	
18.320783275098936	8.67962175788706	
18.756649724815226	8.797184594623264	
14.730995776534824	6.447288017215833	
15.077692821084948	5.645625830744462	
16.750157721587296	6.908297046266306	
16.872819511496438	8.755385084619675	
11.778903762449701	9.756714150241576	
15.01217031373529	7.763428789285401	
14.821312569568983	6.6585615750014	
15.077668389940184	7.3430304777967885	
14.023059148634209	6.111029710462121	
14.012856142704162	5.479824170339013	
18.21180799487463	9.693838427502097	
16.799360222167167	7.715336531208453	
13.869688001152797	7.40376050578154	
14.6471445812801	6.120014593547124	
13.135095846894188	6.19709526180723	
14.59565859372419	9.20646877553238	
15.78620063244457	6.8228819312184905	
14.063681331491624	6.17790921055747	
19.506871766265785	6.849502980767895	
13.69983140866502	8.050617934186011	
16.42432195506677	9.395521861738692	
11.761510091750017	8.639297677053625	
12.845538308607228	7.723465744134016	
18.19510986845533	7.980498361595327	
13.758082175060059	15.24902224944009	
14.347471007635926	7.632905191076502	
18.280102217944656	12.01371692031079	
16.212791670359618	6.442018615430535	
17.028408937144487	6.027654735318742	
17.56698451049978	6.907548160767331	
13.982177531848812	9.136438279277396	
12.61827224526943	6.47571186014745	
15.559316099129552	5.842687730131612	
15.433769663512544	9.295712202677255	
15.303479634336401	7.635772428024556	
14.780876147888444	9.486361219250533	
15.657625454728564	7.767858861970513	
18.11588979427336	5.1139608104375185	
15.078814142294931	6.037612698349677	
16.333848841305826	10.657149079895119	
14.038559963461429	8.670729942184797	
15.850524798336005	9.832550591785601	
18.699489351496997	7.891180141361143	
13.460775889647866	8.165991372052149	
14.78379429027253	5.902748516780332	
17.149495731269077	10.340885850204534	
14.635668630873436	7.157855000439027	
15.350869600341156	5.684287318491647	
17.93413551973616	7.6396588699871595	
15.724164172026864	8.403903544304663	
13.568162443380993	6.072238553831072	
15.939986121996624	6.09303938647943	
19.01221914375664	7.233291167774919	
13.525812718625046	6.473475785002671	
17.679162799428266	8.692315211905543	
17.21230099157268	6.12863889295933	
14.66588119215537	8.48017968044554	
17.960463963279828	8.44685156157997	
14.218847794291166	5.632534164710251	
16.061757949885717	6.68457270636881	
14.054436714785773	8.327463548804646	
16.832810774691822	6.495650372853098	
14.620539478500698	6.270912437409801	
14.354745886493857	7.113532810442054	
11.858380927944348	7.665746845564577	
15.359740558481331	8.496253825221665	
15.571109640332029	7.2189080015016485	
22.18323213946452	6.981500463098786	
17.273011642509548	6.598331982850598	
14.115285101863568	9.401943754636815	
15.285721751793055	7.917209190592196	
16.531591684167157	7.793223926739585	
15.294886367993168	7.935959970158098	
16.75804542503429	7.328261984782796	
14.348104721606086	6.788344747485059	
17.32033927549388	9.251467848478873	
16.67916628976531	7.216617822580917	
15.199488103308896	6.710747138265812	
17.517931799283915	6.96340928548077	
14.987888252215189	9.148757755158593	
16.80485673672408	7.7454952949953375	
15.722058131217254	8.969812061919292	
15.799569427175317	6.261750696924897	
14.795370441940175	11.022949535494037	
13.851917459183158	6.436349742546619	
14.902941443666426	6.41663223388965	
16.660165752534716	7.8999707812719215	
14.86524410596162	6.525576039713986	
16.022925704287978	5.683607967297437	
17.6542326134748	7.183491072266171	
15.88559061958806	7.237726309178058	
13.373360970175757	6.033414878129583	
14.190917198516908	7.410796143658591	
16.716603005392013	7.9859101778875266	
13.695055243484669	8.188901716567099	
17.350366014227088	7.648362942984229	
14.962525881921527	6.01477512007433	
15.105779985389393	10.645641106179712	
15.121972096744276	8.27751287922643	
14.077043893633478	9.658639265132852	
17.907142795707014	6.9195423662278905	
14.387673378627525	6.226076423922183	
14.514617739836334	6.556310500012197	
15.335501232982123	7.152770623245539	
12.026862532739623	9.131992810356767	
14.37475931438885	7.2861372982111385	
13.035962759668394	6.93735941393059	
18.474582361419976	7.347805156521175	
16.41026648888426	8.97410562531768	
16.213441702797454	6.234042027915864	
15.104918311187033	7.821271584274425	
15.656804608655976	6.164371748089326	
15.722323458630092	7.112974654947857	
13.603202801005354	8.318883326132834	
20.927551086630157	7.437919856949948	
16.53648029101011	8.441707965624659	
13.758576882973566	7.433228663875969	
17.57972892775458	5.2847933409375205	
13.138332888903152	8.587578921864448	
13.81494500299682	6.919192529975274	
11.951948714154744	6.643601369602523	
16.922001562904292	5.527489257725148	
15.191999483663956	7.623267524683428	
14.652897948492187	6.55648693866947	
13.580863594011376	8.62575812676685	
15.548633587992793	8.965875916137724	
15.518449631381413	5.529645084345448	
15.375597710527108	7.144148547438022	
19.090128219864482	12.540059020264598	
15.63696931658098	7.990469917002547	
17.086414666983515	12.4401876435758	
19.270470870088822	10.643129261583367	
18.894553464229954	8.130712230250195	
15.704156939385912	8.236130007839929	
14.870914609742158	6.211746447357721	
20.78747015946645	8.957256631779313	
15.317606432055038	6.732376320328649	
12.925031410896308	5.649521846114632	
14.486501554321865	6.681153300428566	
14.761976314371585	6.4223014493399155	
12.756055306660949	6.914237203455232	
16.50477519633244	6.540364993358804	
13.240402624233965	11.724978353476361	
14.278599384734976	6.436627934096094	
12.855286473479048	6.082819040320168	
14.275271564930813	6.852812439790262	
12.739981533120973	6.635413816119779	
16.904751959259507	7.37467978833021	
16.50078846756532	7.264417726477663	
16.389296679270423	8.163806922444913	
15.806276769941013	7.410897008733951	
15.034944984272846	7.984677055746246	
14.384959925514082	8.15119985976793	
14.517341273246421	6.615009156872116	
16.241572592431467	8.935855826478212	
16.0539765072907	7.676150517301359	
17.417132581853437	10.464783304066824	
12.435134813741946	7.007399473912253	
8.522310933406336	7.00445333489439	
15.113151707181258	8.472767804801833	
24.241248776321104	8.03075662483314	
19.199682438051248	9.5424424513959	
18.515503017993236	9.099381441163942	
14.83362262743903	8.935476614684356	
16.657675573776963	9.145524779309392	
17.50022964723819	7.7962320551757145	
14.455266614416564	7.32589057307687	
17.23505072163798	6.59793625774696	
16.917824941612345	8.580217887910583	
15.49438111126577	8.381772602075722	
18.877545355301326	7.729010806946437	
14.472306369151598	6.54539296630754	
18.365832995231344	7.946012696136269	
15.568772317175066	8.854563109193755	
15.068472782665186	6.594124288335717	
19.257051833191717	8.326765760412002	
16.666511123290576	7.509202369359787	
16.64047054789387	11.39696852682981	
17.400800523550462	8.734364524867726	
13.332706195908708	6.757268567472001	
15.138632382694038	8.219698527650442	
12.79712402884949	8.783213499583086	
13.807100824943936	7.478873175867915	
14.238038384366451	6.592818051897486	
15.420027268911912	6.044242592309275	
15.542239982949626	7.178161810135151	
15.581471444105466	8.893303088272992	
15.703614027152769	7.553983805208036	
17.842296668229615	8.450008902163452	
14.848466914809382	8.093039805856725	
14.885385912986875	6.947090110998556	
16.005641097258405	6.28847875841398	
17.303367876806806	6.612779719461778	
16.365302694497725	6.373415627097793	
13.2989728614333	7.3041728900192044	
17.72669852096513	7.244652168325372	
16.520056857116852	7.427592670953682	
18.577275338963666	6.629069790034287	
18.886307814379002	8.300046492916128	
17.424689087862053	6.58018412212572	
13.354637298811321	6.267721455817067	
18.625238283831873	8.182315257749357	
14.608494669716313	6.243434649673662	
16.49597514696377	5.51461982275709	
16.86798637793241	7.150067742239483	
14.48919701527778	8.583778889300962	
15.834164659828808	8.70821622839684	
12.809591864639351	6.742807724628907	
14.62439835806647	7.229724623215271	
16.43723385293442	9.467801840703798	
20.022660561854735	9.957755843523051	
16.615383631501448	7.312102491641368	
19.271943042914817	8.368290414744479	
18.970820718429426	9.979082284673385	
17.552777294773975	7.4099245536190095	
14.85049799772897	7.088452060656463	
16.835609070419757	6.3517217762978175	
15.187815223377259	9.50110783371289	
17.766600914255697	8.539083721818013	
15.383609268507833	5.882911500042603	
12.885175180747842	7.517670919058459	
8.729287252274249	10.675314495388706	
14.976902142574255	6.486707468803	
15.565535492313991	5.596737689338361	
19.164290949149024	4.166196147241551	
13.024500242355945	7.0328904273969455	
13.630758546404637	9.963914385204255	
12.652677971622586	8.015566973274792	
16.990470920159204	8.404134690766522	
15.970086505745044	7.378829868851972	
14.596270974985115	7.86882118798407	
14.560146006819625	6.199097067935688	
17.53308021243382	9.458027113473987	
13.634214746923064	7.041314968648977	
16.5817925923148	6.942017177355894	
13.940911749966686	7.008007345613837	
16.020181817306966	8.759514744235842	
15.217863991249848	7.966504769089913	
14.219256931595675	7.05954134191014	
16.601909072005327	7.950337283165782	
14.40342866410763	6.3085193068246435	
17.210927459817007	7.367024012480455	
15.771807276376858	5.559945122704618	
15.414782687225484	8.263239643344168	
17.25042607498624	7.787285682570134	
15.370358910080151	7.741787642771843	
14.520774710831356	7.552684268732999	
18.692086249463937	9.451728004916179	
13.301856634917263	6.4637539587415604	
13.140637027223939	6.727076951483663	
12.875877703799048	5.954130123071001	
13.682247462097546	7.72444019428411	
17.021837055235878	5.923471910966358	
15.732248706569543	9.11943760636485	
16.553450353509135	7.920635547111165	
14.049814704032698	8.579424944139188	
15.238673790232692	6.92907627457306	
17.504020183985627	9.432579899955844	
10.479802687006542	10.001785911666634	
13.17843317303623	7.990222778775278	
14.824888936045715	7.367327941863441	
18.44968636761099	6.532381942803483	
15.938896271339097	7.405149330342088	
16.762155885228683	7.3604452952195984	
16.64780116820473	8.94948866641324	
14.83845545800498	8.006977447563864	
14.870087723725577	5.978593780404608	
14.998912996272605	6.372791886334486	
13.465782477408874	7.262000763897723	
15.405589257850718	7.741599403926201	
15.189652169803031	8.890666992640483	
14.615742838332425	6.959067702919416	
17.762916394802495	8.383697544140363	
15.07185152628587	7.229165542616081	
17.516002782306312	8.306679264573338	
17.340078533312916	8.135262040729996	
18.860785219016396	10.710386637785152	
17.38203432729519	7.556795119124548	
16.845894893420038	7.032572138911317	
12.849202841740722	7.312860854184917	
18.89653938594535	6.907373334357055	
14.70037050398066	7.561167454328161	
16.42644124044627	6.216651392168787	
15.471116573630612	7.280192818218236	
15.29362778102065	6.9445882857315775	
15.61201219227275	7.511248215231515	
16.7856268662547	13.791553354304805	
15.105232607146553	6.647405871133219	
20.416626920937865	6.064193024248453	
16.07630360052194	8.377647024250704	
13.986748423589379	6.5817834987650645	
16.62616355514282	7.03939470679231	
13.076014346414333	6.970185442989279	
13.784622709350185	7.651251185553992	
15.084417467543467	5.863744639368308	
17.164335842982616	6.613802115432232	
14.888574919791804	5.849751878077456	
15.384112017032148	6.012647533614952	
18.186918133557512	12.554101473771597	
16.28754453143377	8.355208704144273	
14.409377105429805	8.201876509927157	
14.25913097752258	7.303217964237612	
16.289467290392498	6.821029904423225	
17.96823900552366	8.092265396952738	
16.482600584046224	7.292853690920504	
14.640958878397823	7.0625490260383295	
15.141604546634317	10.876657889666056	
14.06245646035516	6.6755412490051125	
16.61448849871446	6.924990923955858	
14.803756939202223	6.539990248603934	
15.005535915680163	6.709446114481877	
17.444879233904196	7.149651812003079	
18.034884056989117	10.69176896794291	
16.686565751394916	6.66853965819434	
13.920024623590605	7.870903828207021	
13.33450283120484	8.291141983797953	
14.153869325072783	6.895375286483451	
18.719569433120586	7.230908586543993	
16.689096492128566	7.443415847418653	
16.411593690878757	6.997602743038432	
12.97354391707947	7.721642977011283	
16.951252710631298	7.638113748403753	
16.33668090565023	7.86753669778436	
14.519402605405237	7.6491392104611595	
14.614424669263933	7.119288747214885	
19.261713806039253	7.150803016492584	
18.878738372023577	6.521087942659593	
16.53496828390711	9.821602183379703	
14.899567453965872	4.9364162053018745	
14.519459770244312	6.406031736112678	
13.740904904260864	7.414902820933671	
16.456561774120964	7.5369975378965455	
13.680479573347533	6.6273612031357505	
14.999051067399474	9.307253689467027	
6.337387179836559	15.786665257184517	
16.461140335710255	7.305432226544145	
15.62254532623254	5.9448059023283735	
16.77824311784102	5.7446345170654345	
15.995325525569227	6.933236020636314	
17.574955674628935	7.153732795848579	
18.204052909168112	9.510317539068124	
14.669934697187104	7.334190804966061	
18.25225444235904	10.71273525803768	
16.01610840216382	6.627686687628774	
14.659580545006618	11.7795265760844	
16.34881899059637	6.328056202190624	
11.726345173478819	5.963243681910151	
17.26131995775831	6.84399692143888	
16.0071861729572	6.273231222227587	
15.064878539759011	6.5212386274875795	
15.31709527426413	6.518146752967593	
12.946323391804295	6.032063145904703	
14.521867321825269	4.740320659683091	
16.199090269028794	8.23770140353265	
11.208811450075746	6.564567858471246	
14.661192695561233	8.392834449922908	
14.54954662945194	6.413740331700745	
16.395620619540946	6.780212680533199	
16.499846535642128	6.268405611601354	
14.185709037508966	8.188845081750877	
17.005135656438565	6.695425365599607	
14.186084077822077	6.551122516429861	
12.283603716266558	6.8171735659014985	
14.407340365796323	7.3623085240855	
17.392329795804844	7.595952613033101	
11.120747684538372	5.548101912217427	
15.175796336488037	6.59449593738951	
13.200391190511722	6.110650044725893	
15.614308149340417	4.901957035458183	
14.131789103412938	6.155763063543424	
14.572488165773082	7.887155527334795	
15.101339953893085	7.542848580592616	
13.037734992267382	6.9931272807310725	
16.007089641243653	8.23030952509976	
17.905361234108994	10.485962606240735	
16.460424253824353	7.599747203244325	
18.57991907019256	8.397674885697445	
14.682913707631666	8.799806912897937	
14.527608352656749	6.888983693267985	
15.194476796219474	9.672256025234962	
14.48779222640652	7.511215591586813	
16.85587479248669	6.1445485416944745	
17.275862692202665	8.207712602592656	
14.945038966388184	7.978213430612542	
13.777728744336615	8.38054999955449	
14.915469092074044	9.703326792122613	
15.966923888206962	6.436085294664628	
13.83596652055154	9.44503148290006	
16.1489365047585	6.033313045750821	
20.572581407965256	10.533224766554133	
14.330888170038543	7.222917722713834	
17.060098718143923	5.311979215584863	
18.774600355954824	9.182970418849333	
14.291168994131196	9.197173987767018	
16.341095203986157	7.405774899343487	
17.116308819089763	6.072388970594655	
19.540679711035263	9.078342265048272	
19.219081470631387	7.697339471332634	
15.682905533842213	6.907272338552986	
15.171339555943469	6.636447190076852	
13.847078736290683	6.867834311402585	
18.583463040615815	7.725681026844359	
14.782514440318081	7.340138783985239	
14.018328300095332	7.152172975651503	
15.95174974676352	7.254260268933099	
16.08067296540165	7.3748678036055795	
13.693990414906345	6.68282233559172	
15.039074078126509	6.580852699938833	
13.970912223016656	5.77160436084195	
16.06210132342716	10.24076806874945	
15.648570561300913	6.0760944386969635	
11.515392808335116	5.580599821429543	
15.587173150151209	6.501615398168777	
16.914170073700014	4.230602224757879	
15.529948067461342	11.084881382204019	
17.424113308605506	8.615402397469396	
14.801859143067041	7.101142289447399	
17.492602890457853	7.22679746959692	
15.548953968518106	6.388444787951938	
19.32445401295633	9.573777409335658	
17.416016474979646	6.636817646790876	
16.156136391765784	8.445419171092357	
16.197353797539506	6.994045129578279	
16.95093949018361	8.50517557205989	
15.417671647519628	7.2683000893442395	
13.721678882779207	8.515134295769437	
16.114140990961715	6.763949100727203	
14.206799312663628	7.048419784180082	
16.058999311062948	6.942294385486565	
15.886496743031955	7.567974019768085	
15.13261993511176	6.415214617846463	
7.774034589296806	10.495411918733572	
14.49618894162932	7.2507188231506365	
18.105556684240177	7.54886629609592	
13.670868013415454	9.319879559735172	
15.935944807107255	8.889320267770996	
14.143756723518479	8.102000290421966	
13.534565367027495	6.905186763733379	
15.684230478642219	5.73137085670693	
11.67939280191171	6.500523594400708	
16.58609267381277	6.245584248604716	
16.68469166131286	10.272265802486178	
13.859921814165945	7.925462112588797	
13.90546827720089	9.095343168938498	
16.25888530031995	6.215117688915313	
13.346534595652018	5.360597838106101	
16.50645324869071	7.092504072565567	
15.82856317239535	7.469295842154591	
17.715427923054662	8.785579231327638	
15.18576825634073	9.82243136488542	
17.916833087995734	6.844790337697213	
12.844762345125229	4.861159305269019	
13.761533280578575	6.333069220102351	
16.803324508860886	8.31111364645158	
15.58349332329162	6.540438534731962	
15.382166615520855	8.937886784836191	
16.245465143219203	6.529969724381236	
15.31150354449472	6.912261872790251	
14.790517636659128	6.75197477833866	
16.27122697585713	7.500849770170977	
16.950897891565273	6.696988241590546	
15.15856990525307	9.104280231393776	
17.0568852887519	7.2345457928806605	
15.54567698852559	7.027136466868444	
17.596243492430524	7.505039197441481	
13.015832420051126	6.86949886093817	
12.859832454432473	10.092239243536673	
17.872304411252454	7.114822557687771	
11.508374414998096	9.082488497943398	
16.514211438861125	4.873949931697412	
13.608229158631113	5.527198787326924	
15.17196609263289	6.728447227919152	
18.67283680599879	9.078422532734137	
17.03560185687879	6.213714539270833	
12.27049020904333	9.134452854948115	
16.69515480773735	7.058929367244006	
18.17567589116229	7.720610234572473	
16.321436358329585	7.449452177155899	
16.43236245187078	6.82239276771473	
13.374551609235839	5.8785458694800905	
15.337710675423043	7.443606839071656	
15.799023893779637	7.8814399825547	
15.430321384150576	7.288280492006081	
13.920522221504324	7.080309524390257	
23.974330160114462	8.64862350122366	
15.032549760205924	7.931495265529344	
13.225063293562199	7.668074724035308	
19.797516558092077	9.913907695982369	
15.73338212887378	7.894043487703408	
16.976582682809035	7.420971821462945	
17.137238507983714	7.292620727545616	
18.79152413898427	8.826700766703604	
12.260850367178545	8.14650471733128	
15.736834555082096	7.285346263884798	
16.794556292370242	7.517256389720184	
16.848482305226273	7.703319345920868	
17.58968847876838	9.206728151923862	
15.946600578253216	7.4307069018883904	
17.01989292900666	5.8803016145691185	
16.810759357431095	5.472353450169448	
15.942575466467574	7.510458203076081	
18.228231291002125	5.622092325301457	
14.04049096259837	6.784483728712743	
20.227117115027504	6.599903775538749	
12.783428508517558	6.051646045353672	
12.116877653186464	6.2013018664099615	
16.632886120551266	7.160743760571808	
14.252473817478975	8.319141910875373	
16.321367578429918	6.3407185694533625	
12.415707849797075	6.205099075616391	
13.565762389825354	6.905246953711606	
19.007238311777588	6.988029641512261	
15.626981923845417	6.982176412939449	
14.110121222975906	6.301883345445853	
16.17524288734293	7.6283179742006055	
16.4346429039091	6.518234524524265	
15.809333370189178	8.905029548622954	
20.16514275599932	8.159393180365194	
15.466337801604999	6.479924300992101	
15.223426143163683	8.456054818579933	
12.781317045895655	7.6618446721710685	
16.398624075194146	7.6105924389577115	
16.83360474839989	7.782941660121059	
16.385882139703288	9.703538532877992	
17.220409572775694	9.943740816737845	
16.381535892191938	8.067057210293786	
21.28187243906452	8.426149162201073	
14.526044145116263	8.172670460556777	
16.04309149280928	6.587798397309035	
15.457004286303825	7.723304510602939	
16.217017657294015	6.294228380831615	
