11.072907171792792	7.12331444072069	
12.76640167044666	7.497019691889689	
11.691931488859758	6.1530473627352675	
12.732015024786008	6.004986598845204	
12.594484911494273	8.288670631600368	
13.096984252384576	6.921482781616788	
10.18518967288731	6.7818085073498935	
9.007818180962394	6.77081845597169	
10.580930624777212	6.362087328797962	
12.173541426410956	9.152714862393225	
8.385459419960965	11.390146467851492	
13.543045619252895	10.27263714985113	
14.124268327528167	9.509610626085239	
10.854857573474526	7.367103020828656	
10.66836230121652	7.081599033176058	
16.679363167053314	7.066780102708042	
9.266839527812456	6.1117181825168565	
9.14525348871657	5.9426416033763845	
9.52296387148913	5.901746154670021	
12.345309896932786	6.761947493531513	
10.128688102700364	8.076343913825868	
14.934908216154545	7.559198205230692	
9.695381812187899	8.855785141314831	
10.905780281515064	5.927111625012248	
16.134384486218668	8.460341167121692	
12.631899810952602	11.240176026120345	
10.81078563786828	5.471623635995201	
11.159249595070373	6.1655253266456524	
9.633232658671085	5.874170709459488	
8.951987665144935	6.975482709558931	
9.101114769888413	5.1734184413421165	
13.3128747865459	7.7269368440386925	
13.344841466284615	5.670161824688821	
15.412159082873107	11.403301604964467	
17.54548872625187	7.011287361827326	
9.522688319825065	10.13116354922513	
9.55134789560658	6.547056821774579	
12.454731779787888	8.356194232490543	
12.730790153029652	8.179654589285468	
13.460621867689479	12.094729811686939	
15.833838191225649	6.999947509799552	
10.733135680720837	9.031138714371668	
10.753440159633431	6.762960425476671	
9.922075298648156	6.163838250865898	
11.477993953694682	7.4178939321596085	
10.05196404034153	6.687289176438905	
11.16440763423357	6.214347733654586	
11.500092241859473	4.360443857690548	
10.559897835984849	7.518317782149951	
11.121263072290605	5.89174959120266	
9.737091814826536	6.025030093779794	
14.979527076180744	9.944726228836366	
14.456035584656986	8.153747682286228	
11.436532191320396	7.784063833174005	
10.46433726758022	7.831435186472305	
18.720385196385678	4.828368970710264	
12.083519941231769	7.480945919797046	
10.490853395666049	6.615660303933879	
9.69586414752761	7.918290007147569	
10.453024188830101	13.20312770048979	
14.25284199855543	7.707990356947721	
16.110524455823867	8.537642998551325	
14.252369984713999	10.740414511101577	
12.11268997625293	8.391036895010293	
13.863549403433717	7.204392924317984	
14.498769077846681	9.684515492359465	
17.25712292849075	8.027992053012465	
17.971279526116454	8.84775399196616	
10.523983551511188	8.069478400050484	
8.68491464148682	6.108460414510497	
13.136672764918773	7.356660192335711	
13.210075905482226	8.84870278039377	
11.650056290974735	6.983811328489199	
12.632861114928362	6.555514838157276	
14.353336000989895	11.16552352411688	
16.501764820391664	8.310227941359036	
12.52882036811717	9.914858616224738	
11.863344943806457	6.936741044474008	
15.521126637244915	5.703569544708266	
9.919590057258288	6.2458711475205435	
10.938181304434767	8.40513494260248	
13.84498917670603	7.684430917089716	
11.512673691230155	6.5346319610030905	
11.972641505165189	5.869451255691416	
15.04074536153822	7.685839832305969	
18.511623285101866	9.355514283894012	
14.868681866708013	6.99260472971745	
15.63785184001419	15.197205968689616	
12.161825153621612	11.92413131641568	
10.789352164989722	6.806890081735042	
9.081739492514574	7.011944943040674	
14.468055439285454	10.145626069613979	
14.986829832052708	10.365771419674216	
11.753046076841756	8.946010466725186	
13.198813412751022	5.918811968709483	
11.16059086657214	4.84610321743133	
9.757873952543592	10.431501516195508	
9.958342759296128	7.585516865444916	
12.529517626356993	8.284805298208338	
17.50206281755951	10.420939870910559	
14.264294863765556	11.32377723659283	
10.054013175707672	6.886491439521931	
11.179141711029747	5.826008764630889	
11.317952813020613	10.591157089056692	
20.8804206532756	11.068612739453245	
13.91200663168623	7.776480588830968	
11.34247406485946	10.01678366972682	
9.988240803684683	6.769527253392783	
12.17097135213973	9.124954345839873	
14.070108784063732	7.49023347422898	
9.954528505044726	5.961116140964143	
11.575917751179444	6.185271069267635	
13.114368666502891	7.536058025049349	
14.541333206803845	10.617334169052334	
15.005534417718748	8.309623801405143	
15.022403728181935	7.175517011394755	
10.992275108717918	7.213385365740955	
11.664127122507496	6.3377518025025905	
13.790812813961466	8.716641079759793	
16.01524931439846	8.369174857442781	
12.396636573667442	6.732219581156247	
11.573396890710985	9.079591668390455	
17.053293585969	7.863056446953119	
10.417494826702445	6.274219708772927	
13.980145196657924	7.071169202545263	
11.537714580836727	8.922325902331568	
12.359398669920049	9.832614542241803	
11.124085111178717	7.720717461350643	
11.730690333857229	9.888251432513965	
11.512852858976586	5.7387075221432156	
11.09405464351041	8.622552801307995	
11.39504768274221	6.663035283849988	
12.864197080651516	7.465084169263296	
15.795664708691653	6.5815984321844265	
12.195803148720762	6.509593965687988	
13.037524592077427	6.097505263945657	
11.327326116002757	10.674651215664628	
12.137088601229358	7.471471966604994	
13.543268373372157	6.4160762753622	
12.174675374757527	6.448813435218345	
13.258240402728525	9.984114317127206	
9.687037400313338	7.824048238438674	
8.94566976059332	5.165414971794473	
14.245219883554087	6.819924562090959	
12.516792707524397	5.34851359447031	
13.924982498045182	7.509371885099802	
12.999421222938311	9.218343636074582	
11.177305968069888	5.51628927626769	
9.506653698895503	6.032834467996687	
16.094262748858018	5.276432125638725	
10.42367361540111	7.567002646271797	
9.796851056136768	7.9167210170460365	
11.077869924369804	7.286126608230443	
11.643789199400269	9.081771316697766	
11.290367074022347	5.043530197648866	
10.344866360875018	8.280720705453989	
12.047209897314909	6.911415405719534	
8.748341914359074	8.314029319597717	
10.887054894146143	7.767617362222512	
11.789743929450188	7.6906715923151525	
11.40543947499459	7.1894712894251604	
10.048113473414539	7.074697742747226	
11.408891177544954	8.334177794055014	
11.466104982834896	6.225357990491446	
10.560525814632014	6.39990737891437	
10.361158949742483	6.319132174826105	
9.427696028443188	7.133398181714108	
10.291684677480685	5.479390955186164	
11.507152590259109	6.3317751034041585	
10.930380453774447	5.671295911544432	
10.908697945777604	6.02581831184642	
19.640119388753618	7.534082916525688	
9.07847080053788	5.221651840901106	
12.465145501413412	5.868651036618988	
10.120686060815022	7.8607328976802116	
11.027310503988732	6.46229714512681	
13.471981276643138	5.57410967641398	
10.269592439850232	5.494597266583454	
11.52797854391501	6.692579901823847	
14.300940536000965	3.9470229931515406	
12.420149255567907	5.535448465570611	
9.791762919542208	5.495056491666105	
9.272174120446259	7.275933559560215	
11.748860430661779	5.831113529062711	
11.51127268146781	4.368701274773394	
12.515366802960393	5.394930693567818	
9.070413025772996	5.955927404155391	
8.45103779301492	5.706218652198503	
10.449764069410612	4.87409168107683	
8.627549584159697	7.155117195794654	
10.370297382435094	6.388036195439475	
9.733325555304507	7.734737541399819	
9.653431055278753	6.971705723394486	
11.03222871052326	5.506626229234638	
10.489814014187083	6.463588448891184	
9.422737367650129	6.906766553682721	
9.503003307191788	7.777168121213743	
10.945951665126158	11.176263263799536	
9.971702485074031	7.205788795988436	
11.311378463670163	6.445134044727323	
12.51058588423617	5.5993839636642235	
11.552885486359708	6.658218298792449	
10.368237728478249	9.559889690693652	
12.658244138392782	8.31609233700189	
10.187007243397431	10.405005431593192	
8.812217933274782	7.155149168666026	
9.607450018640243	5.0607383483621	
12.749401844469537	4.897148450910935	
9.968630133893445	7.537137531717912	
10.004251089568044	5.95553026741725	
9.941787752991235	8.518053615212116	
10.250548528634901	7.1104946501515345	
12.443715970830498	8.236987537229027	
12.975307585026393	8.5281602661875	
11.03773996986194	7.093067181222614	
9.61600489061324	8.097882807394361	
10.227744845160272	5.890600790014747	
10.92108714980679	9.408585479791585	
13.844648883772972	9.256520663818986	
11.45387740445521	8.056753625338203	
11.96209693736556	5.93807410499142	
19.054013749686977	9.564617032099434	
11.835041621485061	9.09808038461873	
16.372680244377346	10.688943730949823	
12.882932055375337	8.539449195034404	
4.1692642309368875	19.1168134313032	
13.80315991136169	9.125258045567595	
15.921785135672346	7.65682482058485	
18.46706354630478	16.735611817195263	
15.359047388052005	5.594389141103166	
12.309468861747265	7.435702036207793	
17.356864669307797	10.946775130333918	
14.045887041119935	14.656693902575025	
12.732479702930581	9.414544073811157	
8.946370298571201	9.509529624742106	
10.187299825034254	5.619540576145484	
10.499165764694544	6.862483654636634	
10.920450016807447	5.736306262917858	
9.806689582181772	7.098883249861252	
9.922759130465359	7.337484551153277	
10.626638909202352	4.338728402964264	
9.877133974897324	6.215983948365845	
9.99471383752431	5.7702200337136755	
13.361969266462703	10.880084716911181	
12.136301227893298	6.256373341679217	
11.599536863555281	9.423627319438484	
12.7144244641041	7.539179562661202	
10.62150649903334	7.884515904312899	
11.528811102111776	7.356073013294524	
11.387922565886202	10.950069895527145	
11.216627956923409	7.13580956666849	
11.902007944587218	9.019554849747237	
11.943612682133635	8.550948487338495	
14.098093493271607	9.945536940598428	
10.107122188687232	6.8974726356136795	
14.281107311739529	8.569733115371635	
10.858503440783977	6.137939670155857	
11.547573176056327	7.175099619337261	
13.840392758978519	8.953509265913889	
10.70353750715582	9.339552797598834	
9.714538047104476	8.9998031377268	
10.702823476979555	5.144145682282766	
10.011753599655126	7.228529181495387	
12.16871156172121	7.661111977828438	
12.989816610858188	9.054780068700138	
8.841681239699621	7.728498860722063	
10.782525948108027	5.850001176503242	
13.124663816268644	6.032297409785902	
9.723986907572808	6.665052785730952	
15.578808697114356	5.593345490134057	
9.611727791632577	6.263387181537887	
11.597198933262153	7.590547854847917	
12.14079751839182	6.5978207660461115	
9.47477094858998	6.8706364513364875	
13.291257898598761	11.071472528541344	
10.457513305907053	6.728556735791854	
10.106231418395101	12.804928140268498	
12.535459971140485	8.506414396334902	
15.931253717089305	6.133352435031974	
10.839224758762388	6.440393772172985	
11.147400250272145	10.474356375702971	
14.70481351502674	5.5756730302347846	
11.32364332600649	6.804600134376339	
9.958238461040718	5.749452125207851	
9.323639984304341	5.558029168385519	
10.85039997884612	8.468284218379083	
14.72350332413324	5.846067568941208	
11.189498895017842	7.386552267556273	
11.003972739201293	9.694999782370287	
11.599370653209858	5.329534287105077	
12.604016602982522	7.7476534881664945	
14.925780577212159	6.717037002897387	
15.465472098965114	5.265567726902667	
12.636463217158337	6.461260948366968	
12.703782928624689	7.704942070138478	
11.638274405480017	6.271105940689578	
10.651038458026758	10.137998062115935	
13.500477820091968	5.1143924180746625	
13.09860393305498	7.472698166315399	
10.988973768300887	8.092071962903512	
12.15725397303248	7.101753235963776	
15.438233438505293	5.0632932672964595	
11.974819576824153	7.219649497836124	
9.655081508542652	5.439236286164996	
11.628034945651915	8.327262972198614	
10.24999102444055	6.58294836459723	
10.157769973391533	6.505808393577193	
11.42124463369749	6.990183566063794	
10.722771871371068	5.395176876888283	
12.219390467304933	6.690665333553743	
11.188667729132627	7.326963424167456	
9.035595736475726	6.307932628081029	
8.816617998645208	6.642886000918905	
10.455072614667378	9.482715168620855	
10.470864365536196	7.2197522891613986	
10.450344082043447	5.589569236046487	
10.144889503298149	6.4319751475986795	
11.871083134308572	4.142339970905634	
13.124175989405646	6.071333896068407	
10.17918697131563	7.2770375567579375	
9.083178691892012	6.444384453447451	
9.80448052128865	7.391676119358944	
18.645365522865866	9.477401017138988	
13.263782834543887	4.451488460259411	
10.795071720691459	5.999673878870162	
11.066855851234498	6.868026781054335	
9.621701701906739	7.84174043460814	
10.337894968246774	7.02366113982933	
11.31235543381709	8.608521633420938	
13.999534739450983	8.574162943629329	
15.315949652528891	8.922871096067208	
13.69291028097462	13.937948250066135	
12.637010761032487	5.89286404972414	
10.766223640379723	7.803537274632238	
10.147694395504784	6.209965558114569	
9.563221283752645	6.091884854701469	
10.298867064620877	5.110878195785621	
11.552946618984596	6.191391408461831	
10.531204635616588	8.557657953751516	
10.70372743219385	5.331901465433412	
10.847381898202023	9.570693913276788	
13.745645575512041	11.945617380090468	
10.322218998879999	6.021802637193624	
11.244502507171022	7.396617734238521	
14.680023136244877	6.078341403928126	
12.487789665457429	7.478224165685024	
10.618913106739878	4.214990448061134	
9.77209205826784	5.637879718021135	
10.667033000532598	10.145670278081202	
10.642738424434844	5.550873637140375	
10.836910658839125	7.211463172818122	
12.517203934180074	5.481403677785631	
14.587752871334065	5.49254057652876	
12.406052795019118	10.50329943306146	
14.887521408602842	15.935237680332401	
16.03801461572849	7.06542864674084	
10.955416482514497	12.019876489258795	
12.989877492384212	8.056276440366156	
12.986007556818452	9.16953415123436	
13.613097684474432	6.2749969987885414	
14.012261945579525	8.905441762657828	
11.032922945726305	6.9683669240621	
13.9903985362108	7.114955481659657	
13.92341485305552	7.638063565219241	
14.137298350330889	11.091649324003404	
12.329046041093347	8.958326972836302	
14.490532997063116	9.416090101036719	
10.077396550665984	6.904776605713151	
13.189123605125205	7.11274070787165	
15.710577829480625	14.474938915629961	
12.111736666263104	6.725252374554298	
14.125857209553907	7.106603009309315	
9.908457197386149	6.172654142533978	
10.921697066065656	9.518278603970945	
10.909324660030212	10.884857284069355	
14.367638213281754	8.833006651199717	
17.191555656431323	14.636698314439206	
14.112156587079092	11.880761797777547	
10.490812156839276	5.995258047592789	
8.983205679927085	8.180904587364584	
11.814764615028118	7.954725789631711	
12.102719489228983	5.180587581884498	
11.301645264088242	8.334880546017962	
14.487445254556738	7.159476188815565	
10.773333156224338	6.027418219224991	
9.964438352327663	9.481972330758126	
10.06789950919352	5.107571078837904	
9.259794221730544	6.892878357916019	
11.178429489325802	5.850059846980771	
10.716110412015128	6.112929849771589	
14.39336993140054	8.70310154528151	
10.580517561805292	7.513657586179785	
9.484594087237694	5.924488664316596	
9.92795806346683	8.033487258744275	
9.192275905506392	5.013997030921608	
10.429024253278065	5.370088559156799	
12.66679386854619	5.329648434661339	
12.092958481965074	7.396305690682778	
11.363454192609403	6.810311171423564	
10.339243871891998	4.85055099737384	
15.066302035189931	6.083856369707349	
10.12584770462042	7.4281336217574045	
13.602791206056335	6.683054889194613	
10.057991802726919	7.0716133533105285	
10.844089188930578	9.655248026671181	
13.42846310072066	5.434142739012863	
9.65713959479415	7.452146035256583	
9.802443207408407	7.297538664089559	
8.73898422484528	9.869886885247569	
13.41361213845312	7.965821924147419	
10.70983321328826	6.981742869289675	
10.435472863926062	5.173211179018439	
10.563159133033093	6.878137069214244	
10.430493251586071	13.025720683219507	
10.429323651132396	6.620398893564386	
14.630088190055892	7.687567730764647	
15.039753117140423	9.702994450047258	
15.752344414933338	6.472989281503422	
13.672087228488941	9.743939832386207	
16.300473074670588	12.789128903969248	
11.621957419869297	6.781184659783188	
12.309217461565169	10.022876815610731	
12.299457178163962	8.19029798789753	
10.253217854909437	7.485594387414934	
12.536757971469632	5.248003286256951	
9.70723834865063	6.7601037584602075	
10.409987787701393	6.532926481155586	
10.336042042374055	6.305771082263238	
10.365868258164666	5.757452923766524	
8.97519111873109	7.035427062612556	
12.097763747195827	5.40412686082144	
9.25052449145354	7.3972025596401965	
10.797236848435869	5.985914731372406	
9.870038315035726	5.672358870166088	
14.447500375622967	8.709007959810469	
14.57774898451903	8.910452111197603	
12.930333685541912	10.023673506941881	
10.411413041847982	8.098651317971257	
14.611524382722925	6.635147172246529	
13.227437996706744	6.487632807555974	
10.960305626761018	9.489498788908033	
10.956943356176225	4.767517194135645	
11.893695743787559	7.38376745722442	
13.714722527951738	7.9439391455936725	
14.844368639000175	8.220995456211593	
10.975251292642936	5.520812333233258	
10.329959193543953	6.644536658881798	
12.409704292656375	5.184337096903071	
12.338768481711258	11.104939104491969	
14.151707497330051	9.388275233277867	
12.226150105862406	10.051168673303687	
11.767799634733711	6.0136296780228395	
11.20237094226403	7.737153482825805	
9.768564358433188	7.481722437341718	
11.58035962910149	6.139388866419622	
13.652112131017594	6.328935030131748	
15.337637436759262	7.935726727752794	
10.544460516275265	6.350636793596081	
17.611573076952237	8.200644298243892	
10.240137140041499	7.225191040807023	
15.388166684709715	13.587301062035284	
22.15117858071385	5.385119119129005	
9.818709786493132	8.180319156535976	
10.804782595431181	4.42216320106378	
8.831240646188858	7.381097480919414	
9.61984703355981	4.901558461164427	
12.801987751469698	5.862144947399443	
12.275348891521277	5.686555449148483	
13.34896186416439	11.581740107010646	
11.055226615324408	6.00687863820574	
13.647989937291248	14.647397733836387	
16.17693676982898	8.114143341685594	
12.220644751156689	13.706849051543552	
12.285937385887008	6.922036046492811	
11.594274932523554	6.3796722178591425	
11.505822194300922	7.419435562462231	
10.863640869048494	6.0786168123015365	
13.133555887153731	8.460662903240937	
10.687105812331474	7.121302155177362	
11.692641825646025	5.9131248823681375	
13.0872476069892	4.551751520870124	
10.808634631174998	7.690549431384022	
9.623739411624415	5.814326735611706	
12.367452736279743	7.374215462755929	
9.941346786634089	6.647805852334914	
7.132220869333613	13.150656592313187	
18.127546514781802	10.388901901278112	
15.233537603230431	7.7193450353160635	
11.997326878823722	8.5833330884802	
13.220487377799548	8.519616366024199	
10.244471126504886	6.310825379053474	
11.510625342106412	5.243953461528558	
10.98501065632465	7.020356084504447	
10.620573052850837	9.937108240308081	
10.303712376648848	8.195323001366416	
9.640368795200743	9.045887039943432	
11.988727254961871	6.150803372190106	
12.282603244100866	9.62393684826005	
8.999559037409847	5.662383749301635	
10.870986582274613	8.525757979565048	
12.322626801272914	6.227990494701345	
9.78803430171472	6.489554964610448	
11.128539336449087	7.855285870116238	
15.90587345743284	5.9345101350425375	
11.861116832961015	4.48984179983119	
13.793947270396577	11.559513166620551	
16.131519412080703	11.564731882730243	
10.01797295601701	5.561977174953026	
9.305972303807327	5.635831714119883	
11.093193165497112	7.627069556685074	
10.862012189985476	7.774676944189192	
12.775362123719818	6.509804630788864	
13.265469517470217	8.760792454799768	
11.188041345031934	7.573028178882383	
11.420477276512385	8.753091047034333	
12.822523037753877	10.882597241899406	
11.237888336412258	7.09284358009416	
9.789396134586116	5.63649636232426	
10.432704049518232	8.21260440668042	
11.617474504486859	7.416432004535822	
15.4034804917459	9.632437384166877	
9.289984105474595	12.616414679243755	
11.801283662241762	7.805245960288415	
12.092654279035267	5.475492662043133	
14.901783885154096	10.409797101525	
14.641374306510848	6.026256553182084	
14.176493047625634	7.5364913729431375	
12.89023179081387	8.96911303790991	
12.345275359820102	7.791311214616894	
11.30441523177089	6.970493483850024	
10.654194656158893	5.116094611275668	
13.434192130292912	6.73296544687202	
11.203646884923046	5.46254877543511	
11.450742595195322	9.229640222227196	
11.27763369476993	7.247419121095349	
10.734178425691121	8.238450034122106	
8.685942715540444	7.800304689680107	
10.77267569842631	7.484566549133162	
11.870794109981386	7.347960485274407	
12.319028974206587	7.278425052109816	
11.347256201468047	5.785633148534082	
17.536518611200087	4.044889470356937	
10.10561700506213	6.369205242518938	
11.662761748012153	7.838402569899624	
13.982921835710112	9.481457800128087	
10.572093152096347	7.740852128874594	
10.743112677275722	3.639832618873978	
11.312875192156053	6.747775671264927	
14.789695042294476	4.753325843631222	
14.07331537743501	9.310755481588412	
12.120371653151546	7.231959617157424	
10.122027492241658	6.513686596422752	
11.164935532501076	6.842103271579357	
9.12667991423728	9.013343637531976	
11.90521540284323	6.7113544649450185	
13.499571341249501	4.478113172365858	
9.843642627267275	5.350963511730697	
14.057269979115757	6.943152577193133	
17.071503759540448	7.666770120537704	
10.185215215435184	7.555569518828252	
10.209059375913865	7.577922520998063	
11.678726818660365	5.3775804857993945	
11.614236356250832	6.203026954978657	
9.541645052075356	6.335279750876935	
13.092390341238124	6.996068812905613	
9.052133757269152	6.643572929152726	
9.856405240029966	6.473452940365655	
11.09643710760275	7.068518088527997	
11.751321302093125	8.834564531479954	
12.05419640025701	7.846103396286599	
10.314234833311728	6.60247777746678	
12.510548421095312	7.3429635062083785	
13.146665870796884	13.538732286176215	
13.02164060281641	7.68251809538607	
10.62185736483169	5.721032008330574	
10.808903860075208	4.801572844210088	
9.688779814347894	6.1288495798047355	
12.055782240913627	7.023385387046386	
11.807940121228812	8.588265611892533	
9.192112176380164	9.064071391211694	
14.839386972346285	9.781329595286984	
13.39399960174253	7.330097940289278	
12.66231973031987	9.010909877078308	
15.229741266518099	6.400090827776145	
10.116827803925469	6.273975300916465	
13.46761855040519	10.328093401579718	
11.51544250167279	8.857019361274197	
9.121149919654693	5.803465161427044	
9.848612784747687	5.402649980946177	
12.17516077525414	5.321516288721	
12.792915844233299	7.2601520857171025	
11.699077227018753	5.30482487764667	
9.203469254327425	8.116789953607958	
14.378788028487811	9.516658988497529	
14.805436271402218	12.758231107016528	
14.807125555779084	8.23071331869668	
12.415328061512502	7.574401641333572	
13.253602230256353	8.188240114980362	
15.320082283501014	6.926030090448399	
11.731392051352021	6.002395403695586	
12.660628440427693	9.619766380075712	
14.111255876618776	12.361029686906358	
18.14497600708061	11.816407237949969	
14.255201035862306	7.6872907334511	
12.180048114147285	7.069416820009695	
16.21708634555615	11.325534692802798	
10.772146782280752	6.9381416094327975	
14.084719743135214	7.551985372626169	
9.422707438983618	7.62059429666645	
15.032249467295356	8.167265199856091	
12.59589899073465	6.515748970304586	
11.16003506092644	6.066433134760078	
10.659276721538872	6.763957178535947	
13.09007554804898	6.374148222865382	
12.232347735049201	5.429624160246747	
11.35490644673818	4.6651355334504485	
12.220465630400007	8.050798830063338	
12.768269015850525	6.809858404032592	
10.117563573629813	6.85368463671702	
9.246965202428537	4.8267153356337165	
9.619910021002513	6.450760934772763	
11.456973797683498	6.295889793329511	
10.174058643685115	6.864478692917244	
11.818703425079685	6.597502532561809	
9.667947352524322	6.36041128510447	
9.679965796119648	8.897546077987652	
13.34875471437092	6.874304594309162	
12.336361609937514	8.39250347194339	
17.392442014020386	7.129842372545346	
13.2316743609857	9.992423234518572	
14.691643399164164	10.728923434765305	
12.252758420058422	6.7503338307984935	
11.578837551929562	10.181275743646417	
10.221290994537679	7.649607225289599	
11.364855473374094	6.7046296446064115	
12.290360407747453	7.161779635296829	
10.635238908396957	7.642682499604553	
11.849311106559666	4.580351819027624	
13.144538367840973	6.068193368356438	
13.769264881383524	6.866935943851256	
10.30776673787377	6.12803678746412	
14.52495526990533	7.053397941283622	
11.612668768213737	4.940733053294734	
12.06435596038283	8.379631629382864	
13.552773088295881	7.5588651141756555	
11.888740322422908	6.355865708999711	
10.506142318761109	4.808295992519162	
13.39182243019871	8.361088680660533	
11.02719797235432	8.776704394037987	
11.935854764908656	6.546169476809214	
11.36514248163031	6.823872809914686	
10.35873964124742	6.361394444233953	
11.263621730257759	7.636676574061196	
10.541640888407805	6.399687419956089	
10.446568438989145	5.337007140181506	
9.750422766905743	7.503448731192125	
12.472237798202533	8.762051065710223	
10.104964783951015	7.695653338480145	
13.33613312582046	5.741727917329908	
11.903414753644686	9.28381331038862	
9.360661984929346	7.614873912797895	
11.590175139719895	8.981196771393694	
12.131013698574696	6.561727533430734	
9.136515037268733	5.9949313861278615	
11.37382521436221	5.394490398918222	
9.994262955591319	7.122501763252361	
12.019151730865925	7.673408539887391	
10.930606750608035	7.71804578156273	
13.895050254775862	9.367336123720763	
14.101533707361327	12.738391185992757	
17.930459902458765	6.888712771110236	
11.48336125524804	6.661375926268562	
12.812004381312596	5.0743326771325785	
11.382084476834587	6.104078698083516	
9.45012663474856	5.962612816105411	
15.443407873997977	6.953441563592214	
12.307426668573274	7.821766725680301	
11.693692984873163	7.02831061913884	
17.670548188880648	5.253456284474188	
16.16344312508916	8.017575003111604	
13.070066966120226	9.202201260361454	
9.711285362077414	6.538555640423869	
9.861121329237445	6.6219957197105295	
12.758740225400391	7.634311065158369	
12.290607257426757	7.564397128244019	
11.476796037625576	8.357716828602666	
10.727256152204074	6.58049478175418	
9.84829791197432	5.511172833030274	
10.045676138061344	4.812261754180476	
10.566604226093695	6.9349630190893565	
10.40557464780221	7.423408106596863	
11.137020143546671	5.978379397219812	
11.529168432904344	7.65273413097025	
13.742761146734683	5.430587407004742	
16.055294254653422	8.359299922335326	
15.755563954321186	9.4063836510567	
15.187140936108255	6.586617277473995	
17.291976234416516	8.22841628675177	
10.879788044630649	7.010351922200883	
12.60800025011209	8.850275559580579	
13.118846710884494	8.94262472074413	
13.15429820932478	8.02424540921807	
13.413732813231256	6.2803963732239945	
12.218901648922909	10.23796950654208	
11.879948681399467	9.218060538128364	
13.873106526585511	9.648958279442784	
14.156342254929852	15.849326198494234	
22.785325359646325	10.606880228596543	
10.882978705022287	8.310188710657044	
12.455248063934837	8.977525443629508	
11.832314828270523	6.161669314717169	
10.636773415176124	6.841394904489185	
13.649050873451857	6.283255208309873	
11.638254503098493	7.258638133618748	
9.660478154991116	6.127922349977517	
10.820624739708679	7.047958451482136	
15.007547085705342	8.7834479581836	
9.635790295563847	5.196059805779458	
11.941926232991365	8.25958029270895	
7.8039930953096395	7.6883864721654245	
9.962944208378802	7.777610348267795	
12.067216485530212	4.696230250504158	
11.790588550826365	8.363005609196458	
13.760264958637656	10.262042684156743	
14.72784936345471	6.061640124058418	
12.472855667631535	8.758191212702716	
13.137788637505327	10.49339384639722	
12.097278115176543	8.666018064518202	
10.284333510448892	8.38343284362908	
9.588656637766807	6.53096528816847	
12.366066638623677	7.4427736540696925	
10.744461964021726	8.083668602201527	
11.827277325123918	5.2985399851415025	
11.48365505124778	9.555426330318124	
10.500865452496145	9.681726825761293	
10.035514344559695	9.269754836853126	
11.304980060082535	7.264137665111422	
11.25215805739262	8.600618785575724	
11.047667647574574	8.445264130038323	
9.129741597759162	9.270518480784826	
13.730213723416918	5.321690606233945	
16.83977096801679	8.385904112510886	
9.343065878016874	8.37378532543524	
10.967820256894433	7.532871222056572	
13.800313335999144	9.217078098363467	
11.268895695757177	8.065466933621682	
13.352616807179512	4.693410082948727	
13.116184194556764	4.977568889447871	
10.630069280814151	8.103566667305932	
10.71693396135606	5.6417712117604655	
8.729433956210846	5.036075162450673	
12.58431333791554	6.78173323794509	
10.870482571472273	7.339220595204917	
11.165651135969958	8.10332595965003	
9.969267491079943	6.05900299333019	
10.656686663943898	5.823244784423277	
9.856486846280434	8.687108417124437	
10.162473464580469	5.137766161228114	
9.49661054179467	4.881662822868262	
10.0295742059428	6.789942356536438	
12.082412814069286	7.581083332024214	
12.946628226057628	6.1048165101937055	
18.393946400151783	9.391730500340017	
20.275803399430522	9.89895580355084	
11.381114310741177	9.94005052253298	
10.856077354631394	8.725519055896202	
11.386245422404572	6.767429420584411	
10.080382219749598	9.12907386786113	
10.319239641857406	6.074538503977727	
10.367682044572716	5.7083528350450266	
8.808481254537103	4.964802470013407	
10.214947521948998	5.695797187831625	
10.176923474729795	6.454129363551066	
9.970635171297268	5.907132935157327	
8.07168268091424	5.078346765458009	
11.395088188029398	4.981140743079995	
10.574715990529436	5.629653173981628	
9.816892552533307	6.936758614609819	
12.170088200193272	10.393076102798945	
11.332746945728395	9.524574190834567	
14.28888694531212	9.31931378839339	
11.490551460216675	4.5595086795707	
12.200524908539496	5.747761391465221	
12.79462986518167	5.387069386382519	
10.968064856572047	6.9300230538725325	
10.84900251882062	5.0946077101028715	
9.81802670969591	6.306566581539737	
9.489174956475004	6.724994805509817	
11.753593858552588	7.706298279217432	
9.079840898025333	5.962921951871554	
11.721980495075806	6.623097167816703	
10.25643928276318	8.04049043498196	
15.726000988020209	5.005621652172641	
12.434363509709499	8.849610338643336	
14.546626717794162	6.9264464220231945	
11.312116861983252	6.510265644289776	
11.910574160092937	5.616274039229582	
9.492674994105139	7.449793470540651	
16.10626019435555	7.474690997956624	
10.810518974968147	5.641420460783066	
12.854507221065024	5.692166274326436	
8.868871573472855	17.71535364905889	
11.149460971589486	6.377384282424057	
12.050846888460956	6.399322510272254	
13.29853542489867	7.474913500741575	
10.48142941661644	4.694831725879362	
13.943110529634248	7.98276392235423	
13.829224521300146	6.436202051802277	
11.034739025963114	9.83853114227151	
14.509134514888297	7.428511885540899	
10.328274220443348	6.967560537087513	
10.235136297800798	7.646476662296747	
11.352093771559616	7.9257926808490184	
11.87150870584915	6.936784711052115	
12.215229152947503	8.528813925451166	
21.392690297736326	5.764898788707339	
10.68168609943433	10.286036570812186	
11.05104779291463	8.12915877937995	
10.074599195422882	8.433827360279691	
11.430109111598982	7.6880988296711585	
10.834495955987723	7.396112310329901	
11.57882797338105	9.333009906238471	
9.799990272965339	7.1237295394960345	
11.739816004687903	7.607679350715214	
11.289619800797155	7.81892466662325	
16.72053686716067	5.550403785389177	
9.832104268039	4.962691182194564	
7.570477654659999	7.446541101726685	
9.378224761097268	9.636982096938402	
12.537612445337775	9.441305234618836	
9.927002864495835	6.359230075106931	
13.421124587085034	6.7878715650685315	
10.452378409034504	6.709976813570917	
11.781417227004548	7.160654671954372	
17.31979816589767	12.500284902124656	
12.66198090473332	9.307082125635114	
14.911947919655757	5.057944689896997	
12.247723395443028	9.155191001668422	
10.493452093128836	6.78395749229515	
13.18757244264299	5.240398151090078	
13.133094924831546	10.600172726202931	
12.188072713492984	9.486211122513705	
11.01710456192205	7.656728595981584	
11.842467718509807	7.529951734477541	
11.20575416617358	10.24474596296163	
11.889426820231748	7.436334555325413	
12.458881777563038	8.452092630746334	
9.723935807577156	8.93116244482118	
12.508637277136526	9.026681306434645	
9.228151575039707	6.288279811502415	
14.900171429688152	5.599041747442297	
12.396897384855531	5.307791126690592	
13.64456292223872	10.191966880130863	
11.1249390113124	6.5844321762799	
10.77793031579777	5.0648078766460864	
11.652477044459769	7.25534305886911	
9.774990764805201	9.555417734237187	
11.356207858932303	9.89937195326856	
9.363739026831626	6.100330406822662	
12.751546396935506	5.707693058148685	
10.522931809695402	6.82686333666974	
11.384866680582753	8.44344371824657	
10.597757009038254	7.424030453708355	
12.489309586977246	5.355786348070982	
12.703432783452476	7.266797207462855	
17.99747780645572	8.244912957145534	
14.952185017034639	6.181055230772424	
12.21326901024945	9.482981296266384	
14.99903773724001	9.71747742734321	
11.503703237644293	6.421365346765966	
13.73091897838722	5.052529107681701	
10.742957326647609	7.8673119828070295	
10.617205256602492	8.267738658584696	
11.3730218605546	6.041935828492457	
13.980818083663555	7.818192468869654	
13.563059834818711	9.042188190189155	
16.822971547454532	6.854006465518428	
14.334449770829814	6.995354123244425	
13.558263008376873	5.935353366386905	
10.431370493053125	7.626686985608008	
11.759577263408433	6.126922020372252	
10.807227982582518	6.4673184599339475	
10.429937544565728	6.875401056808794	
14.17063155731439	6.604522173592277	
10.472586841340236	5.803606449269491	
12.077827006760668	6.565344670228425	
13.418662810248824	5.822033900376297	
14.561245311596398	5.967758155977817	
17.65469242792796	8.092103882852914	
8.233882447918353	7.220281507879836	
13.23569401896806	6.219789522025811	
15.805021783292304	3.9613889881511355	
11.344218096608733	7.1942295324311765	
11.192538384530112	6.67233739840723	
10.580519500412878	9.021050915284814	
10.19768944051202	7.595988963107486	
11.88084645982589	6.294271060894707	
10.291146403927387	6.100722057981934	
10.531815589427548	8.086631842643277	
10.33789744919008	5.354138869712766	
13.883180309742551	9.226414336367553	
13.971787813663882	9.967808955846785	
12.345364309929767	7.6836887391895194	
13.197494582112478	7.931523088331754	
16.34827180786047	15.600585729421475	
13.80630304737026	7.3354297442951255	
12.976466150818364	7.284217735162896	
14.070001595410528	7.647844343760809	
12.644873964596885	7.656022452030543	
14.147280636863998	10.741703085148378	
13.616428773340939	10.50053629775601	
13.144544866173709	6.536329489621656	
11.918251126587244	7.134429130719268	
11.564601189028753	7.7378134046901605	
12.233708675324102	7.911319874824335	
12.40757093930818	7.544827200581145	
11.624944383683594	5.807168657278853	
12.747604077750706	8.37820710962644	
11.429535209689154	6.83380227264846	
11.259224061289547	9.45476529745639	
11.222423149019118	6.373234105309815	
14.47664202293523	5.356287924450326	
10.275399930257668	6.115400623845843	
12.165646920686859	5.660089768052939	
12.308176017944472	9.09678863400274	
9.888336381931145	9.470528826650108	
8.942156518368986	7.077153598314861	
12.189493755517672	5.834829970280509	
11.207220563633125	7.732296315082971	
18.30453825216242	8.070580084929041	
10.720816917398055	7.882753614938425	
12.079411113392384	5.767853303614613	
15.516709783289114	6.8360633220021185	
12.885111898222586	8.48482807423244	
9.796347059574982	8.570988557317772	
9.23938268988065	6.914228161902111	
13.305760197380916	7.310359737139855	
11.617198299781235	10.056000312123295	
11.818334633884106	8.349462369959644	
15.565907493754354	12.067496585422958	
13.876818921513202	16.15008881846346	
11.941875974238945	5.805439524759519	
10.09436146057874	6.3790198557252	
12.54273748983984	6.554873071187551	
11.734885715157054	8.275974378633663	
10.824477376446607	5.264655775997501	
13.854036438767405	8.262908748162953	
10.783588044018094	7.204220134893144	
10.245632539339557	7.4624532862043145	
12.34250443157577	8.804967767747865	
10.821157433578744	8.11166833300119	
