19.682549549263765	6.666168915936593	
14.717016696754195	5.894200403113601	
20.137838299671845	6.606475211068627	
19.74094565561535	6.274791512277902	
17.264739721111123	8.261692510120463	
15.72601088713478	6.73522000004104	
14.569076809093637	6.152770162280779	
19.33114156889401	5.673081794199087	
13.954498221899717	7.2570426235355425	
18.274444682870538	6.693136731284987	
17.756448259939244	5.916476463712509	
18.49454383728054	6.217731947791193	
15.808122159355413	4.392664123421909	
13.971685584515743	5.340671230682183	
19.412258628310177	5.471149990971384	
14.89156780582472	6.1369309693934415	
15.15026399079154	6.27628427827016	
12.748335354516922	5.217936919358241	
12.934345969275277	4.879802862086665	
14.438618612800077	8.542796637044244	
15.798877675229352	4.240474704031935	
15.307677914433446	5.32231322768919	
12.651125851992179	5.138430342980069	
14.532597508400091	6.031023712796732	
23.15639737818765	6.086758617247198	
11.94312192988693	4.811887845265585	
17.566105322586353	4.653126087212824	
16.841769205434918	4.954486191780481	
15.91364772253214	6.322304412903593	
14.856658692134445	5.874931255303635	
15.416198019287174	4.877988869064844	
18.88194218243834	5.830545365660195	
19.139447741354044	6.321913835645755	
15.031744059511615	6.178470608486947	
22.23266506177875	7.090446056625534	
15.957791648861948	5.781267366580974	
21.65981671918745	5.809141135090561	
15.715040966529296	3.6438032620438707	
16.647085247321925	4.566380790806714	
15.063653632226142	5.56653330574344	
13.276008016563615	5.601835930931635	
13.008847344156313	5.158984646546698	
17.887042983520736	7.10761474516517	
12.68759683470053	6.192598593901613	
14.725393468527972	8.183120812296227	
22.43854148831164	6.208171365757114	
16.30617299807037	7.873406864043693	
15.967666898695583	4.663199782991297	
14.092328415338075	4.041341642752711	
16.98720313696674	5.7418789319839	
15.759112548786204	4.947704225187938	
17.03443639427149	5.04497692969709	
17.375324459446492	4.7441353029944135	
16.334395001622262	5.381006806912652	
16.490559150881623	7.338795389036495	
17.016989344973975	8.422006607650497	
14.632222714368787	5.7151778052716695	
17.950651219428867	6.881451604168565	
16.797553412657265	6.335284604519332	
17.133274858474586	6.359311705091059	
11.76506366362921	5.714536990574651	
10.622983143665051	4.445054933490796	
16.053946323847384	7.044735746122265	
14.334907371607288	6.436259730870476	
15.425455395146482	6.181426184231812	
20.886991567261326	9.713067380585006	
16.93464438062633	6.209547849551549	
14.581059954603509	4.330080432679168	
11.866927278539935	6.230204388011417	
15.037433192385969	5.010839519300801	
21.221323976209995	6.104065653528733	
18.08844487863732	5.299932606579127	
17.667893388704677	5.4089324431890855	
14.486369455607488	5.232961901535642	
15.712199314480683	8.061779803493536	
18.83928748397256	5.993217644799145	
16.207201868775254	5.512217783079434	
18.15606552931102	6.381956757123841	
15.404182909176582	6.253644347540241	
18.61343682203367	3.8230063282954703	
15.260016332476557	5.05278999614337	
13.248919857173862	5.745370457930424	
15.120114465149653	4.6963635707453975	
12.84830031517576	4.767118192922357	
14.130813744071087	5.3065391573091425	
14.299990263467222	4.919010174029733	
19.277530618128715	6.574414842968742	
15.833448990132359	6.8435589169869475	
14.566335269881364	7.173504136624567	
12.438273131623854	4.558593064302481	
15.819850660170342	6.272128541077374	
16.882193284876543	6.0330618621340255	
17.520788041642515	6.224429755289822	
17.36647588020435	4.483671951730855	
18.0025604508879	5.380147789463445	
17.278520903984898	4.663459861451439	
11.785112755924521	5.728964349631545	
13.918224678697191	4.409352509774235	
13.7095352852421	6.968623787020035	
16.424943874883915	4.947649804479333	
19.22344270657434	6.10248783478216	
18.12334438012598	7.683211688893623	
18.699928708748224	5.750613123827146	
19.59165745195707	5.427175090754182	
20.022097110085507	6.757489224598975	
14.602442732794017	6.001713742111092	
17.692143826587767	7.187645321068135	
14.723501401304933	5.866102782211113	
15.503458022786493	7.1623734254284015	
14.665187481404418	4.6282677956032465	
13.416822294717239	6.656337697117709	
15.678280087922756	4.617429866355788	
16.371702154152022	6.310520353172296	
16.322072414969416	5.295024219679009	
16.210577266804723	4.999149966188162	
15.383036424364315	6.351699792685136	
19.576968669479093	6.960096629184952	
18.660400386312183	6.412554379747342	
19.602754987178365	7.864001455514533	
16.50706077974951	7.2253784093324	
16.587836003673974	4.287725106421737	
14.439995002575486	5.501176683132726	
17.9219488204505	5.618864771769924	
21.94317655546892	6.3716269939248535	
13.861558018256671	5.816554794633123	
15.180603968655513	7.5358051447409204	
16.46249158057923	5.4061555783554285	
14.51657369586123	4.642261251460582	
21.16500744861344	6.980469934651682	
15.54553069663923	6.126310643400008	
14.733663686795023	6.7508252602421095	
12.731603536043773	5.885754135808676	
16.61117950276535	6.884045870759486	
14.210851205754038	7.916546673749906	
18.357281601321716	5.267655405734891	
15.77401486439936	5.445386465286523	
13.361898292668208	5.48252485180306	
15.670840995147216	6.14793897180224	
13.62576900513937	5.99576816462942	
16.213226565437868	4.966746532169998	
18.354488795641213	5.189170390609571	
14.912877163749469	4.845320307247965	
13.08129801391715	6.062585769156147	
15.454688818312258	4.70022610942938	
14.348707823657389	6.2130312291660355	
19.567188074906237	9.10119812047915	
16.056092629224498	4.985345363272915	
21.08006835176863	5.40645557665401	
13.809235211022472	4.899886792896375	
15.032504308590694	5.167626608428366	
14.098757477027338	5.95146136702227	
14.363247519301918	6.396566327908018	
16.324871954752247	5.52276441801341	
15.926044693821686	4.027964730245679	
11.97291339672664	6.150730384592257	
12.386720337295635	5.506545368090606	
12.322059214403385	6.027927486554752	
14.810447551238004	9.313752676973227	
18.186095371604036	4.247798304616638	
18.74436562105376	4.565454000498789	
15.751499051326093	5.005053295487009	
13.944778851767184	5.944515649834533	
13.586486267787532	5.235903277230061	
19.48641244001226	4.70262023362502	
17.871726558220725	4.101578914730165	
19.601559859407395	4.322684784026381	
17.965780514706122	8.165308560454186	
13.890959505093722	4.81478717456379	
15.064184976511877	6.173448327120597	
15.78688411307854	5.648304672415078	
13.805482524908006	6.0437241122538845	
12.405664641751907	7.036400362013142	
18.18043347341118	4.484364839600206	
11.228552581788179	6.277085090158116	
16.38805799192399	4.874825922549304	
17.761868653997094	5.105700840464816	
15.022976890834439	4.880363847930516	
16.141443875586447	4.74085032922783	
15.585232072094062	4.3766479907864095	
14.628149739829032	6.121421339095622	
18.66143474676771	4.911896282768124	
12.012022876248976	6.125079638709611	
15.464169937436964	4.7047741233083205	
14.147624412687964	4.309739486610704	
15.35605522456644	5.344339758398254	
16.215820247438863	5.631997665033228	
14.974474167002748	4.530973324391455	
15.808611964084273	5.341600162996296	
12.639925550756772	4.836880838517004	
11.616492975557293	5.58013169187264	
13.667670193513102	6.716156026516445	
14.171721868215837	7.453096383536632	
13.052779567887724	6.641348315982104	
13.604418491340033	5.015452735830054	
14.606371034017243	6.5924866765794485	
12.625441854169782	7.146099730033894	
14.260004443660504	7.432656580942774	
17.14761353315714	5.715750885933094	
16.999521840243343	7.297736196225325	
10.871786932311892	11.182789474061808	
13.405165503670087	4.890774830686294	
19.837453439450186	7.105395345230341	
14.582305992253573	6.606117631605801	
20.371047997258156	6.797975607171705	
17.95832862303002	7.768043060166602	
18.531989565493877	5.765382759422241	
16.30568860902495	5.074989179116381	
15.8235456105539	5.788296228482258	
13.109079236487972	5.167207372548673	
14.193238413168777	6.852797837772457	
17.789341555121773	8.008776999599172	
14.09302961910686	5.572012905292263	
18.60108501426708	5.479021839475477	
14.971718128123937	6.727915162876429	
13.321074363244646	7.371867910017038	
18.12755919539848	5.133265480360005	
16.850193318249985	8.407127836848982	
23.77293489660735	6.760221932154234	
12.807399785494402	5.445523786455356	
16.683646434340982	4.8887215303189535	
14.612917712301803	6.386835080503622	
17.197456643829234	7.1406288978768115	
16.531609793122268	5.886303396655782	
18.017966352508996	7.262945084597305	
14.777427528677007	5.844107788270502	
11.587891767183516	7.101791199673544	
14.322212498683964	5.96776611461585	
16.018992269945883	6.412970449	
11.856353093522106	5.219674036666344	
12.875528721421125	6.7695972804554465	
13.862444059776898	5.571655930482371	
14.807146747217422	7.0529741474557435	
14.378535104604808	5.621018826282576	
18.931045824153188	6.60377074669601	
13.11714790010784	7.957437506730923	
18.471144012613085	5.950323325716587	
14.35480313833738	6.172443600818884	
12.741914843435328	5.632147032542407	
12.600375240671388	5.096587356676023	
15.638578990266256	5.615391286378987	
15.71555360112367	6.116326892553689	
12.541274731244908	5.4889116793770425	
15.46472898494609	9.311419628870482	
18.222621127919478	6.503356329188213	
18.256713906054586	6.025647556150509	
16.91440026333661	6.996201647644505	
19.923432153816726	6.419021878373225	
18.11436506217102	5.627820198738696	
14.496842875203882	5.4384756891177295	
16.688969491485096	5.28804449376321	
13.925648877418565	4.916371704435075	
14.82824879813454	5.077098804719062	
13.466268094716325	5.140982608207149	
19.647542302738525	5.796071308066719	
14.794656328604146	6.83438137952498	
16.733567202456864	5.407053866579984	
13.211185205565874	5.777731535528898	
16.78917740186233	5.864972341794785	
16.204640676610225	7.746705072977807	
16.0099633667565	5.347559498418243	
18.122817283242792	6.785364588447771	
15.882229627607224	5.513772208127561	
15.074870388074137	5.855719263015885	
17.071701078044743	5.1876620358184775	
13.72770191117467	5.721531063038494	
10.207149068525844	6.17198127725555	
14.79669238849854	5.726413425695375	
17.1383587990454	4.768458668771179	
15.175896574448906	4.860119805997754	
17.00207091372665	4.903584703656578	
14.38213650589056	6.196251862261323	
16.004132843947975	5.480347371116017	
16.151892292419074	5.413952576561923	
14.82934926750563	5.643599469327628	
12.440206073488808	5.705440897375114	
14.364715024992096	6.1058991502853575	
14.115178856253584	6.88926405538297	
11.833165068132072	5.609057728516948	
14.620453293503818	5.112759545903192	
14.076829298967612	6.320116936395345	
17.302620862610556	7.489913807677597	
20.415402456983575	8.692278115110447	
18.19049905332078	4.67433965330358	
15.45937071696083	5.06665786895197	
19.313811930119606	5.909253300899657	
13.981239036181114	6.0614047778420295	
16.188864930214358	5.1923731378370634	
18.3341500362201	6.39868339210559	
18.200431902353788	5.563086583063505	
15.602925084191117	4.3647288889543345	
13.24575135958664	7.234008118741393	
12.208014214628998	5.338803299622398	
16.77942498845206	7.5574209100984975	
18.817753102345943	5.242736134745	
16.431480968670076	8.115741320475934	
15.078905724762132	7.123103454451929	
16.463209033770447	5.407242729015135	
16.440263840876327	5.828406340001974	
15.818192794657286	5.740662536533422	
13.044253625854985	5.228461601402616	
18.00573500788542	9.571121698041358	
22.76919313026123	6.180909208711979	
19.03738618459903	5.101774835717804	
15.789716845339717	4.8977637847346385	
15.109234240141157	5.87540889098993	
13.68568672339437	3.95623080592527	
15.112554168635974	4.131287500279921	
17.519836428436918	6.1261841027888835	
10.956129211534009	6.515021797224528	
13.276598574022081	4.2503670525361015	
15.475869250511453	6.174430376046172	
13.13505748533969	4.434773357469219	
15.356767940113835	5.229305663958395	
13.034044528462898	6.776995930146361	
13.157392403171634	7.5140454976350375	
15.267002570027616	6.286918792902377	
13.303033627418797	4.975586115354598	
15.621885660392655	4.012640792576598	
12.17163722652132	5.3656625403782074	
16.924705287497357	5.852001248353211	
13.77107712813539	4.288705326417894	
11.875801573647918	4.643361721237131	
17.97392338796358	4.299637232460863	
12.469317473163478	5.9706300516574435	
14.251134075736928	3.8566452976454872	
18.47839471944172	4.1184046462156845	
16.46163011883934	4.261760904263323	
13.333420873056252	5.953589824451594	
16.25617850177199	4.804466295135139	
15.134349226626432	6.720376991265245	
16.097577610344057	5.230270932592014	
14.17182446068971	7.701754560812006	
16.833076055790542	6.959389159383251	
16.245232038548018	4.29742954874856	
14.958257544245262	4.85654509261788	
18.251880156056867	5.192214506524715	
14.59750995569689	5.490661576566128	
16.38454973266438	5.42838445953183	
14.756643143165785	5.152987858745221	
15.975154688074443	5.560948734705368	
16.203679829423297	5.389181702889428	
12.812131089463549	6.3071577486143235	
16.216642759490647	6.7417876738296005	
15.54912275162851	5.9450525982256535	
14.719504250030031	5.34941148937996	
16.226164197391682	5.128207148454819	
18.18688359465739	4.529401551410794	
12.848142339861521	5.514700107004042	
15.410012001860231	5.967293036523824	
18.179871187338634	5.7100408209743705	
16.170317292759094	6.8184439551663605	
17.13136979313116	6.18618643380505	
19.583927973128237	8.723007688868623	
17.388693056419676	7.3738331059405	
17.676749376467917	5.692536704533107	
20.24812412314537	6.418904374616577	
18.308559195819733	6.89903769746844	
15.037238234102409	5.455008990678233	
15.391544673248445	5.381291136753238	
15.991257037168172	5.197761933440404	
21.342532496441063	4.352658162394435	
16.49557378053504	4.882891116818291	
14.056488872316846	5.838757686424874	
17.8736602416815	5.62195115163733	
16.337198400562794	7.42808206166421	
15.059454465867475	6.434851719199353	
14.930285230039779	7.829453757645367	
13.909570595668837	5.0389714539405555	
13.805377783855828	5.780117887780102	
18.45556474972052	7.348436322277125	
15.885510615531683	5.624162121201967	
14.128371622073225	6.567715368814643	
17.20422466295971	7.7593488861089455	
15.716498962351817	7.055861763491194	
13.711253764004104	5.119342366833601	
14.892683693756366	5.266036584635515	
15.589565697511402	5.623193797823938	
14.188893208561943	5.831476514993345	
16.084684817220438	6.753928050902635	
15.595505819028897	5.6784548686850975	
15.716242553656883	5.637223993061458	
11.926428785381493	6.508177852717774	
16.53964809838536	4.696832829477762	
14.17455109444126	5.75962742580977	
12.808943918214732	5.596767153509568	
15.72081890418174	5.27362390542122	
14.988433976062975	5.2323912540467425	
13.868546021236797	6.501348869088227	
16.078838216390714	4.3734740876957945	
14.04432803823917	4.369320304165916	
8.250674549375633	8.236765148629246	
13.256214963808235	7.154942835151373	
19.91828958225513	5.619796870274643	
17.288787555772622	5.146140935571958	
14.426277710588135	5.3493735685435	
17.06743187529826	6.129201764843258	
14.97434225375457	7.1157084404441955	
16.28507668181326	7.65255651303172	
15.61261419422064	7.3997929037299475	
19.612621238396194	8.377245669560207	
13.999762461011594	5.597998943991094	
16.93170928681001	5.5210829005721	
18.29714831079849	5.560051733204452	
19.980096792124435	8.922919720922856	
18.349382372012858	9.240524263105051	
20.12252426990379	5.283763091054145	
17.12767522166191	6.575093972071286	
17.49806684001695	5.11240804544501	
19.627060305577196	5.759586513587459	
16.92819144851749	5.309692817208926	
12.88978872081664	5.639018372996478	
23.324806879953822	2.9150652051294617	
17.164070712502994	6.145616141436988	
16.54502644336981	5.3464372817409815	
16.26460309727279	5.595771985116511	
22.101018531319863	5.766735060827185	
17.03964795159868	6.110789965822845	
19.477695587054342	7.40434756908406	
14.472811617123755	5.736194941416387	
18.12651226484336	6.823998099604926	
15.491161261752193	5.0194157773982875	
15.731275640826206	6.023125944476126	
15.633673697310053	5.762183412980194	
15.109759227330773	6.026468792338025	
17.084258547424966	6.060774603159539	
14.506377511523864	4.4902264969784325	
16.73331594372075	5.350224065949381	
14.14828716966628	4.851440626764284	
13.543274128148862	4.475605709062627	
14.763647085287596	5.101604252466184	
13.987514421500405	8.383932202228095	
13.613682484948697	4.1076879685963466	
15.379892210301032	5.219533181885914	
12.836907490224666	4.51193982628516	
14.819841527621243	5.6171889991508115	
15.155248156375306	5.147462042223053	
12.60414260863577	5.457131549132867	
13.658010794269568	6.6354550854581085	
13.984073287671475	5.561169571550828	
18.75892400691343	4.757173223340571	
13.848855460721062	5.718288888745632	
12.39899037251228	6.80384242097529	
16.666158197757984	8.3836905291847	
19.834834248069264	6.252532035003392	
19.13260773287145	3.964861249608356	
11.795642210319635	5.4681371112458335	
13.107271504895076	7.253338150365978	
17.024310391761034	5.43155848429672	
18.076769540080118	4.5628788945932275	
15.2478910223929	7.932380082266635	
17.3198238921307	6.7818877154919335	
18.08986890132578	6.488160730499817	
15.383980313005502	6.321775574001994	
17.327299696801152	6.024798568740945	
15.299358688901528	6.388460369450059	
20.71782670707381	5.513058735398454	
15.432945735955544	6.596632015064159	
16.282102948480404	5.162011235101317	
15.960910854595467	6.607934256564501	
14.099708813502273	5.81038384368779	
14.808330237978033	4.520700009581153	
23.774815600413945	12.940132245930899	
16.07711911692851	5.509141625359058	
14.484767846954128	7.123967647375236	
13.557272260655466	6.578277191978909	
14.720090075219451	4.184928824929293	
19.794258474263493	4.862892243199528	
13.201497458696583	4.440997278052342	
15.006702313195355	7.986520958057228	
16.599241326511297	4.837999040769267	
13.898211218493847	6.675880244174164	
13.569530839007852	5.756429519881786	
16.322548948669795	5.9271278613792395	
14.553950954136829	6.1079258880697775	
14.143381463852867	5.54638434290591	
17.339653670920605	5.268349672418925	
16.41770044048029	6.346944625885315	
13.843461667581181	6.967743852813223	
13.515168665867815	4.9672521003875065	
13.99452880819888	5.07739458228384	
15.263889447043914	7.967750059179539	
15.332592720458612	6.13075388084492	
17.125168502033123	5.516719405764296	
15.081225766207634	5.569434183839226	
13.730646521006708	5.120690101953523	
16.886161953173875	5.760649871605199	
18.813497223491375	5.112226504523116	
13.476267274169215	8.876730058045371	
16.51525884983726	9.977365102384908	
17.20205795855867	6.267865564928196	
14.972602208776712	5.3918461114826615	
16.826463251276977	5.998725146247324	
17.69748281805395	6.392416105308707	
14.435945594088487	9.807144701250083	
14.74719916549879	7.174692458585784	
14.261325530552059	5.35626387875082	
15.87478586884077	5.563079487982198	
12.302228804853552	5.8203409353052615	
13.706428864662756	5.0770257988498315	
16.763182287071654	6.895967010262224	
16.62850276564081	5.319070836855568	
19.292809739839484	8.023847307214142	
14.03106308431715	6.826059950705057	
20.159098005039024	7.474284048894033	
15.819354868081588	6.354142489965217	
20.2497924945149	5.679178006654112	
13.603340427981227	5.029915970478639	
15.17055971311426	4.611034609283382	
17.01699179568574	5.041749833862118	
12.211882673093692	5.043395750709387	
18.496404896527785	6.698497750394574	
15.545267432363774	5.870509531050112	
12.563913090483252	7.121121282363764	
16.656900904920033	6.503873913672369	
15.662001881292255	5.431438925219785	
17.721861799330448	4.053084922325707	
18.195424854413456	7.479008338697942	
11.851357448083796	5.304653936493344	
16.049880530634262	6.850883804262088	
18.766749232459333	6.73472365230033	
15.34044993891373	4.865929361633804	
14.243463886994768	8.237625861782048	
12.88016050816982	6.016072824649772	
18.503895933598077	5.256654186790246	
12.519398271195048	5.555635113917879	
15.77421037279746	5.918195527459541	
13.047987463384025	5.033842215084421	
25.11484684163086	4.641332142830743	
13.687735996337539	6.29702106524198	
13.374543683935183	4.3109718392728	
18.018565005371183	6.461891726384995	
15.183859355236459	5.937440155877967	
20.19095530614676	5.998664091139707	
14.787472560762842	6.0705536048964275	
17.600534672434605	6.997182327214913	
17.638712460201663	6.710400126336403	
16.371584721029283	5.7191970577495335	
16.38498788962922	9.129702288684625	
13.837780926520464	6.027032867832776	
17.730607307528068	6.398949969644954	
19.64672994826917	4.7666219238493515	
17.26890517843233	4.2429913463658995	
14.535749762396852	6.001130797237569	
15.226192149946987	4.424380217228395	
14.887272723530922	4.999995104761203	
13.53421149076172	6.109358014951026	
17.157940521192792	4.882681336980753	
14.708683691641184	5.067664059447167	
16.05560655304531	7.624531179119947	
18.006434581858294	4.950288372793963	
14.762341416735577	7.46568971057297	
15.777537090902692	5.900617244456435	
15.695685198077635	7.740771662817365	
19.564969982769547	7.477071752491001	
12.113420991669846	6.975083775417429	
17.102327659991342	3.855491467219298	
19.02254770161049	6.17802424758173	
15.415622532106694	4.699206415096936	
14.702219895449753	5.365899900241582	
17.923479485773985	6.116041874684502	
11.637239394789379	5.960021099148409	
18.108226597224792	3.4874722419961883	
16.670885634904987	6.3206516079802055	
14.737133302469609	6.687805076616158	
16.751308006829557	5.688617484705077	
15.549729926044744	4.348799885705967	
20.348328019543352	5.087726775406079	
19.09089020567152	7.599881940334275	
19.132334322609886	4.13098570252108	
14.535844041260066	6.055943393347729	
15.645563195006547	5.76368061744468	
15.542148224205704	5.645239175556423	
20.316372706189863	4.22002912399509	
14.133803028525998	4.804467010253656	
15.712230202138514	5.452156846156279	
16.475568863701632	5.092894866130809	
15.55878533762883	5.223115095267787	
12.537033432674884	4.489289488831261	
16.105763294493848	4.312842575875699	
16.428646270018003	4.9810008501358505	
20.178969137666495	5.164714163181597	
14.19854088387613	5.025190411571519	
13.711688566284925	5.201536845761285	
14.770966825394963	6.211709083573069	
16.963120028762116	5.84625855313439	
20.65852589260239	3.72283325358013	
19.254366652203352	5.559584682718684	
13.783575625406542	5.9897758541585455	
13.605752460124238	6.855237852458432	
13.620146343287356	6.014042707446038	
13.340581621260824	5.577408366509393	
13.37958010376995	5.667537169432817	
17.842651435211508	5.84179788505255	
19.403042256949945	5.242430403082886	
15.48405058435307	6.01329284877315	
15.35321353038157	4.562706431639069	
15.867654945224734	5.09167949004988	
16.533330843358144	6.484314125378278	
16.545237195376348	6.727628674321651	
15.786311346037774	7.524713838988253	
13.782799678917401	7.442886589880694	
15.198972680705166	5.118528279832711	
17.831656002600663	9.078644517066115	
16.91298530054382	7.560369990036848	
17.131258324749144	6.079602795681731	
15.133246885817284	6.129757343129402	
19.886664597655365	6.543384907583079	
18.089345721395592	5.302513441260503	
15.758578805919328	7.404586735641241	
12.210773987013077	7.691481891286055	
12.092631869887402	5.96841451116977	
13.17786917322764	6.5728074786085875	
15.999799592779457	6.941537969973283	
14.436388427803179	6.419163799461853	
17.13790022371985	5.34593279584908	
12.888366360689904	6.380714647721048	
17.999912848976344	6.201333282869891	
22.478725283592563	7.394088190662782	
17.179486589265025	5.158802640896578	
12.795222137432253	4.986034724567292	
15.31294789591784	4.936379556858869	
15.554580446542353	4.742223935224819	
18.810845250982396	7.459618213111305	
17.686945123805902	5.872326168260042	
15.36596658031831	5.676705708702508	
14.882018260302235	5.777168263454132	
16.875256602313435	7.191565478652237	
14.801268766038946	6.36684511382654	
13.786676028136592	6.482398564348596	
14.414874967374814	5.986094067937793	
20.8205804499443	6.309711708574079	
16.51439212110105	7.728245047672632	
16.836871364702617	5.294982085586729	
18.186444874588048	4.5854164393371315	
19.41258624548833	4.130044610049201	
18.91553223415843	5.545101258006335	
16.628255615136982	4.661480077993786	
20.899901811721897	7.847036544385558	
12.810908272610815	5.848514795884845	
16.19517484873947	7.019348785447942	
20.693482122603722	5.256343206585871	
14.425639663001501	5.903649404458626	
18.843185112844814	5.625049701128194	
14.890335331099266	6.56101403818467	
18.494224409398605	5.90804010851397	
17.260979481256516	5.169903595805705	
13.047519500424993	5.26022241599445	
10.774576689610447	4.167274701593249	
17.976622656961208	4.860766869567527	
13.2009524062031	6.013423624279547	
11.56074911985356	6.608323608481146	
13.524179420480513	7.246700183650423	
14.883070186008931	6.296657860346468	
14.139586775798918	4.312660628833152	
13.78534633522454	4.70732218834645	
13.33614460249851	4.699201960905095	
14.083503588809174	5.839210531793847	
18.606107680996697	4.172535107460177	
12.499416816036254	7.118205445069406	
14.66665386377207	7.000598052952982	
18.661479927337567	5.082460338965069	
13.838025407112973	5.070629925141418	
13.410624885783657	6.999148849150918	
14.413010203857269	7.76754910011831	
17.340269669638054	6.051590606725311	
15.479961700004885	4.876105626463842	
13.617010867242005	6.395767168175762	
15.10430412088962	4.865761730438074	
13.822505038374336	5.559872766593136	
15.424936064735386	4.803576857384813	
17.05030265179427	7.418831447322165	
13.896737205595134	5.538917323844267	
13.580185228580042	4.932851756633315	
14.51252912417397	5.110370445412687	
14.906848075636583	7.466620818134725	
16.558681606750053	5.760099187714326	
15.35834724887257	5.816008538202511	
17.51173509876973	5.685599826921118	
15.534746471703246	5.8840430660757725	
12.457637970264644	6.029557551624063	
15.164116041461224	5.298108926051966	
13.21559561389783	6.754013912092985	
16.67028665608897	8.912527713536733	
19.211882413006116	5.039000946358275	
16.01386153759026	6.130464748192559	
15.052095951582974	5.580903417657375	
15.00932613803177	5.22092002322163	
12.718459688692048	4.504261752674584	
15.241125941380375	6.728475523444754	
12.45275424392172	5.49876364368246	
15.140877849063303	6.137701641491171	
20.046507604329893	3.239037172320125	
18.81807807018939	5.425622861291246	
15.497490212062722	7.0593244849867665	
20.3306489174912	5.425223987907258	
16.70455869608225	5.840030524396253	
16.222120279589227	5.630089201254686	
19.303288190824908	5.010545908593326	
15.705404771420396	5.7203754283587624	
12.432641675885131	5.294993344956935	
13.525563994780024	6.353972507422461	
13.890414666872633	7.336333420695219	
13.381501110277666	5.752542566235039	
16.582399105295856	8.309291028207126	
17.659602464891503	5.1857728694767005	
16.872039050911773	4.764490452112062	
24.59247645047671	9.43870740107491	
19.752559759231893	5.410765864789409	
16.97492217603579	7.860526631771967	
15.63565936233482	6.776329500139145	
14.888078300383174	5.7864685048096085	
24.910522598123883	5.296209142724838	
16.116926158754847	8.034047118229564	
13.123386972770247	6.782540987471461	
23.109616256558468	3.6917082020512026	
14.165635908618334	6.254536934568826	
20.251047020329043	4.089323636084637	
14.49209748106176	6.748182610047048	
16.95541295349184	7.480519576232539	
14.789977851672647	4.385172185310772	
12.335230935651614	5.421738568948505	
15.025204476909545	6.508279111060301	
15.822942801505825	5.580256820286445	
17.32456680789033	5.439436438209703	
16.493109965945273	5.443687648715964	
16.594187618694537	4.527262438240178	
15.627036022543562	5.701889124392863	
13.040982176609585	5.171964627579087	
15.049864855972315	5.1195464072442975	
15.373146849590725	4.451948189599315	
19.50328181572701	4.998728374734414	
21.532143463658347	5.805796533299029	
16.192469934093253	5.3854073004212655	
14.770240894467259	4.818918518371408	
16.187938969099374	6.053877030812553	
20.681270248979754	5.489713181559143	
14.757628155481319	6.150570972470106	
16.560422583533448	7.2906455844844835	
18.56604227945851	5.217030068813703	
16.35079678982292	4.357931497888559	
18.246203318449123	5.0339071539893565	
19.724161080743794	6.177617614044285	
15.273378927982336	6.621068882131595	
20.735549081972145	4.790909010014739	
15.423362716132594	5.077274774453018	
17.57709475587364	6.487860688674239	
18.112713771551256	5.610390697574181	
16.190957166351815	5.63097942805436	
14.939169696642889	6.100574171922621	
15.377279877516289	6.993055458872876	
15.645854356766268	5.604716630572275	
17.410012987231575	4.664564216617049	
14.43641769719817	4.545474034696833	
14.295352098208134	5.82811942043014	
13.540685263843628	5.035648545221719	
21.59900066604092	6.362721811911646	
14.253390386660428	5.456376566343116	
12.35442110344849	5.28941567809352	
15.93436864661371	8.27540381678746	
15.299155283297498	6.192592027930015	
16.03928494719143	6.0863788532496965	
16.513501763192785	8.320700810903624	
14.840911050626364	6.770754556614094	
18.855146036916647	5.358331358714879	
13.81093372619881	10.32317718375418	
14.798163668351028	6.6212026129029455	
17.137451281727603	5.8879189801065825	
16.133244116852143	6.9087109544508625	
12.41678967671384	4.699827772727707	
14.640372727439408	4.468066584609769	
14.512883099965519	4.864720774863074	
13.884696569206271	5.026841233670895	
11.918354391610093	4.610906909339762	
14.16319366929301	6.014296495994761	
13.653330564664275	5.7117775996266404	
16.434566325366287	5.17105974759492	
13.678642361180245	5.485319099032968	
15.744971963205922	5.951890114502124	
13.645796982633312	6.104146566905979	
15.077901550866304	4.95089546635177	
16.11685098391708	5.274001207260959	
13.790131768740565	4.648669267617586	
20.431037434227363	3.7876517846084994	
19.470413942120345	4.651379988843448	
14.288623001214185	5.556226817488889	
14.465402844125595	4.542893674249248	
16.49247435535238	5.743774675563393	
12.598459885850472	6.22050464858646	
13.79931650430014	4.485261151182163	
14.078887951030591	4.4810227021343385	
17.481775412577594	4.711439530350821	
14.243225133721525	6.2291039176681995	
15.835904989052208	6.827300798647774	
13.365883934050544	5.342063605158607	
12.518436128407446	6.662584557644637	
17.74435150711792	5.777670480649964	
17.578755848235488	5.894069813555524	
15.577083926806882	5.113696641709836	
16.99890547503336	6.218581318222484	
15.444366504266272	4.936284609448245	
18.51269985223284	7.118452085150173	
15.246379652107661	6.649083239993729	
16.146567711791537	4.59901502175251	
19.37534906453901	5.340548802206693	
16.02003240096752	6.612486397971564	
18.027286772398636	5.485180097934021	
19.3191253430516	5.814812454027113	
13.402907018164509	5.308144669431069	
20.854481164096875	5.99781954700393	
15.166960435192737	5.763215108429073	
15.796112725679654	4.494966389848171	
16.610689287200643	6.7215883372244285	
16.573277115603734	5.625730207446716	
20.07185554263157	6.317599058034314	
15.669525973407996	6.467728099513793	
15.785050511357918	7.393513653325571	
14.800130545792047	6.625553884804306	
13.266678039484203	6.156442446840801	
15.605921397486918	5.174389392754462	
17.087207824805343	5.002682123629279	
13.785718536011027	4.788258743148897	
14.588109307736438	5.5381841681368815	
12.106154934396809	8.12638054200349	
15.30526721352106	5.4561287861439824	
16.61030730230642	9.839600586547627	
14.820799874052861	5.145788869346426	
15.658132159629975	6.3446644057498665	
17.491867994083947	4.9926054194447325	
15.17548233838256	4.728715971616218	
15.667435527473371	4.941987931440817	
12.282186376639041	5.794435509644294	
13.202701507056492	5.603409610733787	
15.424065031690182	4.008158490149425	
14.34295520228631	5.425305193757546	
16.2392200108403	6.2167827885693	
13.955623130486016	5.652949457275088	
14.840799600408575	6.90869654503637	
16.955260455147386	6.165908927038827	
19.183144819863198	3.8623728209612844	
15.350361208186529	5.6582940649264355	
17.808572221177094	5.773823563581271	
14.552488477182472	8.548753306229754	
17.34536918029783	8.196388209331932	
16.614988907355134	7.146082474909485	
18.26902256902857	5.789826597218286	
18.897757956940197	6.007180265579337	
14.024673133393575	7.014568583076456	
16.670206703055467	6.637383359651847	
13.555777560226344	5.367212624255831	
18.09116221543743	7.398981248771184	
14.332444533161977	4.93234632251124	
18.7522721935503	6.6983331150888334	
20.856904017188747	5.4814928237726415	
15.310275679685802	6.513358548334914	
18.363929374074157	4.594862725100385	
14.439610840769777	5.946402067051875	
13.791236811836896	6.5521503950245625	
14.064549387533722	4.560484506789498	
17.57009724493114	5.7714496610634125	
16.55586360356044	5.734422876851378	
17.368562308246137	5.122660584035995	
19.32194887095789	8.485606359487043	
15.902966209122889	4.7652474055727465	
17.11598190639509	5.528216571245434	
14.240975214751003	7.9391336759204165	
18.634925378551568	6.021476980994095	
17.516738666314858	6.918612935912325	
14.68724696321731	7.542822649804446	
19.63196724778252	4.831564077559412	
9.9564725968704	5.4359451194711665	
20.56797937831942	5.59843593022613	
13.427756290344593	4.14373577338648	
15.040821009189166	5.855818495521057	
16.27092867493966	7.377349893662677	
19.127737161108048	6.325182757595417	
17.193587525579183	6.506841446934702	
17.61177745696603	5.120429758295396	
21.39237050461408	6.587759326166092	
14.979872677197875	6.314887327777846	
18.813735295613018	6.916873021862802	
20.08977551001523	5.135808385069375	
13.618134378297041	5.888200220348994	
17.710619254861086	7.128338772224377	
16.92688550955405	5.462152455816938	
19.87428953574204	5.474590634083456	
18.7777260735799	5.159202042384374	
22.029713872028577	6.280409238603329	
15.887825310981755	6.391398141249787	
14.379793056183566	6.1102425801609055	
11.726042146329071	5.135774836973849	
18.1084991400833	6.536554553288566	
12.120634042556402	5.633073257817248	
15.457113990909981	4.0653921187376145	
18.561715142013234	7.057426677374946	
16.11718867979553	6.089101312599296	
13.105461035676164	5.495579252800229	
15.677573792438261	7.170905223547911	
16.074183384818046	4.594392617328734	
13.679958026156283	4.851363714471568	
14.103856962745871	5.314496027225355	
18.41373070230773	5.363780360148472	
26.109130931285666	3.432627235172052	
14.463687105471955	6.341919489835466	
19.01505096156492	3.5720199452981665	
17.47906938689832	5.792483391529595	
18.64880120166647	5.93738233933397	
17.39067162909558	4.508767049675195	
19.17944086981706	4.050936064176875	
14.984522643307127	5.980039026482024	
15.621147496926106	7.172701657733724	
15.169794823003091	5.55696171092681	
13.659212259904615	5.797016592145638	
12.550776436706348	4.979976454541904	
14.405588486051427	5.340030786708839	
14.646156199922464	5.300802405753948	
21.081108331275246	6.018904328520084	
15.168394912131578	4.031254755832154	
17.59045476773272	4.696631134155666	
12.194173455558884	5.248562341965905	
14.036603811897086	4.224871589897176	
17.109676292152987	5.619626807417158	
14.697578128204972	4.855874656439429	
15.523855393449894	5.518619274981667	
14.419182536998997	6.441698108215165	
17.214961049800944	5.895441502281086	
18.588299663468437	7.670179031960766	
18.448125739877614	6.5943790193348395	
16.024812437265755	5.6229798232164665	
14.866338105857158	5.062938982933523	
13.666226284049754	5.36456210150028	
16.074881264889328	5.668955837871659	
17.16803228877733	6.063509224209397	
14.055514231891774	5.04032971892714	
16.528718084559323	5.376324589399076	
16.029559629784064	5.176918940128443	
14.180021379533452	7.4087100544997195	
19.366163822461917	6.11189478606975	
12.677568165373614	17.957913462685266	
17.510058707962838	7.386526401256729	
17.431816201413227	5.813646640271373	
15.564381631253205	4.843559363166167	
16.827542170230334	7.366966608032285	
16.969309025187478	5.706295683858903	
12.850159129432273	5.415465456687598	
18.632573686641337	6.048611386625107	
11.987925900930472	5.706202371101102	
16.330781711252822	6.597408162017083	
19.350757006881878	12.132820622767769	
20.114559856947025	8.566373708980787	
16.530308844519816	4.967451103888606	
12.607535986177046	8.433537558543506	
