14.010307740604341	4.888612088890814	
15.066667856173563	8.772432103703487	
17.465992672317906	4.842935470106149	
11.578631590098409	8.018098839345923	
14.246626377368731	5.606355370787587	
11.292738929001931	6.340771391543946	
11.044570783443886	6.910478209030615	
11.863684153249842	6.573790055100066	
14.295598654120765	9.438147051611564	
12.191894457941213	6.399895432939699	
10.824818380443036	7.904668687680898	
12.864984976335235	13.157545733052057	
12.03772121848285	4.9574846899016105	
12.603799199933556	6.7203066034741425	
10.700629427794413	11.601372199900105	
13.896954982177165	8.085965493120458	
11.012103886064144	5.561245178068049	
12.287563239447675	7.457340112893365	
16.50274688676525	5.554194620322545	
11.775954320770484	7.132900509124075	
10.358574771826431	12.043959904944934	
15.03040112080914	4.0107205860743615	
12.21874690288048	6.808759342987098	
11.561871452826708	8.723969032246144	
12.690138718161991	6.713374635768977	
14.160795885857283	10.79128675701361	
12.084179069882723	7.061967399767265	
12.661157465585072	5.9084237246895555	
11.002114621764918	6.041881628396405	
11.051668554057416	7.647884807685314	
12.94790154248553	6.001400055863578	
15.138867269812772	7.58076779833727	
12.805926556432208	5.465505016095682	
12.922376389199663	6.82974469306908	
15.946304581181955	12.884568246500754	
10.88521282813702	5.9970370732431215	
16.453014308711257	12.748417881662357	
10.937114833697063	6.482014062250169	
9.929044460030454	9.695847877295186	
17.17383621011772	5.761485447577459	
14.182725763273615	8.447865651347563	
12.63395234195123	6.053838609276398	
16.856482336145895	8.148119648598723	
13.76287865700273	8.447143284304907	
14.545527048374337	7.86758389762429	
12.216619015358129	7.508185536214892	
12.77156893372808	6.9777681780377625	
11.4653289200053	8.786848455874312	
12.988841485506406	7.689686844985178	
15.267713220436057	11.55957271164521	
11.117899102320607	6.152614286766315	
13.614042933782544	11.043878319378743	
11.408057936075403	7.301751259160245	
15.490408170618277	7.781980121375405	
17.452378390024318	8.913694155520758	
16.813212845452234	18.362615449096165	
15.811344941440444	11.591233541374644	
13.289647431724722	7.783685411636298	
12.964997277572818	8.704673845298265	
14.67586226576804	7.390331910562075	
14.978127264193718	6.6662837164378885	
13.73112930745329	9.535303512917935	
11.886417592895295	8.669913032995959	
10.725862144307017	7.996536597275215	
15.391932559905984	9.44505458443739	
16.844612837389164	14.1603150959696	
11.15717828178673	6.921990886350262	
16.05192037510648	9.34329508872025	
12.69038383156657	5.333261460213983	
11.08351311211141	7.372797292537192	
13.8363217314128	5.870528603025178	
13.801214917413445	7.323962833080422	
10.350184746692022	7.235048694339113	
9.705052744598554	8.578151485668533	
12.177198854578341	7.698637863708663	
12.896210652464271	8.157528606353248	
15.006139024466671	8.191458379097558	
15.392902982427461	8.041570116943461	
16.841499742506052	11.090522094976878	
13.829761836209496	8.52505970934727	
17.474984867759765	7.187905477661927	
12.018954993675257	4.781797042183029	
9.988941456707792	6.7802012124274835	
12.087775830221876	14.17903406128724	
14.080539720136906	9.615014630666654	
12.714869402814292	8.95698124625944	
10.42887189591964	5.997113428575696	
9.772363646013599	7.322107720277235	
9.952312598859816	8.512645518976218	
9.356690709401887	7.189915366443156	
10.047547509148997	11.18917793873832	
15.033009011429217	7.4999112244254755	
14.166267246779759	10.13188558460595	
12.024211357853215	7.012156561334724	
14.277573370486978	6.742385873224686	
15.601376582421818	7.515341505775713	
15.044649245818732	8.802159974629081	
15.933068462006938	5.594925057588699	
13.986416743125508	8.620555712172857	
16.020839471627585	8.454804747751538	
12.476234455343063	7.79764900465774	
13.974212838273473	6.035294709477578	
12.329559405597488	5.413717879270904	
10.645981468500874	6.840143762690449	
9.70096960681897	8.797017192169854	
11.87141254095627	6.504240019698997	
12.699623095183442	5.484405902262558	
10.28502767458797	6.935832043749958	
12.34303163033596	11.016526510390776	
11.020180970310019	9.566064020510845	
11.951273047763436	6.06665244612029	
14.968133230383405	7.853508052066642	
14.031864303137052	9.598366413517997	
15.554381467652235	11.423751202403734	
15.50769433069252	9.02629048162575	
14.616070291946569	7.25553012707037	
17.319502488962236	7.566287696097915	
12.275813934874899	6.679768769144001	
11.012905662276264	8.06041887584565	
13.883101772783311	9.027046632165355	
14.883188443653832	6.5391403920749855	
10.50513578474011	6.281792647292376	
13.233509232126591	7.19769721276744	
13.319763615696164	7.531499554970008	
10.467466690655703	5.560890123875601	
9.969816573759687	7.002091666476999	
12.30179040585183	9.83880057680643	
11.559133877234725	7.278041388440577	
16.529628953960234	6.446057200578232	
13.926050373395537	8.788052466715097	
13.777620328155393	10.82807100465957	
12.974708617784318	8.065131848364045	
14.561379783027924	5.930398824343	
11.119048650717762	6.734598388901729	
13.470455355247548	5.870451036370089	
12.660167777898316	7.459638412280538	
9.198424291535558	6.064609803000915	
12.548591530049356	6.111702279517982	
12.610247469589627	13.630130013858995	
10.627495717991664	6.532502611145521	
12.259646679927744	5.701150926976887	
13.97721199110071	11.60659342723212	
12.200023407250132	7.4503331377108415	
14.588752073340885	13.53716155117374	
14.208376599356344	10.922792204463331	
14.374435136953473	6.041623202636904	
13.743759754249986	9.394047598812335	
9.979072615946928	8.482842555125133	
13.97228266126783	8.32348682605399	
10.292561643526215	6.487127221372535	
8.77908996764353	4.726299477202561	
12.367196094100223	3.732674723063928	
12.707144068394346	6.982062174100348	
17.778416778970925	13.683633481796189	
14.5271674216497	5.386985131961058	
15.973873518413674	6.819261205113396	
12.501881107037935	7.175010965305879	
10.960771069332989	7.088158214331476	
13.735711305138459	5.5987176001023435	
12.177199278943418	8.270897040053285	
8.907339206187723	5.260667520509436	
12.972262503032688	7.405141668795198	
12.222078888046672	8.920933981292354	
11.81568722365822	8.08509116928912	
9.85276259928304	7.043240046798772	
9.910420769167448	5.6189931394618275	
12.498075118651666	4.486085098483896	
14.358193336272148	5.756674036683506	
11.69281320837968	9.13939071015409	
12.683784745885061	7.052089091651593	
15.814349605423148	3.894820169600544	
10.087181929932495	6.928906900512584	
14.30503868257103	9.477020087499024	
12.028090789368086	6.736228516822354	
13.80372325070879	6.898109065631184	
12.135218570224431	7.276946424712474	
11.232553323423737	9.836583611667734	
12.641852649207161	6.685332546213168	
12.925968733781367	5.14663406552199	
10.437162106064296	4.978482726691618	
9.050557027159897	3.269832827420355	
8.281896083873415	6.973330334658281	
8.660279018124445	5.799325186443295	
10.358141651788701	4.994415051377512	
12.534969845079425	7.203195631833355	
10.401323417176876	5.176626044643597	
10.791420239385827	6.5927412344822764	
15.970261530393413	7.173953437543572	
14.525719413828295	8.064869537670697	
12.581948361512408	6.155297800982639	
15.192619155760816	7.474020695435969	
11.162620732364465	6.4289890058503705	
9.467400766287549	4.787447331936508	
16.28287387263366	7.409447256101379	
14.80308318418518	6.399846810048493	
12.24112016516336	6.820698791134147	
15.754473328513203	10.790976412969878	
18.03545993644994	6.8027725856545045	
12.814419725759933	12.883569752706329	
15.683007170167535	11.178408008016842	
13.672030708916699	6.808392781932851	
10.708461752489502	7.307252728258206	
13.46436772954146	8.492780249404708	
10.18403820337487	6.712652845344685	
13.866476430426442	5.200724127718347	
12.783630407902816	7.011439177820288	
10.81267536996782	6.422923031117103	
10.532304942691336	6.285828049316566	
8.050969066616153	6.7216086905862085	
9.408550159326182	6.992342204926733	
11.653661173396113	6.315252961047938	
13.58499711853911	9.076327505049322	
12.819139991354245	6.155496546183284	
11.588156470090466	5.103525361032083	
10.644616223316492	5.546637420482877	
13.074775499069059	6.3082101699774125	
12.259402044335205	7.9780299309128155	
17.683113627578855	7.956725622735308	
11.983661771602051	6.918774627897786	
12.354676170833649	8.845340771635493	
13.751442350225156	10.285026902934852	
13.2537512112887	9.193668549050402	
7.773419966914294	10.318061797417592	
14.0593178799985	8.100626328255586	
11.301223040499984	5.2591231461787835	
10.375946290529178	5.2140799229775725	
9.111874742724366	5.37769099189872	
12.25931883542521	6.967502643873916	
11.537083308316127	6.655222811228986	
12.470345235807503	6.775961757589042	
15.775293233449522	13.878354131546859	
14.450384948308253	6.854372710862791	
8.377282876013865	5.709898436224717	
11.869820281045103	6.51516273156243	
11.567318162012517	6.6310922149728615	
12.360099886353686	6.664652159681824	
10.749485743975152	6.581637238913641	
11.446387535742284	9.027705141056959	
11.192975748555597	5.349307475264029	
10.907568278060808	6.5292725953828965	
10.582379812037523	5.678774289409921	
12.998746408806511	7.753214078016442	
9.56378218517912	6.318039161285311	
13.012545437368301	9.499659770867884	
14.455314559852619	6.581024618662208	
16.42338838234285	6.41171759794284	
17.34126954704881	9.412889001337959	
15.521523274022037	8.35837921717326	
12.658764616770846	5.77929699921501	
10.631820931217165	5.089460297839163	
11.395505120138465	6.665994217664395	
19.257043564632767	5.569930693784969	
13.27907564028681	12.842093644792818	
20.95754293753779	9.730052330624748	
11.6083338071717	10.030449358351808	
12.497808991488617	7.665673834705393	
13.462662849230618	9.449985116931426	
12.269647238449034	8.575862188742995	
11.30084541619057	7.924600832194718	
11.503532728293035	6.412161038338979	
12.915481563936337	8.021364959510322	
15.639966374426171	6.954948782977991	
11.930375345763558	8.605154143519743	
12.875869897293153	5.723756305031197	
9.05422544023351	5.222883150100158	
8.805384023240876	4.644744881564935	
9.576570808698357	5.390560246157258	
9.481463213706753	6.149171481036743	
12.481703041202422	6.370255797990095	
13.06945951071082	7.6156267188040765	
14.462946300141798	8.171055064787877	
15.903386804331156	8.809282364182046	
14.245504982561698	15.540050041140585	
13.327490388107478	7.198784676377747	
11.478449680077587	6.627344535229744	
12.327695114209925	9.436762490302405	
16.36244830717627	8.15255600823505	
14.975049465161101	4.54486170034962	
11.93863582144615	15.751134855383562	
14.017925032819102	6.370386568849325	
11.4994725330887	8.38292957221633	
10.251239709241046	6.639231246805271	
13.853386126630092	9.823107262082532	
14.599606723976393	6.191749271957048	
9.323953176144212	5.411303887719091	
12.644563312784813	6.769338124674138	
11.987970374304242	7.330693403597853	
12.078113373236633	6.4894022952177535	
9.904585055335573	7.966087397730982	
12.767143791052069	4.114086125454834	
12.417730805449265	8.612088836342568	
12.420612334985147	7.480945986982521	
11.25432408443431	7.169306977754138	
11.594178173417886	7.848534789476193	
12.987119627128479	8.090734176236035	
10.188288922976447	14.70726503486988	
12.520251493610285	6.161372675213959	
11.161600873358067	5.930503912780907	
14.380970820792195	5.885898819084134	
10.097555801900517	5.8302407965140235	
10.814277553186576	5.704170405874485	
19.103646059351696	12.63801414091972	
13.871653539384562	11.106883903636172	
14.266751482489635	8.672242254964205	
12.902407183595601	8.021893559167456	
13.309481144460218	5.471467753590841	
9.77376404472717	5.0535864474194785	
13.148927176864026	6.892837528285333	
13.686632089439206	9.10326406612306	
12.667142680817209	9.494939167088019	
13.2066231268194	5.461576381738337	
12.893475214623942	7.481795514282984	
10.29754561739072	4.972298309513311	
11.230659358212483	5.6774117409650104	
15.259839881848139	5.30385761398189	
15.13337640941273	6.047609381935727	
12.292229871243041	7.326477679832522	
11.00486267599809	8.175292375437909	
16.01473239829957	7.020653237888682	
16.485124378042368	9.751059401000056	
12.045320412185744	11.256922521943814	
11.434401790883605	6.456954143015476	
11.373642525804383	10.759456116808229	
7.135450338448459	5.357264541885869	
13.610007948910656	7.128982838111146	
13.664883447460177	13.026137574858089	
16.895884317139448	7.241967965324129	
11.937000990259095	5.966760273776253	
12.951664189534922	6.121951253985045	
10.721880454632421	7.615256261770919	
11.435885645947696	11.397378948103087	
15.941797725372282	10.899516327286547	
14.721676023665522	6.305456525129472	
13.281887133698412	9.58002546228752	
10.428658173281143	9.915674904883993	
12.435459995894853	8.241677695400341	
15.579184815212695	8.41474764879824	
13.573271757487143	7.392106309612125	
12.62510409794146	9.434703037745269	
13.900208997603992	10.820157059643016	
14.792995054257082	9.176228203293373	
10.762930688320449	6.033159638635199	
11.205883473571378	8.019861205503624	
13.26499328890713	6.928428857395672	
13.118415478134667	5.816238814369076	
10.907762741975759	5.153169528001413	
12.826162547044639	6.086703497181844	
10.883076325782087	7.188389848494064	
9.70622094318263	7.061625245592883	
9.683248245292388	4.659076126439384	
12.506708435354518	5.115936997083669	
12.63747733123794	5.601760594142455	
10.922614338300926	7.743320023953103	
15.015526159182079	7.279596949295674	
14.778042342415569	8.938075386267561	
14.044880707469597	6.873568780061614	
9.581709641637813	7.805346954482401	
12.0311454714615	6.746990194170256	
9.264474623191443	5.734426091978408	
9.34363604380444	7.952249644312454	
13.465740150727802	7.850001354895993	
13.215343525759623	9.41056280620424	
16.993807198687243	9.406434576918713	
12.500598063473571	8.191073293332439	
11.745463272704807	10.036713560267444	
11.90405882297515	11.125914862684942	
10.605766238614859	7.250406197864428	
10.431187280985853	7.696555165437074	
15.490800753101668	16.14228701578889	
11.319627587396534	6.941126212327141	
10.219490618666596	8.076065553964114	
12.925155866520797	5.357777644562936	
13.06072630701179	7.768107357182679	
18.535422958470324	9.609971976477352	
12.981028954721294	9.55838768956824	
13.714810084906158	8.551332600431024	
11.534871060990604	9.18118251150297	
11.244245205174751	7.050269091105811	
11.105346833070895	6.824074976229438	
10.017169153837235	6.094002309081009	
12.598943329856382	5.979571445623682	
14.61428991627411	8.385503574596402	
12.588038496919197	7.782112146437934	
11.746204328678463	6.5862372110278	
11.406770047276892	6.28569040282676	
13.12211381794196	8.723595626870171	
9.110776177745485	5.3913666998869285	
10.741954209846963	6.495348653696926	
14.104039890828295	7.065055006671852	
7.350266142498922	4.857754505065286	
8.992495296077124	6.756125939564844	
14.919799597644266	11.695336910431886	
9.793391204099237	5.98687367123195	
9.231948139441597	7.095952947697503	
13.234833269421364	5.708163770224088	
10.41649599489312	7.47080256897722	
10.965036934097961	6.913027713654383	
9.131348879534512	8.00292592860308	
8.821188182517984	5.508638788924553	
14.30046940429328	7.963618078248398	
15.469490235359872	8.457961170903467	
12.359727522926985	9.509430330113773	
13.937402562111393	11.360840226319935	
10.464770595416038	8.812877314514765	
12.611926166280039	10.42624772470985	
9.518938248049514	14.184034854218563	
11.46169689553464	6.010229890238015	
13.442950024881718	7.538704056898117	
10.835634843677878	8.399846691567232	
14.7972267299354	6.625365036423374	
10.791189166071252	7.708260329414348	
10.958261402092328	6.735736374266396	
10.14668991187308	6.882069913315863	
14.235962920566932	7.040913156314472	
14.973390696129071	9.884251879845552	
13.910155457527114	7.733994323292143	
15.63574916233396	8.186414342796459	
12.978068336808347	7.769567313496448	
16.464165605008056	4.51789809990053	
11.550076200639603	5.704809046982826	
11.408976264276268	7.766356783445759	
9.460584935047438	5.9591830282688365	
13.129884703306573	8.161394445304648	
13.15415759231504	5.708224100767962	
10.848444930289514	6.335698172687675	
11.207815173179107	6.477871941084731	
11.26604604761577	8.500183039597987	
18.655899893421807	7.934109402252386	
12.474532686474609	5.847218494008491	
11.348684744894191	6.458530265668554	
13.929004700417531	7.693141980840482	
12.393765989608148	8.05836068974557	
11.975795692198094	7.563479000937319	
11.183775879563548	6.533950441465726	
10.395205618643764	6.7918174106102365	
9.533769838572649	10.445137595217153	
14.511003742128663	4.4102451980126425	
14.373615875607857	5.69979779166699	
10.43188356624011	5.005361780242166	
8.71704101348926	5.384125726416186	
12.411805337040715	8.704681138120531	
14.16347949570553	6.2914853724915005	
15.25068027803116	6.966943496904756	
15.287189384472525	9.172605552148742	
10.951942806867889	7.975577294296985	
13.320942452578375	5.263540473944054	
11.823306459340325	8.260412680040872	
12.735373415832967	6.6985330042058475	
12.3667532159764	8.530327798821418	
9.928949247731353	7.355255842574366	
11.015520156648307	7.677618752092507	
11.600137976772867	8.587651205065052	
12.052795643124457	6.596916038669746	
9.967631736069169	7.4586116083094325	
9.72530101423995	6.15547757966692	
12.34728178865645	6.585457440275443	
15.451038812051348	7.608135057136971	
11.033586531551162	7.981619968336239	
10.909756357770751	6.527328842792885	
13.653519311606974	7.203886306067223	
15.466400488798913	10.63090658773106	
15.936059843090858	7.681273143573523	
9.93428233628401	7.123618523429102	
9.403055522173554	7.305445521687561	
8.953145978186305	6.772933567454349	
11.943543247015942	5.363734019963272	
11.022667779026426	6.0232628216787765	
10.417598496948928	6.382468554273585	
12.052919108861644	7.935057196062476	
10.434624819946658	6.039395909835309	
12.81494001762511	10.534894366733207	
11.214181331024426	5.888711937820811	
14.596667827358095	8.219082507390636	
12.711252669449722	8.62420493521791	
15.031995561015814	5.221030903555585	
11.25020982512578	6.231122431077584	
12.644440319553798	8.004997932392012	
11.989900444531884	6.985558917737365	
7.74716027606286	6.761831670021025	
11.781825140389195	5.923955084321098	
12.463548995487827	5.803334319941209	
11.764872434110204	7.020874966344895	
14.284349669021333	7.808304158447763	
11.98945600732411	10.018103921052433	
12.958019291066048	11.477927828485347	
14.522351461632578	8.732445602794083	
12.0411773969628	9.211565737050524	
13.713541880463744	11.802722551512463	
15.87813870796776	9.064431236573263	
13.789694606070297	6.316034626368387	
12.19340169488735	8.325432798344083	
15.143961842082009	6.280372219289843	
9.044844285981435	9.654480714324379	
16.12048643741564	8.477578773542868	
12.858678209686328	12.40327910410733	
12.671671866059755	8.337666374518044	
11.600920279017384	13.306844217006994	
9.917539800581306	7.178682521242942	
10.193292105239355	6.5111003030379155	
11.358946780952385	8.691662810315572	
10.025270408892831	6.902015643415366	
10.776861457714496	5.8397699670178405	
11.972782708173595	5.553427498809892	
14.676716402162606	4.571513640994834	
10.999686036890447	10.196750012819532	
10.107070699008649	6.859803229806268	
17.407778589258783	5.799454632946014	
13.620887154509003	9.153234820308239	
9.775732945529878	5.4231925390545	
11.148659807488636	9.178431412546933	
13.753231262040003	7.670901465816351	
10.315276118457579	6.697983620384995	
12.876580598232158	7.854091220899718	
12.330086506309899	9.698321201655588	
16.356474253778362	10.759047480485945	
9.997391493443684	8.058199260548822	
14.91248993525081	8.313712994180731	
14.635682425186927	9.095278479836427	
11.666414488300404	8.723280585423778	
16.22790747676739	9.91788214636688	
17.72682304623748	13.583207578929136	
13.157150898649325	8.926382457227955	
9.39649182187351	8.905618935040142	
14.741807450198406	10.712177719018984	
11.610810672868649	7.999571048220151	
13.31269743605273	12.23594785615052	
11.381452876710812	8.034957010051272	
11.723741489693413	8.654966112978899	
15.692563164479292	12.301926757171753	
11.629941311977708	7.951847670153199	
11.54924180317874	8.809725303931863	
14.839664247872546	4.011185887633672	
11.035347068381796	6.896415953121138	
10.3431309411755	4.997514861958191	
15.061148259890635	5.743130631043115	
12.476985684688096	7.621865879810503	
11.82409462079478	6.2950415255390855	
11.289962920353942	7.149485387637398	
13.62539549665478	11.00632213448148	
11.478158615145363	5.5715616707018665	
10.51751756917478	10.161725818755963	
15.73679681408645	6.521482250403692	
10.324729577415656	7.636381475499445	
12.185093031643978	6.5988291955840594	
10.225646812497356	8.377020429072951	
12.592918888446217	10.049288838113576	
13.297114542164863	9.197635618316884	
10.816216671439237	8.478251614226041	
14.858058650982516	10.10371764199253	
12.43265717931006	5.542613582130343	
10.90999104200607	8.714273886518614	
11.639180503632964	5.955833917942888	
13.910120083979717	6.905178249669648	
10.647436612393106	7.787029054820607	
12.048330259129884	7.802609024311714	
16.036719504929227	8.2807072003137	
14.631253402401619	8.872529015325352	
12.8366197449055	8.029076714734488	
12.250928560571205	9.708225758022031	
11.28658455013849	8.015765249922866	
10.032517661640668	4.748970306754794	
15.033937187149679	7.790935845494122	
11.532739743648303	5.554341035857038	
10.943730327450284	4.931476752184775	
13.494665806055293	7.248877762005858	
13.107014659459216	7.841708829112134	
9.500818410355045	6.957112943953013	
13.148414973304702	6.579188386273182	
11.942205087361472	9.004474218640723	
13.728497605247773	8.9438238974604	
15.327151066608048	13.221137638774117	
16.77756832490717	16.63933942300317	
15.180541035181458	7.56472789878604	
10.904371806185267	5.333945253006698	
9.192788291293201	7.005352103647567	
11.301348989728975	12.139983373534527	
11.33722488713804	8.114826445975906	
12.132338840709524	6.83718186217124	
11.995758089683658	7.398248255815622	
12.61348666142002	6.260850507811558	
11.28921798070931	5.357995089872572	
10.371239483175067	8.592007780370817	
14.173016530733335	6.804713483253481	
10.059653531177203	6.273100039290185	
12.371097563944154	7.3112718162739965	
9.3848625167969	13.511688873551364	
11.902192892530215	5.858042005595948	
10.532128465429881	6.198351324754994	
11.430308578137229	8.055640525350775	
15.095674169281223	8.01591247340993	
16.33159726348788	4.732471333821595	
11.495675399156962	6.652169925375534	
13.398864736239554	4.60570333255925	
15.126442382955872	9.2427355600547	
12.192110058963204	8.87428915137521	
11.071492134029032	7.192539616323189	
11.357367160241395	11.847989701564202	
10.371516812247501	8.475195357221924	
9.958453568744277	6.742263463428234	
10.650776981900043	5.365500484991941	
12.051153671022789	6.136335424333387	
9.843086455848804	4.787530492674015	
9.556983455827245	6.289317404307155	
16.196202412733076	10.516870475912038	
12.430183405911443	10.007618724358453	
14.020475489496052	8.744015436073779	
12.601012585558005	7.183557481353034	
10.87722397776106	6.185964821475193	
11.973530476465017	6.388201694099154	
14.631256845337756	12.98685274631604	
16.260136259848498	7.528523855969277	
16.07681284867322	7.924896560864939	
11.116538782077301	7.227003998757861	
14.388481844861557	6.450303397494216	
9.506084087194251	7.6773714821295975	
14.10818495750442	8.368399355663362	
11.613835096135661	7.166934276690967	
15.566317822221741	6.757951895351698	
11.973407886580814	4.3171539989841285	
16.906142070837696	3.6541528542358117	
9.712503384849331	6.663219049608323	
17.33618018141547	5.461849718746965	
11.670158952333178	6.720662385537276	
13.565491538882222	7.095696423697151	
13.528128831739492	7.346922629046774	
16.007790243578484	7.958534598379732	
10.50758229253007	10.834677332681304	
11.283249441277118	8.125972786408807	
13.034130296823252	6.04080105449208	
13.840116995435988	10.073144462062425	
10.722744068396484	9.911913623055993	
11.937130682879307	5.56402834975354	
14.998098975431883	9.223474020681296	
15.72293535147953	6.632867758951452	
13.644391336319316	6.064553443507457	
10.89505398605796	7.257122548631241	
11.298824124352105	8.202974721547383	
11.613806138749185	7.643041454463443	
12.688752120987434	5.648308312773741	
10.774761809847114	5.707264432792541	
15.373246189504279	10.184013669676599	
13.130767730552094	6.20591979841256	
10.51769570511316	6.968338517744711	
15.621746953592387	11.318596725817553	
12.273287266299699	10.986468994828734	
12.473647533431823	5.416086932184623	
8.477977150057043	5.664772807771806	
11.698040517644772	6.481883843041895	
14.592551572453171	4.751675613903337	
13.481937139740072	8.373897344954296	
11.338114486121528	7.424446937393169	
12.695008101724945	9.910959715068909	
12.59349162386236	8.271326405638547	
10.935171823293853	5.804730690777492	
12.757239449946631	8.534131206955802	
9.719617251336913	7.687982592922888	
13.364549395833869	6.616102287415734	
16.979123569781578	15.600094289722318	
13.019216328225642	9.672896078307193	
14.432163423695203	9.393012962503764	
14.809649025916688	6.95877759334657	
12.674215972334837	6.761331965474961	
10.565244628121583	5.520333794288374	
10.229263136993637	6.0699007095281505	
12.860431133550025	6.874057469670063	
11.752932648012122	7.327180150348946	
12.72137244983282	6.959326983232077	
16.376348497638553	9.228989097721977	
12.840373192134592	6.322295887127403	
12.192068169340029	5.328207037981518	
11.769103743788891	8.032623860444533	
13.280833649711964	3.7467509220216093	
9.5786290967761	6.011333233460445	
11.272127493835708	5.468501764048212	
19.765363183708995	7.1826747483746365	
12.997815786437092	6.4434315801709365	
20.77521943485544	9.043186427318414	
14.964364067861203	9.994951724525698	
14.426791077816462	8.305157424530652	
13.498498056483244	5.475365556373641	
13.105216416146156	7.4360124125888225	
20.18199139496451	26.04693193501417	
14.175368787628276	9.73059686076014	
15.685305445370838	14.236956508111408	
14.208070176702666	7.5502532521228956	
11.295263396232082	8.576188310807009	
12.18171483079165	5.191347562321242	
7.990136011296064	5.996625818280972	
12.04380195850117	6.417718270868293	
13.103468533463158	4.794115500328365	
11.013202322850915	7.248301673507801	
15.498909171327153	7.843227306344743	
12.16517723019712	10.246580024424857	
14.766435979947925	9.68632630389813	
10.220385664352973	6.834776233856619	
15.265932053899999	8.93808178929059	
17.093177901052773	17.588118551406396	
18.565136700222862	9.559422955428586	
12.736101015292405	9.794028541938076	
13.341906379144458	8.564542389929489	
10.597979761616198	7.869170272601393	
11.251538489264043	6.574530980496424	
15.920621339157712	8.101952197540585	
13.674576548778518	8.388974541892313	
11.483255067917103	6.468047864085409	
12.380983023838285	8.950853814674842	
11.216478240220493	10.892182638251755	
11.496222734949633	9.772794378286761	
10.135008759584192	8.591559657406657	
10.378434705571982	14.063880332882887	
8.92938546237924	7.4325622168382575	
12.478444442930844	5.600806358201349	
11.48750148260614	5.931076773251802	
9.34585773204213	5.833885260391398	
15.915033424512938	7.525241746286729	
12.275121941676993	7.579026364500841	
12.968832348708574	12.000590834661992	
14.700231231468614	4.268477989382634	
12.262318152825818	5.882138276811589	
13.576429601846996	8.808041960133776	
11.675717899799691	5.710216711493547	
11.464502946135578	4.150396239215274	
11.142377258925315	8.843786455553117	
12.857886309423153	7.823643683801329	
11.803162537485788	4.532316955529507	
10.058496705990182	6.988260334278308	
12.641815462194838	8.464808947239124	
14.860967178532427	6.7907181491219255	
10.064953849188301	7.143850701828814	
10.694208361790102	8.137178422858177	
11.53655925536081	5.708603259660876	
14.058961237247543	7.813195541753351	
13.7697898699813	10.949740318104066	
14.173106287881422	4.186286937080187	
10.986979975003193	6.466052145201482	
12.704231384082643	10.005834620636886	
12.881616378678652	6.992639775642245	
13.519198142795124	6.693157743093233	
12.216985767838658	9.61637278728233	
12.30633372189671	6.245472725827947	
10.21908938634619	9.922024870467926	
10.491975242895196	8.80381617624539	
9.679492578901172	5.918022447057089	
10.735902287750475	6.009400531333144	
13.665771434429864	7.326167428116641	
13.229600163118093	6.549810561736355	
10.44093938350808	6.7950698915744185	
13.712933442976176	12.052324531284633	
13.355291475398213	10.38474295789274	
13.653955825201223	7.0390310283191635	
10.590582739246749	6.472992484514981	
9.088293215455261	6.945136205697176	
10.100023774975494	6.736372335736296	
11.644587231637159	10.224278552944416	
10.031101791513303	6.724990577936275	
10.4722727513734	7.925384663164352	
16.52536454911254	7.431803045528006	
14.833327370396088	8.797916600093485	
11.777441330211293	6.763381566099624	
12.673098561577726	8.726257444748668	
11.957102734941223	8.12740055585027	
13.180205145318473	6.7384632885538	
14.42827854165009	11.061314388447109	
15.009347572684979	7.494481127486713	
13.106811481872647	9.116310108110108	
14.664565720360198	5.863255792330983	
9.41810870953562	6.406235560623412	
13.168544336590463	8.733972276622445	
10.94758982387649	6.231310114833683	
10.108032325361615	7.357150801487374	
9.893111453861003	5.227045773979856	
8.103389396331234	4.713092669502851	
9.983111071979744	6.601813009376042	
12.36517752913009	9.213325180937069	
10.097201716692341	6.790198964783208	
12.643872265661818	6.326628783859331	
8.678589717602783	5.591569282358877	
12.471511637103404	7.597320061584989	
12.34050050625225	6.43724649618206	
11.401259708460358	5.659872296643186	
12.876529578448496	7.609169552427549	
11.33618156865652	4.964301536423909	
10.59386783130303	6.781383502135935	
8.116053491585467	5.517736897545073	
10.483556764049181	4.93989282043987	
10.090360814579265	6.849137999206268	
17.194744310384614	9.821235376715913	
13.10045246215908	6.551438935214309	
14.115459065106421	6.930370737622141	
8.826870500917114	4.5307708081647196	
7.420612334491618	7.982130305147465	
9.964858559456975	4.953549882560169	
13.878695452498075	11.753289405844596	
14.433970339923091	9.660572401212878	
12.488042300359629	9.528609591429044	
12.330396280519956	6.257437538946782	
11.695561248541582	6.734423164120386	
10.5073334512825	6.3401850185537265	
9.806383598882979	5.605748497210731	
7.891577564438115	6.842915616096893	
11.857768894108117	8.68644873769915	
12.037834655355931	6.474565902662503	
17.65703723226514	14.332596947182141	
11.695340039739138	9.456287507783538	
13.745951845869358	8.52810884795028	
17.597540430509177	4.36070763549317	
12.087129655238165	9.70977065341443	
12.092316004435645	9.279199492595039	
15.354373159251217	11.897807737798734	
12.735248122063107	6.038150858505813	
10.592652334909342	6.136322433661473	
13.640336192279568	7.016948536899123	
10.951251992631262	6.351369252591704	
12.940984759709119	11.70050326513668	
11.211548251103226	6.333551971002362	
13.4127431458816	9.880264642788987	
11.507233130543472	7.112688306291291	
14.184516102808006	9.573216736474881	
16.667980679674052	11.258107403555526	
9.07857359615481	6.7765889894394284	
11.83567407706083	5.857085997694748	
12.447553820036259	8.353731486057498	
9.471868401605475	4.035550180792162	
11.025617295309695	5.8342245682252685	
12.036309792049527	7.367774296145088	
8.66247261532037	6.223737191720497	
9.709103455435304	6.474869826866441	
8.747254232212674	5.10814472591822	
11.043727968638539	6.196269928552978	
17.93603310730191	10.132748263281167	
15.161267575250333	6.6032982066097565	
10.880774259351538	9.923524271566196	
9.040286511318195	7.089561514552482	
11.322811304284604	6.317210455672079	
11.562682721693994	5.764519769694665	
11.048022356612861	7.201013940983397	
17.168133762433474	17.277456554249856	
16.970947426780427	15.202016826169409	
13.098670339442409	6.0899804129468675	
13.663574421500021	9.018865505202886	
15.661582219327993	11.136148656811294	
17.124710940884135	10.800734342812994	
11.732098800248734	6.39816975593254	
10.777272934180319	6.236950958367306	
13.96761926760734	4.9807908084966765	
11.041337704582554	6.797491007930435	
15.448367508213158	11.279222870980906	
15.415426782769917	9.823143903474994	
13.479642810936436	9.112887963500608	
10.83652032258814	9.955868410858429	
10.389137174137959	5.633012840685653	
8.004259808646067	6.471150125044006	
13.51910806406513	7.042830790336885	
8.55530247686548	5.804039329190446	
12.82233839176083	7.356125959681899	
13.32304493551954	6.063799000090742	
11.352594295510933	7.365685935180105	
14.054958637284608	6.3907756211806594	
10.643356786391092	5.406215644184657	
9.302210951627826	8.819050573403631	
11.858891132123322	8.469964450535219	
12.27433519984317	6.173110124242293	
8.962216973508482	6.774559694814754	
11.344975449923512	9.29746973051612	
9.437871994422075	11.036861818683848	
17.471322088356686	12.414941142456643	
11.019442230585895	9.789025132869776	
11.520936564476457	5.914562622155137	
8.221797301631588	8.406700947528861	
10.754206942785649	6.583531416986218	
10.190213198741795	6.931485796782311	
11.477163247258101	7.074054730579538	
13.806783781643455	8.241591861238023	
18.595862042570843	9.095607458923597	
13.63015267896655	6.097325076974959	
15.305214167098956	7.603118753992797	
11.964246242766153	7.114762389376007	
11.960114403171515	6.995683391424214	
10.97424101621709	6.6030387869811955	
14.262546671706495	8.609114315502014	
14.927883903750569	6.615695022959569	
11.9417559183004	5.345950223363925	
9.987966380481272	5.987827662734099	
14.296229903862821	7.268255741524769	
12.661945408110354	10.363854817448502	
15.502910407986151	12.361088370383227	
15.046530404037899	17.099602598201404	
10.791234041175445	8.545630544512576	
13.923647951040515	10.313944415178762	
20.11825993262536	9.827763321108685	
17.716008612481904	6.22572964139015	
11.60226454160146	8.002858246681658	
12.346088529570356	6.149630156539367	
12.43942082866609	10.163817672971069	
12.105946395221691	7.988495014346541	
10.369834403642024	6.558714496022887	
9.97102391937877	7.118441658237888	
10.411830519817967	5.6358577401335594	
10.265094032427564	6.455241278672433	
14.669157000341457	5.88307685411265	
12.161877440813885	9.575261649100153	
12.89476406281952	11.640617430634926	
12.32964399269968	7.532440960775837	
12.946959881764382	7.467839027068457	
14.375615969855394	8.938269220425024	
12.777668565136516	10.912187972147958	
14.797763782973513	9.803396449987545	
14.064568604852134	6.338995686104248	
15.097775463054704	8.466933965862628	
10.229041038587733	7.421856056131065	
12.542112278415784	8.208714631551032	
12.618190337289603	7.860325227651173	
12.229738203577625	6.631607147204098	
10.797822920454292	8.11494731376326	
13.70254394777547	6.149955440109785	
15.596776813882984	4.1053800673796115	
14.7099395097827	11.628339618617925	
15.43324466431138	6.741067444237486	
13.455856149934434	6.594667759144269	
13.154699878657137	7.117862820959916	
12.661346005722411	5.129639582849384	
12.203029708071757	6.20850803963509	
14.484057821456313	7.791923781429198	
12.380436400019802	7.593661508754324	
8.157256023920212	6.373791061074137	
11.069048373754685	8.112004206037563	
15.520115858477025	21.012097159244586	
13.38817312245	7.322228544896894	
11.022812021073076	4.361383076604555	
12.952109527259536	6.543074436368286	
8.81640315976322	5.364387706141207	
11.97077610761995	7.160326630012092	
14.83709121546212	9.095194577655661	
10.36641009324576	7.370573707580617	
12.594741403288294	9.751979860290843	
10.278383576964714	6.2324071033579065	
16.86897191375627	9.677990304327478	
13.619997306968573	8.0811217247009	
12.739778663539555	7.338994208147743	
13.995142505955602	13.060432343501999	
12.099566782010118	6.161126325125809	
12.04014657571116	6.550378592015519	
11.481374765706216	6.010419706969066	
12.678624455062243	8.948610784625393	
12.191181685142736	11.259367310348624	
14.953771020317111	8.403474008296337	
15.300844760467605	10.025580185453888	
15.486087402377988	9.253950552392448	
14.064640477757685	4.99311101155095	
12.723088944505157	8.329968758127166	
13.115189245875083	16.2044878474202	
