15.297581988256972	7.61731018462666	
12.608995487230551	9.804217440506429	
18.133810122383228	11.315619019087395	
12.5012009029247	8.044192730155206	
14.818861680845707	10.193780595383922	
10.774510002957376	9.32178829218112	
10.871630110663775	9.702173287525257	
13.82464686678787	11.019052834109447	
10.931437796974954	6.184880442866303	
13.43898483212129	10.63144626601998	
12.026429616663266	7.990221580420101	
13.742817641651975	6.5353953887325975	
11.44841739262932	5.46031533341018	
15.515562267120888	8.507555542181988	
12.375331343999754	6.720872597867684	
12.248196846816102	6.602750642881344	
8.67282508811092	6.717366855523774	
14.310319236017987	5.878022475563324	
14.50094640974881	6.499731312517283	
12.56876689562817	9.223306656753465	
12.615442495896719	7.289813245425242	
15.26189005515676	8.000066712249518	
11.214984248379919	8.401063910833747	
11.884009812481333	7.589976703742199	
11.8388630094312	9.186467767087217	
10.92451310732084	6.969003410120769	
12.714401227117893	5.209752878190502	
17.32807969584253	11.375495850881927	
10.368192706032964	7.143143858790191	
11.796786583114326	9.513165268031571	
10.998557993999002	8.192747724434739	
12.800136582521699	8.410654665261836	
16.708350741506514	9.274521758024445	
11.813485112665571	12.748166581735191	
16.398258282684417	8.662429173191025	
13.462997862412571	10.82422757026586	
10.184256692633792	7.299385091294477	
9.440747237257943	5.740642377085137	
12.130373406598293	6.1420982986443065	
14.537939984932502	7.0587239525628185	
7.160298401263013	6.939688328926357	
10.665280419807857	9.714081862441944	
14.175175263860652	5.779404481529277	
9.142761322007157	7.135045368997261	
12.392957749011984	6.684424353435538	
6.619284124559258	8.435165783131026	
11.323236615341719	5.9815297901050375	
12.0266892262754	7.564751600120521	
10.943503445972205	6.846628851350256	
11.633230482947063	10.398707659114953	
13.072680806832588	6.238754749849359	
13.621296340028	8.25811396708495	
15.345523889364463	7.57913122166272	
12.580057245065733	6.056120562334329	
11.80137701608988	8.327876699175052	
13.41848589184202	8.198477356972429	
13.819545517528871	8.745876270783965	
10.651200793740431	6.582072440563787	
13.752488080854556	9.041551152079387	
10.202735778002255	7.302726567567873	
11.729188017419498	9.118083896636223	
14.16926700064352	7.496831108574761	
15.693708123036647	7.280311950955373	
12.271156262967978	7.526046339414056	
9.423873791067331	8.642442513549609	
15.784003989416421	8.766185632630128	
15.676597468967632	17.752101801026573	
14.6596441889306	14.59173146706349	
9.166249698473637	8.22003167864696	
9.32958683719139	8.232444440542947	
12.501146982512106	7.39392120021827	
9.579795216332634	10.279089591283837	
11.171517427775974	6.312149835926981	
10.38651595630604	7.409302704239212	
10.413622026846049	6.183947933891379	
11.813250199989316	10.853354001206016	
10.635062170628352	7.1653012748494	
13.72258378277782	9.42414224133513	
11.008695667251336	5.318491048874201	
13.756368452249745	5.544017458366036	
10.05500683415726	7.839626975723889	
14.32262789286734	9.897008927239	
16.823685701540928	8.824857434087525	
12.751791189797892	5.329259247737336	
9.991393247481934	7.0110906128209445	
12.994017030170596	7.440879855507097	
10.530492814893346	7.0848281927388586	
12.25301247954494	9.023641772066723	
14.206586103986348	6.344095251911692	
12.166490910880006	8.60045636416708	
12.701338493008818	7.01786058532759	
14.804330754933595	12.346226259199529	
16.868650986140818	7.608738451965828	
10.983723344466231	12.21242566359319	
12.853699302152418	7.847598989414073	
13.638292672074524	11.112305912122284	
13.485042184639214	9.070512256600864	
12.053096078390274	13.504731907634998	
12.446927285822483	10.13105732326134	
10.6046784632549	6.960699607675853	
12.048427961507594	7.531728018835511	
12.52518545480973	6.4597480542280366	
10.643600309557705	8.581611340595215	
14.61489174320429	9.523796626449052	
11.498099336031471	6.547429889234093	
11.686725484993302	9.763201256187847	
8.684793798551071	8.650698143333667	
11.455998501415957	7.298837450788125	
12.241550947505614	10.275602506480421	
11.852324306552458	6.805280491632974	
14.06766327415458	7.300188288387774	
14.643807529205597	8.067912557904224	
12.008048616150592	5.554455512467382	
13.035175765523391	11.064560972553974	
15.982426805228354	10.884587119573423	
11.955018138533749	8.864620820264998	
13.85985942668396	10.939052082287363	
12.213097348497195	6.418585076643768	
14.290456976170725	11.85042678787908	
11.44250512966922	8.569334056036185	
14.678922035348831	5.939494957917727	
15.032418345297886	6.93141087371238	
9.73896350362007	11.371786554019934	
9.808864261909084	6.605312987777945	
12.069579155759902	10.400070675454208	
12.330659276664921	8.427693104046767	
13.878534290972722	12.285753695949738	
12.61224756395202	6.6006376914776075	
14.217416853143435	10.815676966226201	
11.740059067296242	9.079782910675641	
12.571402460433642	7.751938245102345	
12.26547626744098	7.594590933519921	
16.998299223148017	9.813583616922742	
15.907738238320508	11.165548087217926	
10.679008186412998	6.573547428603239	
16.062009814921705	7.265955217704361	
13.882070412987307	10.958562251678659	
16.136729887180245	8.90220768688093	
9.786465173577495	7.5944318680712914	
10.102066614173262	7.15887806380264	
9.36572934706192	6.994568948077661	
9.363944332002779	5.566397708038083	
12.325825927437485	7.416368414156465	
15.111861854936603	6.092099471251913	
12.619198847126338	8.75228638711655	
15.389414581204777	7.202217283877073	
17.498634630265	10.716226583055064	
10.51387174646185	6.012535010238045	
10.881134531802445	5.987045257311838	
14.564115212130096	7.331465461460282	
10.284560889611981	8.537198045568925	
9.434512705708213	6.869305090652869	
16.746609905426183	6.8152943767059275	
14.973279849427124	10.053357609654064	
12.669237613596886	7.806730001216373	
8.964836739102115	7.077713061638672	
11.200622505507788	6.0860415070311555	
10.451799771054212	7.972954418456316	
10.080041469286092	8.029518544507022	
12.068180440402283	5.412663316297435	
9.317750900762999	6.932006501266604	
13.37481760226583	9.396599539631643	
13.43220571035642	7.6116714114983015	
9.060330445636161	8.803598435846325	
8.889750385097301	7.076979226258183	
10.511167662986415	7.725037819455472	
14.234279517695537	6.39143541536678	
15.583265106675144	8.150259282732636	
11.992966309331228	5.331229672040375	
9.853532444670936	7.107919124609236	
11.180138684766455	6.107500485683505	
9.47715388370173	8.123120166355598	
10.964584187415355	6.738776834293918	
18.93948138989178	10.26964046535585	
21.43873383887487	6.130686103926665	
13.753074862942803	8.980284288591495	
15.233605763783775	10.32232045941961	
11.201097867189238	5.10192469161522	
9.50031454742997	5.281182540582293	
11.53640911778362	6.37480977875594	
9.346765650279218	5.225176713279228	
8.304821359965384	6.158067736790928	
8.5484588796174	5.414643686904556	
14.585807133604373	8.513312216955772	
15.723222844162533	9.138884826683348	
10.28813872927498	6.950477036609932	
9.86170025623175	5.851476064320302	
11.162469503940812	8.397224978019977	
13.744090666833984	7.659238730159051	
14.929756122633052	6.265170925162951	
12.492540583809808	7.5507418971866525	
10.608735032432081	6.1222184311681795	
12.515040565585156	5.0104180279635	
12.968919817740758	6.566244400663195	
10.879057834032867	5.832958638042618	
12.372363634576308	6.203249942788325	
8.949313560187566	7.61099184016675	
12.973154588950623	8.965504845916703	
11.499191431757037	6.4378297115127525	
17.638898784383997	6.5532338914131305	
14.508972180160159	8.803551231476968	
12.840864898531235	6.165354315324556	
15.027878154883371	10.377533643575129	
13.956572216337358	6.554969097861796	
12.306605939957404	6.536498165722717	
7.408644440178025	9.954984105776951	
13.453608438921263	7.054216101669692	
9.712583188720348	5.936127042932674	
17.657757616782384	20.734764682200165	
14.502292700059531	6.372376616038768	
13.282815106547487	6.512206625232683	
13.426102120651954	5.350921607072596	
9.072622657085459	9.363928653894034	
10.775269174254811	7.686666909668748	
10.201977674765413	6.637376761564136	
14.609441014153498	11.205576595086669	
20.366057487952517	15.616861510138511	
16.247562642686958	10.591814063728028	
14.772350841764355	9.080829720649868	
14.438630068320485	7.767875366396181	
14.38310168985307	8.922221532642672	
14.363975988053864	6.83091349908666	
13.054755952524605	7.941857157157584	
14.703063261096716	8.138186498398115	
8.453235676822175	7.978453205363284	
12.339099502043444	8.7512668907207	
13.92905574070083	5.56973936956601	
12.767378173447065	13.643449200850297	
9.850354347263748	8.859996076316508	
8.541800273721588	6.441721958267291	
13.298307786092689	5.166906416294239	
12.338222239015634	8.097641139139801	
12.71620930211557	7.622140276813141	
10.618232152102628	6.347709468279943	
12.50964949071711	6.18725749053198	
11.882666047166035	7.79243776943088	
11.912751769118863	7.721044570963322	
10.823360502805944	7.0844812456710535	
9.26621769418878	5.63197917590289	
12.769375084032463	8.002842555934034	
13.209032704369287	10.574861424255772	
9.162711862949442	7.420479086770681	
11.92817382218704	7.741699695444095	
14.801199997375154	9.30479946301532	
13.59216578941584	4.346652871256034	
11.425398255025893	5.87624564382405	
14.041738428103208	5.781669731171214	
14.284448993021918	5.400335973344928	
12.27331755253451	5.832873329581819	
10.872230566347662	7.520973523664499	
10.38908821532841	7.606624195002075	
14.402792169194514	7.6735305583597295	
12.330177320513574	8.348952933487517	
19.95548866189379	8.685537375608634	
14.683776738684852	10.82975669380855	
15.082406576051001	8.069929510935236	
20.641304306044425	15.150634017930054	
13.272993647964483	7.44799180102058	
15.981286157296122	6.822089918118691	
13.1148561511598	9.273232773565011	
12.055926612548792	9.909188579970074	
16.269838176886207	14.546680852157017	
12.27325275789822	10.373743252921795	
11.498243312526858	6.9336225307965815	
8.561918548526172	8.574670500526697	
9.75224385983673	6.370633789652737	
11.959420554137438	6.674220299815308	
11.603620276549952	5.106779562183605	
11.004824611662512	8.817134856710451	
10.038286418142995	5.128985026914195	
8.568545062041633	7.724902809153538	
9.885755362392418	11.450656575858146	
10.678832722896594	8.575652823803631	
10.749803199625672	6.141629821170875	
10.311282894401739	6.097589370689764	
6.859543140363904	7.234937395963879	
12.593160929193445	6.361497621443018	
22.402114281284945	8.058647627480674	
8.335927311630384	6.9042947168273425	
9.65886721982556	5.502098106727123	
13.243425647361818	7.103055769823101	
13.35040687695753	8.32426187445596	
11.830376974350287	6.711339301241758	
9.0425926453919	5.613335584934043	
11.1741835026225	4.748493243537685	
13.88120338953006	5.355001416627453	
10.36937832429454	7.329288016258159	
8.544390327104264	7.599926050639814	
10.826228059556778	8.132539551132977	
9.991272039121316	7.896502876889013	
16.224761651891157	5.803388932958036	
12.539993284826751	7.526176158103184	
16.531626891166102	7.224292235492617	
11.572684825971004	7.346277784818356	
15.070588053229223	11.509648125401172	
13.391911613346913	8.766298407226431	
10.088741033406393	8.259222224538982	
11.955171719830638	9.442329356566729	
16.672666516466418	6.8784268844449645	
15.812466905069863	7.870800510660937	
13.930103898925374	5.193394322572959	
12.121129984069464	9.015229517661854	
13.948343083886005	9.160283600832622	
10.146627915167077	7.566650858879047	
7.952271928566856	6.623022531929653	
12.740336807816758	5.618244297523336	
9.418044479278993	5.222165207879107	
8.477236445180447	6.484637393894124	
18.267113425575648	12.969648625996978	
13.641374253617684	6.815379145058386	
10.635787117145616	7.544268663329878	
10.487321561480398	8.113995481507995	
9.583225590447958	8.91322061544905	
13.214052114836413	6.773899181962836	
15.014967646316581	8.850795090846857	
14.38136718207923	10.112631497737434	
14.467750346047445	9.442918063114705	
7.841384714656596	8.346683951940308	
12.950631557515326	6.233931445730179	
14.764669671902686	9.484655425453552	
13.120540684353937	6.292408903202963	
13.414020390440172	6.244061701479838	
8.104073651283306	6.459676148012513	
7.750530561557034	6.669356298579777	
9.870394107329801	5.928605260789541	
10.029031720741468	10.208406275708347	
8.831653037292226	7.718524336327159	
11.71183263635768	6.636002730798831	
12.022668257153956	6.239438322878084	
12.354755379595321	8.761738333093126	
21.42601487999297	8.555471573144171	
11.928073284282796	6.326553561244383	
14.866227255162913	8.2832097191901	
17.12921149831034	10.278322119725214	
13.143145898815183	7.745281857672571	
13.946342625325508	11.514935936116453	
11.632994862761674	7.825845563584827	
12.936101053916811	10.192465821514089	
11.825935200148047	6.563573220424791	
11.70589161540823	7.048820109697078	
13.14603665110486	9.941394471568175	
12.372294216822167	6.930582368256434	
12.837880632980129	10.007787884331266	
12.30622603321777	10.832114474507613	
15.089293934072414	11.718868737422262	
9.967480719811807	7.59560401226359	
11.937501229082239	8.909939513902478	
12.77740131986631	6.729337379289047	
11.942631307545902	7.086543086970554	
13.166826842145996	7.487081451685538	
9.597054310998276	6.323368341413251	
11.629963772678703	7.028237385993655	
11.591499339613987	7.137228065863559	
10.208289896648182	7.111319308589866	
13.2164289046816	9.88498996521026	
15.13512212660309	14.37278297133697	
15.790511399554992	7.005722583512467	
12.789077297949495	10.700431727978863	
15.247157728179092	6.946254081065767	
12.97536339890597	6.313226815017963	
13.66137790169971	8.188391329696614	
10.216065357646697	7.050596334893379	
12.659550587754381	5.930525443684747	
11.614995945968785	8.536766044020943	
15.46335225555659	9.607395796113318	
12.941037214363673	7.657791965080408	
11.156839254317394	5.981962767377875	
9.974133299656476	7.355163593983015	
11.65536500765529	7.563388953414621	
13.53497510000679	7.3364965298561815	
11.107575446575815	6.808756106753609	
12.888316749497923	7.581861597594603	
11.432948946532022	7.1690291748468935	
13.90114340453578	6.799177711292171	
9.072962560589708	7.929259326760482	
14.077754936219696	5.992946923987565	
11.320481937361386	6.079781177919252	
11.48475595918794	5.850260638042237	
16.61668818331912	11.151260772439626	
12.190548697390879	6.693888299290729	
11.205706245930244	9.378650216549289	
10.07595736561864	7.547407438475904	
10.530837913896606	7.3413978225240415	
13.466221539796695	7.082315780608057	
12.444373115138832	5.983047406722406	
15.352367503176845	9.237478703819969	
10.322435936515786	4.751932189316844	
14.885309271595473	8.442142788595186	
13.191916237569009	8.215309899056566	
13.078505188112874	7.1173251778595965	
9.051416182534961	6.418676096200937	
11.704691930942753	5.163745522001315	
9.980092023640777	5.315817529611329	
9.82437076831569	8.32131144321722	
17.328254861867666	9.603015576795684	
12.202796961012375	5.931416956665693	
13.542269711149325	8.193387866918895	
13.463922552899776	7.254602468850894	
10.840958486276275	8.624146604530752	
9.272812530268498	8.211780550866887	
10.154015187367275	10.250490032855447	
12.460867824889869	6.976640771945742	
12.855471319959944	6.045351775767639	
18.292215821345565	8.204832856064774	
14.761357666246408	5.420335255041995	
13.761114380024798	12.562963910713231	
12.167077894171623	7.909055137281224	
11.30665640028586	6.582067997391038	
12.643995475849662	8.591658640471621	
12.114440604264987	3.271025028977531	
16.24430293543816	8.483518126296065	
8.32489962818258	7.405716702123927	
14.778210672890925	9.725672533969584	
11.614040175014585	9.188836105505656	
9.068341888758631	8.100179940838993	
12.719241094497631	6.922420015107432	
14.073084670129251	5.69419777527703	
14.739959285231823	10.76336404010174	
13.875469970821598	7.890204019441654	
12.078498443329156	9.842870283288114	
12.105353707719035	9.860259122001697	
11.83909835046565	7.324359762296517	
11.73458408925659	11.598265359166465	
14.670990974097048	10.886314087857546	
10.969302312764121	8.317727217143865	
11.764038181124151	8.101648989641307	
13.93970875739388	7.282992200055849	
14.357311204711284	12.165849676396702	
11.832756846720775	7.266632165836305	
15.015375491373328	10.52076411557507	
15.630773869990767	9.258613737796281	
17.01123963782124	8.56056716052276	
13.847218401210862	8.42233371037996	
11.59198181006969	6.276838847260155	
10.53449740587946	6.971696333025929	
14.461401495064917	8.639680703841849	
9.697863333934583	7.551948108364788	
11.780847893194226	14.183617064595985	
10.676146905200959	6.2468273812891635	
12.081926691267379	6.858320536188323	
9.691456247862556	8.947023104710636	
12.142644698745425	7.220547066877452	
13.760254123091746	8.917180539659627	
13.722731032698487	7.473669843381116	
13.082671544158869	5.295265491819419	
12.577651872070982	6.50199793743773	
10.144712054224874	9.15458806598513	
14.881992478756896	10.373294237005961	
13.253397829135707	6.383311156937308	
14.32574671806208	10.041919964585095	
17.31474848619915	11.902184749528972	
13.03183269772844	4.200863220312502	
8.960234283456083	7.400730395344976	
13.162399896895927	9.044541342968982	
12.862835478184396	7.106044158156697	
11.563358657610378	7.5957401584413455	
12.009031322223603	6.819751679939403	
11.552151896832354	7.413617620137335	
12.336257695595304	6.47768470238908	
14.393462953212751	7.673503387386328	
13.792968166309828	7.7985128329508875	
12.237834184965918	8.263039824221261	
14.214259809817671	7.074861958280813	
12.580771107665022	6.999181570348783	
12.712905396885674	5.791914032002246	
12.531720727390637	6.924973689209759	
13.968184373789189	12.543114196148398	
12.127832504932197	5.268940598162486	
10.776708484789996	7.050825640305532	
11.418956234423685	6.198078357640303	
10.476255399383197	12.972590193773186	
10.623717046462735	8.270268559321693	
14.177134140586986	12.670167468718647	
11.34374972557184	5.428960404822057	
13.411406587359268	7.131006029571366	
13.81017746139704	4.08640763795925	
14.73846144892151	6.958269480963138	
14.860133174007279	5.857233272132474	
11.084472253729365	5.943767910861277	
12.915007952509058	6.793761695163683	
12.830556325096493	7.749857497535114	
9.88070304629659	8.08679863016379	
13.416918704562853	11.682828610561106	
12.931986460999676	6.08372711758806	
9.474044757116507	6.669126292220066	
10.257453830670098	6.564635843639857	
10.949935062697216	5.848462261440244	
13.36062241431821	7.699083039266967	
11.943531003221944	8.061999202365786	
13.989542271878767	6.390230182618491	
10.218990524405918	5.757870487095632	
8.894543453350511	6.754229631190421	
10.5548954943132	8.749011754004997	
9.966647940301746	7.158339508597308	
9.980569660085937	6.000584227939673	
11.176516357426271	8.23599719029332	
11.604419889879734	7.881686776541153	
12.595018303801815	6.113603358082641	
10.917597420818305	5.099044705795985	
8.267281505012479	7.593555470054089	
12.758165526581246	7.657590934938406	
15.699157556488212	8.028872314907316	
15.506265042609	6.449914471727923	
11.152022358729203	5.527812790113247	
12.824690020154941	7.70893514306973	
13.657689099210174	7.726694348490654	
10.447114025129814	8.864265491824598	
11.289855826408187	5.96950044658467	
9.798524594153836	9.822885957016512	
14.304148176168363	8.273940410985608	
12.61809752004587	7.256044642556925	
15.060691584592217	7.647584068103112	
14.098874770616266	8.848280528471927	
15.360199588132408	10.191936446495593	
12.663783730199098	7.110913897250073	
10.253610007711798	6.8742313837975395	
15.150486551460633	6.128728257530839	
12.242695139479336	9.150720102296265	
14.16423796647118	6.234313747108443	
10.677968671051987	6.6273049680374205	
11.795502868401847	7.215065611828732	
15.946859915359152	4.9899779547288485	
12.460694522217603	5.572380572852174	
17.389179075705403	11.946462116385927	
13.499766553309	8.816076997569914	
15.239729557695217	8.287260327884104	
9.865816383535151	6.500774074118155	
8.852502307474618	7.983273892463729	
10.642554054217252	7.436516206454719	
11.695962341485773	9.042622009117512	
11.90894557091838	5.670092393684976	
11.654865323615827	5.422476902412512	
8.800816043503708	6.343736481025037	
11.159567616014906	7.813113591549073	
11.840621838928591	15.922698659500734	
11.91849140951035	6.60022578222459	
12.201729975864136	8.022532613973645	
9.569915225467222	4.906884684194747	
13.38442559214639	6.726684113101821	
10.915241219745187	6.908789358538338	
13.654479578106693	5.20726945666889	
12.935552888683512	13.908647793994456	
13.17001651606259	5.943019735750221	
13.597849594311553	7.1795426752848455	
14.436139409768915	7.755697735121383	
12.998956161250403	5.834772622328765	
12.850448299933692	8.301134451688233	
16.70742326575971	4.331981342524851	
12.87409043555354	12.212350150094233	
11.974574198187574	9.500857272807359	
13.08323943098545	7.163600031797566	
10.353720650012296	8.268810148287258	
11.219741096585222	6.298045054747283	
13.62679099534998	9.191265859267089	
10.423891327766095	7.077944421237345	
14.980185868217948	10.309894377603099	
14.531895152507547	7.925519461122149	
13.054677262888115	9.898393369673196	
14.572049085856527	9.77385523058091	
9.92295113055062	5.910085440972012	
9.961580857564124	7.506403218662143	
13.249063953769546	7.381237429740404	
14.751408071001446	7.178414128328971	
13.885227300716352	5.731581794731692	
10.634891354051925	7.130063345165182	
10.882677950876118	7.904367932291922	
8.613694846162705	7.591452460616498	
12.83949337582634	6.510584474825967	
11.939605451346493	9.779822898600786	
10.6380608284107	5.713142413168342	
7.5962729385328815	6.740964267830045	
9.601546219705046	9.873137415381844	
10.271029153388728	7.173522562729879	
10.519297863516927	13.095087118540162	
14.669233276413191	9.534804731469833	
13.556625066795924	11.021198905873852	
10.033863314527082	7.038511195367281	
9.51590187523084	7.524379557278792	
8.808498006035475	7.47949742327954	
10.68449406947134	11.627124213705232	
13.437431833629974	12.005392334085343	
11.801700489904597	7.862255864159901	
12.653678667533878	5.915858276731141	
11.794185473834343	5.442677561558572	
12.403212638533454	13.742936405791836	
10.987363441284272	7.126925870700374	
13.647023945107694	5.388272140114035	
10.744481283854958	6.407940773032435	
16.721937969426904	14.235976954528716	
9.545147017946208	8.257014256312562	
9.748620108153055	10.27727259086197	
8.947526804780054	5.459725339391154	
16.60136404624104	6.07725642541257	
11.187291423756177	5.785655750076066	
19.863497986877242	11.2616811431671	
10.593416579995294	7.732176481692267	
10.18987427923124	9.019489068440121	
10.166727249139248	7.623402887059221	
13.157632738865313	7.72272551570774	
15.556911611703033	12.933431714921708	
16.25357523412044	11.061255635907296	
15.755269799930558	11.719240061504724	
15.38624498375411	9.461939558722106	
17.496538622184495	8.245044608941031	
12.5053715726033	6.310045387286646	
13.540325316290787	6.219299795271622	
11.879807418581379	7.088831645605845	
15.228933666575625	6.12552886584065	
10.010423660023251	5.222468836821062	
16.504363197203784	8.313073592004345	
15.82256111546437	9.17874417450942	
12.902968980536597	6.7420697654100525	
11.855414478667992	11.414302051075628	
15.422812757822687	9.062318717123958	
12.890885974557547	7.3784761458311445	
12.457818798827638	5.856180410954686	
17.975985472324375	8.57810192275695	
11.426509665253882	6.6993212574103405	
14.832588962429416	6.010277619695048	
10.743209096272098	9.148791664025916	
11.10019666917517	6.447854998751571	
13.685729151628896	6.8513749941670445	
12.834039911553841	6.038402419972177	
11.393728676997254	6.831611156720594	
10.372440352648631	6.054273075894443	
14.163533609799764	9.739402492316124	
10.296548933167225	7.615322930014195	
17.056881128403322	10.827542681343791	
6.879085506263999	8.512522896134628	
16.429600230337464	7.081162498538982	
15.62910128834001	8.473917305730822	
10.513214355242692	6.089007152911397	
15.859490914659268	11.056994865608614	
10.962916020772068	14.144541332390395	
13.488224784688098	7.830209560583438	
13.146677482799142	5.840347103131067	
14.662795759553607	6.598256318564224	
10.278109928889817	7.483423003493908	
12.99294818540796	8.645532303386267	
14.975070956959472	7.447059456522729	
11.669240479326927	13.44054172823538	
13.689128363408859	6.987406050784696	
12.991250257710766	6.392525989214538	
9.570753886173797	6.005335592149265	
11.596013879574743	7.041350307347716	
14.743120504259956	7.283545172708663	
11.707520968568769	6.611264156010761	
10.908345573110061	7.548324660817797	
11.552090563075977	6.391641549843031	
9.300056846922029	7.5431859655276154	
11.392819055064388	7.324582460456146	
13.202077613010403	10.353815104216736	
13.126813042298453	7.599572117529595	
14.119177092166543	12.976537482103518	
9.869000567615517	7.286936150278188	
11.926692766680265	5.892017033267247	
13.589179986227695	8.37561583375046	
10.08299147365316	6.802128979829186	
15.493758700865147	12.333692271108069	
10.484672826915617	5.421358888833885	
16.475600457303358	9.230255921699644	
14.40174216175584	8.38297914658461	
11.416836275447336	5.801377060690358	
13.775041376984968	8.853138342308208	
9.435567315833525	9.825239556479001	
12.719456654593982	8.116778560754419	
13.96366058839623	8.012805144211752	
13.179193988694093	6.472768396335112	
11.87365833893342	9.654578696595681	
10.885118555494675	5.844949671019568	
12.980214867298498	6.350567080396536	
11.92588491038162	7.303942506541839	
11.08841672345546	8.431562442513007	
12.376074795879832	7.604336162387764	
10.774634358250283	10.050997341255005	
9.578323181247596	7.646521990764569	
12.954322276513409	9.649384563248997	
14.867403224073556	6.1250458543048145	
12.767894402655282	9.25664070657172	
15.173101330320804	10.949599162932783	
11.029590824145156	7.212043323184367	
10.161292727977127	7.650841239365287	
15.476457967614138	10.446540369280724	
10.033527242303618	5.631685666034037	
13.198437090908932	6.655700673317095	
10.249142033481512	6.479065817306083	
9.035759237795906	7.423285026525213	
10.532887708481368	5.7194423435602015	
11.091162420104215	6.914195593623334	
13.90609552726214	5.991426036090712	
10.904437963935944	6.889169386977526	
13.622097221446914	7.834096802394815	
12.027277057988947	6.511293145326926	
12.596757844416583	7.899487172903575	
10.970399064271158	8.87957484184272	
16.16178469033134	12.668974979119874	
10.713671564319505	15.732928976950918	
12.185306162603135	7.321326339737621	
8.534664022036324	7.1098969296919075	
11.97524270299104	5.546113797738113	
12.038889734915669	9.38242554652791	
14.804498204396056	11.931302854907655	
11.052693488756343	6.768415716495164	
14.430684854909247	16.2745460288086	
9.247470074675196	8.378737319293236	
10.30715576222494	8.125359972824707	
12.464469140777538	6.336097184638326	
16.399878454008242	10.1669749228993	
15.425216436011626	5.6008796607919225	
14.577264997244	8.212523633038565	
12.397971710655261	9.822626005186207	
13.313500822952777	13.369245329499272	
9.951593769858288	10.181543433479229	
11.687890858548284	6.666075441925532	
10.38063153117821	7.564455826497673	
11.146397932160689	6.595044340608471	
11.588894377106056	5.8795824547209765	
7.422267548685863	7.502675975675078	
8.983782588272073	8.662806980481314	
11.662857428243948	6.695790240056545	
12.772159594564181	4.608298791992944	
10.781562478839465	6.296076154129707	
10.589783573775073	7.744412112477372	
13.772288683729077	12.595204914183691	
16.203193721597664	9.564080203703712	
11.24484530409324	6.457105231209676	
9.987427369898201	6.417845228659441	
16.017344502033126	7.631541601329278	
13.212181167702406	6.941804754597241	
8.789870269422863	8.749451838779368	
7.836895228920838	9.926907796978641	
12.957085834242891	6.181996823538114	
15.212406951211982	7.497690233802543	
12.304957467283073	4.203075705469681	
14.447553859458523	7.149094613216838	
15.604911234528556	8.478655621479286	
10.937413222337128	7.17481222862063	
17.19134104577922	6.219655286256767	
10.53722345325356	7.044830320509921	
10.13152725998072	9.150832213879383	
14.760686009935087	6.689671329197423	
14.808957488437123	10.100362750689664	
10.651492782901165	7.491239359680065	
13.351863884418687	7.468428175892913	
13.511525656576884	8.70110085831599	
11.67631763758277	9.202513066221961	
14.452547254780114	7.820983444070792	
11.226508631911846	9.371653668679418	
11.086505049349764	6.892873310272916	
11.504704298618732	5.042149427615811	
16.162261953981943	8.757260010626718	
12.008790604988258	6.821034571154775	
14.2893454355522	5.6782489411281105	
11.060019701427153	7.078072777000378	
11.11908147922191	9.816368540073514	
11.864295694314075	5.265560016988566	
10.284524694826185	7.071597577560817	
10.316000000088673	8.565165817921049	
14.347854363786274	9.811252914897082	
10.971796705109584	7.9941666238565965	
11.642956688372974	5.364131539067311	
12.035289533281313	10.290152186525992	
9.30866153746928	5.1542946944231085	
12.55400508512573	7.574116169311938	
16.92733164776446	11.036176131648855	
11.250459764214291	6.70096022580208	
11.013575557116713	6.019555284871126	
16.505975083346073	9.20146325047524	
9.554375762630796	8.233683683721951	
11.497258008392075	6.6954200338454815	
12.33840377084429	5.053532510697049	
9.673282869432926	7.994271341115308	
8.335839875643847	6.1036719339133025	
11.782206770580098	5.53886384539275	
12.782197968011772	7.1572819097345555	
6.480290930318438	5.715670582202055	
10.2504474934503	11.353740878396641	
8.57654034821551	7.150131322837053	
10.134470542724015	6.920113817731865	
12.949734903756944	6.2421591060690025	
11.572755303397052	5.289560665180011	
16.04658630727566	6.802066624609455	
9.888017064087133	7.0885998063918425	
11.61301195309052	6.101224280417068	
9.859645898980691	7.46675970878158	
10.057303473084007	5.407155284570501	
9.517934166234099	7.09633558550868	
10.373900626565185	11.064976205131302	
9.223730859804121	5.351024556919783	
9.307610827787252	6.62724968307672	
14.931259794945746	7.205436527849012	
11.39413939356763	6.443246095134754	
11.889563488186557	10.637020292226111	
10.90378297553804	6.540453936685767	
13.596379934955282	8.166622808383895	
10.223849160495023	9.012748559385425	
11.81918694625846	5.930949495719016	
10.145761946035904	7.092083637049733	
9.184422569145738	6.496589660552944	
11.021983457564877	6.466352777412388	
13.898818250931523	6.951915869512354	
14.109401792758828	6.597937551157715	
9.708994811601789	8.512876546628773	
16.3937717313925	7.185117989370737	
15.294465504439934	10.119924358085065	
10.395384412835515	6.37086485268993	
8.938629902958867	9.778756651244617	
13.114376663909383	7.945150484817264	
15.091074699375058	13.91330877287487	
8.809867711646161	7.587073453444006	
11.900861431697152	4.6744177336666715	
12.340026190911725	6.749642972066424	
9.4297586343953	7.9792097094277326	
16.53863894114616	7.774411042264162	
16.22413892824346	11.62468617720769	
12.308121292239838	6.228871872945473	
11.86612772273169	6.368192495271096	
10.76810622481448	8.449665645439653	
16.858137738379877	8.513065407825499	
16.046987411546688	10.057245470940437	
12.872880627225113	8.501740790051716	
13.820165494485252	8.542617291229478	
13.633141058936467	13.490145074318875	
12.273141325689677	7.6330739346399765	
9.991833325322428	6.773288645690434	
13.784129712446823	5.298802628527948	
11.68623457171855	8.178202637370342	
11.461826444433896	10.130300021175728	
10.897737516263295	8.428788772660107	
7.86238272699123	9.014487330260717	
11.753645771898025	6.474766366616724	
10.59121964843413	6.881983102209757	
14.631426872898118	6.889168706496984	
11.414811766580458	7.7480580180572485	
10.646522382650806	6.752300643013977	
13.194667919763466	7.228619601762149	
9.495866090493022	7.536433403812336	
11.164972619243711	6.840153160714453	
12.135534970071962	7.942548744095208	
12.256756667679445	4.349062151729693	
14.069645190395178	7.463103734003434	
10.954124803119464	6.399902072221351	
12.55586422649309	6.323297568764485	
11.02348114397429	7.840185113059775	
12.897434960273982	8.869228651410895	
12.987611856207645	6.677806531684457	
12.825295039958826	9.52923580990075	
13.663200873958129	12.92652396386316	
9.144758206873842	6.776621316598449	
12.190976094406937	9.135610592982669	
12.41347214982623	7.907359039418516	
14.443009488843648	6.264651778446435	
10.104576608677869	8.139490439487755	
11.374077017544877	9.241534199535927	
13.34922535433148	8.427110821664835	
9.943745856791363	5.728163222386604	
9.701033742730392	9.52399532671791	
11.36378254288845	4.897023265330597	
9.59714274517051	7.018126019412625	
13.149878801948386	9.865187809402885	
12.051790149381084	6.001395286997859	
10.662702271047545	6.574617285103082	
11.346491061416932	7.655134373039872	
12.515728547837506	9.692261006255084	
12.353896335355616	9.25402389594733	
17.869653971720087	10.568340444524237	
8.346244175282344	6.958599426876234	
10.617086776993242	6.5338726541700325	
18.630854753511638	15.491557470058297	
12.28920930071163	4.842275600969866	
11.56599869249463	10.379457094445462	
8.894546992765582	6.949830567796844	
10.984715487117759	5.535385350139311	
13.394036583446056	7.545201864749135	
10.680146759332748	6.025369960421333	
16.064796884873864	8.687002505735613	
12.43984468128911	5.722543135397594	
11.491210163518245	5.600571497002985	
12.448949113247798	7.679806555554934	
16.6978676826708	9.385743837368192	
15.036939019538911	8.191611058554626	
13.624832274541262	7.844854196470603	
10.341513434629073	5.20477294004141	
11.746809785655206	5.992277192444919	
13.276374580888284	10.534521913718413	
9.854495809520667	7.770261485217387	
15.606704200856095	7.723756829462064	
10.859700026564079	7.333584690837993	
12.397425572200927	8.903084698786342	
10.184098360029653	7.142649500759979	
14.349636508355704	3.6925259873472567	
15.995120720267485	11.962215284090954	
14.472261754259963	8.33508456619713	
12.40558031457752	10.188687723493297	
11.603531470477906	8.344003163787967	
10.602037289133065	7.269631112180047	
12.43629571900837	7.9026034188142535	
8.639558338227493	6.265624025138308	
9.06094332414496	6.823145012510053	
13.098929623758218	6.011589249143885	
11.316538639425419	5.5994551142240185	
10.933375529405557	6.384706748033159	
13.647470935227759	6.516831760748266	
11.876180260474326	8.688010034830171	
12.223007529524338	7.713678858150942	
11.684412573785167	7.768076230677052	
12.950342994674298	6.354304217943251	
9.586514669991788	9.003497531633702	
14.580445405248154	9.24218947760046	
14.318711552637053	9.843674379952969	
15.711921026158223	7.8771788441434785	
15.813897128285838	9.168244183093138	
14.486072805805506	10.06611628692772	
11.40661999506212	8.29548367222043	
8.871628773411693	5.922749554469451	
11.167785923574085	6.423332361131522	
12.001715177457193	8.259056808668449	
13.203951502679438	11.108177743170975	
15.779813659878302	6.412012454803581	
13.320863775014642	6.568079383014078	
14.378942041433318	6.938237967708306	
16.704162121545412	9.509205198186102	
11.90641694586171	9.83859671608675	
13.27055398374307	9.153456801641466	
15.97141440088067	7.826616355493294	
20.135224146052543	6.062573710872513	
12.20582939831259	4.843408309990788	
10.796186246647657	5.841515004359978	
12.88762485543255	11.607958278072028	
8.086896771819212	8.091543006007615	
11.749035461814069	6.5364748591787425	
8.336922759025242	6.225698498730693	
17.241870350550933	8.132649789125828	
13.774500126613827	7.255132957700182	
12.887176166793001	5.258946845249431	
11.190006887313027	5.701402111699827	
10.162639900498077	6.882306497211729	
8.575256200939405	9.280831897368307	
12.68247168194685	9.418210130965136	
13.95375064894177	5.703868737891695	
12.643002666786755	7.796657177953029	
11.90508809227274	9.835570183499756	
10.779234764132612	6.6670619861215545	
10.181679794014736	12.245060104307116	
15.155541498349457	5.871834671257086	
13.322032360036202	9.1350194400601	
14.478958464224005	6.684272356539315	
10.628885628476395	5.974642374729249	
14.177123072014016	7.503074734537089	
17.571697426820595	8.726883197449755	
13.418444325785975	7.783351896713922	
