3117.622825510205	2456.322839458752	
2402.410943072499	1169.1244680896016	
2412.798735205059	1881.38056248484	
2206.7310694856487	1186.0763120748034	
3283.0472912363184	2237.8114636832124	
2585.6343108474102	1878.8813214563195	
3853.8701463167645	4246.061543602329	
2956.5940354105883	1609.789323350976	
3265.4979476264625	2681.8400373388126	
3026.0588456786827	2767.4168940696177	
2711.1480407136323	2140.4633370024485	
2628.0684045028192	1376.6671550948276	
2314.7002710420907	1351.8232710169095	
2048.4051658351655	1757.746238721968	
3214.9016381833294	1949.1504837578932	
2818.2065112449145	1314.3995107619537	
3493.6922004514736	2889.0930810032305	
2237.2895208383134	1112.2536146546681	
2643.566464844832	2253.5618708241873	
2469.2133224329077	1733.3785357002455	
2678.148023775737	1295.913999697485	
3723.949886642649	3140.4871644045393	
3114.355567676765	1982.9223183478348	
2630.8521534478805	2130.6789143500787	
2540.048047707969	2200.673049241401	
2371.966328970627	1997.5357881434143	
2469.4872218669952	1879.7291608611945	
2797.064269558148	2097.298203449854	
4610.544336283367	4967.40693771238	
2382.5673810841013	1612.847357472461	
2539.1162709837026	2819.5546568007358	
2878.2952372621494	1477.1745491148122	
2350.0116648353574	2967.065067854896	
2468.119693864413	1774.5828248696093	
2441.6771252053954	2299.665848322463	
4011.6293343309603	3578.3478730493016	
2793.5743853993386	2420.404790358851	
3076.5478179168394	2057.6526130827956	
3100.4650623250072	2537.0858276531003	
2527.158114845921	2381.221686763322	
2328.4977641856844	1789.779676169326	
2121.278114815239	2016.8996999778599	
3282.8528208580274	2660.196274659549	
2177.586294843928	2218.904459620531	
2278.651125933698	1791.5822508236583	
2498.0432799162595	1960.0551473770354	
2277.6713746854966	2037.5895260433192	
2382.8362974835554	1684.9917958808128	
2586.4792592663484	1634.5389100949947	
3194.2871871510756	2765.3977156468236	
2999.0947113566776	2564.4337275359067	
3191.4214696043246	2206.7506973390823	
2701.3092151988135	1806.4455474149888	
2507.0369073286356	1861.0787912237133	
2844.88310752805	2153.94136547403	
2784.6348545723577	2073.4323343047745	
2346.61419888227	1503.9631621572412	
2070.5302258842503	1654.9091675396478	
2328.9080133933276	1448.7862870646338	
1832.0995482739793	1224.0166704124513	
2800.396012281232	2413.234805528183	
2435.5886311919894	1566.7684585410439	
2166.1221223172984	1677.923844390874	
2089.7520145662925	1570.4979270166082	
2799.47264056263	1516.693193399762	
2973.6673060194253	936.7994187579383	
2465.319696640164	1108.3654194067335	
2624.71602831128	2613.2914575393693	
2731.9285244460125	1501.2995722734206	
3104.4979106816327	1822.810903221817	
2210.7892910699716	1532.4494950603182	
2781.7152196947495	1903.8142735670733	
3352.668268609319	2466.4350382740504	
2256.8234941478117	1538.033122805223	
3021.674148772604	2378.567256653691	
2616.13501781123	1355.663538269314	
3122.539096566311	3868.066953247657	
2145.28154977113	1372.1769603181049	
2178.5232566326463	2263.8801940590915	
2438.9610398232976	1986.3251324166133	
1899.7247289404681	1015.6995006277544	
2351.4386989260024	2343.0769427053942	
2779.2102007359044	2037.5540658132718	
3582.467183334227	3436.335333369156	
3617.301515105206	1591.478074476969	
2552.9191921501583	2084.1833899609946	
2782.9571233657575	2429.854356970078	
2022.1618521480123	1450.8560974767454	
3068.106615034285	2736.408484574739	
2786.8856524739185	2219.7650125511504	
2211.675488585366	1773.7247613548602	
2330.6222947824676	1405.1141922516358	
2302.3507571441614	1829.5917017097358	
2588.8937806242616	1856.0000699512466	
2410.2931035726606	1709.3032516472422	
3305.9352283630124	2650.8862512279948	
2432.7474758311737	2121.4422242155	
2125.166801767437	1629.2558128156484	
2258.3955012948854	1619.9415978317886	
3308.578972076826	2573.879217769769	
2376.8484823678077	2093.5851638808103	
2051.6420549119043	1349.2760857214685	
2361.968870321252	1667.7595631347583	
2304.8966448142955	1858.4248008023344	
2530.9544628071258	1434.93312514803	
2692.5166506559253	2108.782150990674	
4221.856941858852	2923.0854823338286	
3623.518237098819	2496.114355467018	
4440.666178373113	2783.3976974455827	
2304.335560255161	1376.1599181663555	
3290.9520504086313	2064.4030731871067	
2138.531783975998	1488.9719836422892	
2532.711666671157	2091.713839262383	
2691.8432054703408	1726.1619217586897	
2214.5108871467037	1948.3832419418327	
2239.1051516712405	2272.593955042583	
2696.769727866472	1155.4546216254855	
2617.6177988865957	2399.555675062979	
1968.1106589056299	1456.5597386936265	
2391.7379983352766	1617.3574312261821	
2334.6717957578853	1725.8919172702974	
2678.223291702072	1713.784582462429	
2775.737492957913	1836.4003530763844	
2456.248655756532	1552.7322472667981	
2661.7172292730675	1695.4466103291838	
2341.7905430761766	1774.5577227170775	
2796.5074457538094	2176.18508243549	
3761.9648370891327	1268.6456613804864	
2966.190918098708	1746.008337711373	
3002.6401532182117	1919.3705152463074	
2880.972505879442	2426.9304076511576	
2617.9579102952675	1784.8364689496916	
2515.9433811742774	2265.56724772231	
2737.15547563767	4385.343222846662	
2875.8439713302014	1511.5251637625008	
3187.2524179467455	2981.9908070886067	
2397.87190352199	1742.1588012395591	
2141.0282426713125	1348.5744133993664	
2790.149136265937	3769.9294886960474	
2472.207341028236	1900.4075624627142	
3120.7714892127083	2349.2872265814253	
2404.917840869202	1559.5331628635586	
2313.493651532702	1553.2968429477567	
2104.1192291979964	1241.5290681843667	
2663.031584982586	2970.671202691188	
2506.358851205792	2106.258972683917	
2221.548209409648	2082.9212835712165	
2116.2310715600775	1607.865722899321	
2351.3380807221292	2308.9627549491483	
2633.9538795693743	2069.1806522877255	
2153.4717040582823	1855.2997964412461	
2402.3393890223124	1917.61675977392	
3655.685136202711	2672.7977995774913	
2469.095673116842	1819.971300030447	
2399.7817898325725	1895.7200514351553	
2423.455396829942	1886.9061545205777	
2853.329412798759	1872.2379748230264	
2965.4272529019104	1913.7708723008113	
2391.8360405003277	2045.3572177535432	
2304.772133759578	1588.8593238855497	
2854.6720328270635	1705.8393403794205	
2204.022889578191	1601.948961445847	
2201.618531864849	1583.7383004319258	
2770.518820667966	1850.8294831411026	
3021.162556380707	805.8979572104072	
2543.4095443206547	1400.2107116586717	
2475.591340202139	1061.4345124791846	
2506.5525343521413	1248.3385734013486	
2718.351915203423	1954.1600939961563	
3000.7264629193537	1785.6476526137847	
3331.3988948959895	2342.8408436819295	
2587.4976302800414	1966.6696814464972	
3566.674386334656	1595.7868941586048	
2449.9819446990973	1586.8334619222942	
2543.292701231033	1702.6945705429168	
4470.70853893731	4795.52079087045	
2656.154811470354	1308.4257703288506	
4713.053007959531	3927.000155884824	
2930.1963097017474	2769.34465990226	
2925.1930632922076	2925.6493973398474	
2398.990712946234	1707.4008389161265	
2964.6815964872353	2666.576578865336	
3741.8596458658576	3729.6606940012553	
2604.708493331263	1617.624461697116	
2955.964527053835	3057.5130964447	
2310.481426830044	1605.473052938359	
2546.5320055531683	2033.4630476404636	
2309.63456330331	2262.609018532897	
2575.1410235509584	2087.230613469981	
2631.6575644387162	1895.9582967294748	
1929.785979542924	1103.5733232928017	
2576.6778885734816	2268.3806484154884	
2377.142352763968	1540.5486853752966	
1997.419057825353	1390.0226104686906	
2294.5549879655114	1685.7921803381782	
2048.3217936600613	1988.360621553917	
2265.492307474498	1636.0884976867528	
2604.699812741679	1732.1029022052198	
2405.8944696790427	2028.688385800889	
2630.823100337365	1650.820668016344	
2807.2662738144286	2122.2969353805797	
2197.497049224766	1262.6035499012098	
3384.9811908200963	2550.6751359296586	
3091.9572700907224	2094.6991663239055	
3039.733806333179	1944.9178304124614	
3014.7142496678125	2120.463071045629	
2106.176088173322	2722.349659091056	
3145.534089506885	2445.559420792021	
2503.3138668123283	2526.216627064914	
2454.2156604230395	1717.6130364068454	
2868.1674643409606	2338.173171666113	
2977.6133106881925	2337.574718431156	
3342.3093079164764	2451.350971284775	
2793.943831190322	2018.4356928242976	
2224.72431922521	2090.3520271509783	
2448.632294474532	1822.5935121874693	
3484.0207544439127	3919.165969646015	
2907.220318753044	2265.803831626405	
2655.7515216873085	2227.170455151136	
3145.3697032557393	1105.647596989862	
2653.137203504673	1645.7162435335729	
2763.3926837841	2257.6452540250148	
3267.972574725938	2656.2199065842724	
2525.3387864685915	1933.2494633127978	
2355.30521911783	1220.2086814747513	
2287.2242255239216	1398.762509225017	
2816.9504536137506	2408.968761957753	
1948.571059600856	1170.4666161611974	
2308.5667354349634	1707.7099446305176	
2497.464932071333	1749.797891354689	
1947.230131147448	1363.8639986424023	
2297.2697237289904	1628.0158591821673	
3329.3389173869937	2510.5110239898318	
2546.8392726907623	1916.4843178207018	
3408.161437428146	1517.7617107659723	
1688.781111808891	1408.8020825150431	
2055.7700093940516	1471.5846593086308	
2393.5403674596996	1689.6768396571217	
3003.365265736991	1691.8900378133735	
2936.9665107632336	2665.2756437160883	
2400.1165518233706	1413.2530986453428	
2883.3969725340676	1655.7475915088394	
3669.879182121669	2140.002011914531	
2427.6333826288396	2216.2198947178854	
3210.771061421937	2854.7176656259326	
4316.342334178575	3562.7416040774347	
2225.4017063005113	2231.3870965683514	
3754.148614546298	3002.190494139491	
2316.7073766350472	1789.7728330429438	
2371.6019601243115	3567.8805214133954	
3143.485188299262	1733.4086795973633	
2396.9759985395094	1834.2521702594158	
2035.1179555653948	1264.08900055485	
3226.8008079020688	2620.9584301714176	
6622.653568343977	5486.479263521992	
2759.6728460859817	1851.8398640867715	
2501.2033661858723	1607.2090944909794	
3001.0100361285427	2915.5264970092744	
3131.876376537889	2007.2249768755898	
3296.513732673891	1707.0082180617044	
3178.1202947469283	1285.2420185475771	
2218.52178970406	1724.1635548057268	
3316.3719028483856	2508.9036136175905	
2784.990893506055	2214.576176885086	
2717.9695735635087	2089.8407768783723	
3164.4676004302355	2294.767634776223	
2487.5071843969035	1064.1440812973804	
3317.2837323788003	2333.7320776549795	
2651.78378479491	1724.096835549991	
2495.900586533887	1632.734933952786	
2273.193424219628	1202.6840991816712	
3572.767890692779	3127.9600637602534	
2177.9248368212075	1328.7960294089937	
2543.033265303759	860.1112880180301	
2473.1064886248632	1444.6399741064945	
3016.7878243772716	2219.747962695684	
2647.6197876518486	1622.1301349768332	
2829.4970963673527	2514.91504844349	
2808.7325018823694	2116.345060299849	
2720.060362790795	1430.2118418214911	
2273.876130468085	1621.0126520184292	
3337.910868352648	2853.320269995727	
2353.313869263004	1554.2071039053837	
1957.7770059107904	1401.1072250559123	
2768.744010819282	2248.824204601424	
4240.584275808833	2932.7109466264797	
2674.5050348274476	1698.8368094006803	
1788.1135697395177	1252.4379117837777	
2398.0567290056592	1899.1658508112314	
2267.3265496160748	2352.3014862300315	
2739.1480009304546	1498.2885047393138	
2556.787718764537	1531.123982923541	
3109.2649361806484	2470.248849780039	
3025.1487690284803	1348.1496895399187	
2096.970791363555	1741.8503113851696	
2425.8172133983708	1752.318762916768	
2334.862447531596	1579.57711859255	
3538.7848182558964	2276.812860100141	
3745.612985902453	2613.1574012078545	
2652.254626905661	1803.6014072618325	
1691.363421290561	1142.1959576629488	
2094.6855911454873	1977.280707594531	
2809.921945613364	2147.397559112924	
2726.4929929844166	2933.7291149394987	
2597.113222287909	1891.438513771255	
2726.211984390649	1319.7454155284524	
2647.528503850726	2404.3939013723757	
3365.280978335506	2573.184492028494	
3162.421442775273	2338.623512366765	
3125.9830383511558	1622.2841776241924	
2733.5487063441383	2070.8583606336197	
2159.2551419053784	1414.8659609249125	
2173.690108861502	2106.8320896924374	
3572.1539408358776	1755.6029960827805	
3225.279031670527	2621.707862124854	
3034.2462140485604	2851.6576715966135	
2527.872972951205	2170.502452855806	
3463.1819888513073	3665.6405295068553	
2541.2902606214157	2087.2874542230284	
3437.923823723057	1693.520486128396	
2650.9647102398258	1602.1607289584942	
2618.400973929818	1615.2236992613816	
3133.208301267839	1904.5979377448039	
2999.4144239311427	2516.644043534955	
2325.741358581612	1192.1036899855894	
2631.3649052671417	1987.6557527784457	
2275.6446844208936	1682.777523838514	
2164.406981066333	1430.2143631051374	
3247.097201965139	2647.0924697632254	
2296.3190680786347	1029.9788159845452	
3816.872096252252	2787.3631300699367	
2660.3165768538656	1984.850045312582	
2333.0178327976705	1836.4187206636495	
3746.2386760704435	3220.9859253638933	
3435.169073853474	1542.466585503012	
4129.37325819562	3489.587309952387	
3550.2486176658317	2986.433651688382	
2974.325590592933	1655.306164690354	
2944.7511539719108	321.4325554230513	
2523.668877972143	2160.72516078811	
2823.4829917701995	2309.1300068026258	
2656.55643235208	1039.2480991869722	
2206.879720765311	1616.787773073035	
2201.9833885186554	1805.2219903331882	
3361.0520466112566	2885.767251011501	
2935.5325867991223	2005.9856557600083	
3696.9949641384887	1721.2186619186707	
3090.7175619982963	1076.7271106891326	
3272.1148124821334	2940.4061165255753	
3116.590059204859	2709.3159269139037	
2203.3442776170405	1710.479871668981	
3485.1231951344985	2678.2606458350156	
2260.0823390301807	1507.90873483497	
3252.8651791654124	2753.1458771192	
3582.550912593813	1332.5087466213995	
2798.7717402159433	1961.545382451629	
3033.16553445254	2017.4206816537633	
4112.924339334033	6275.189074302055	
2450.9027709594275	1756.6768503412154	
2764.8138950064476	1429.396310932857	
2104.003283678629	726.0982926443008	
2405.158302026581	1265.9500723387473	
2777.0548995373065	3493.4371664536006	
3002.0426577565468	2714.4266680153382	
2330.058048940393	2061.640753905121	
3638.7287721820308	3399.4018082717216	
2757.051420126026	1590.9077778300036	
2173.1059426225925	1868.3588715971212	
2555.7738109493985	2131.4102010827523	
2640.3123450003673	2097.2980513154703	
3909.5135620267906	1944.697974663974	
2650.9092201091858	2192.879664979463	
1907.1197061581674	1130.6307089191116	
2601.5681307681552	1939.893991672588	
1856.1271223357417	1622.6216464575482	
2775.1569749607397	2057.232536547899	
2722.547529401457	1399.1442659174372	
2598.7825438468235	1389.2422969470936	
3040.7654824848346	1335.569811657511	
2102.012088712268	1466.1192147168863	
2558.3882294150503	1562.4150419475407	
2502.1769351602416	2589.420266958213	
2535.1920998314295	1622.5319911906572	
2475.1456438002992	1397.9022504011843	
2611.5331043490078	2280.3434358025684	
2469.0014483719183	1794.1311488052518	
2693.150502117729	2080.408522336327	
2640.7547463016126	1898.9522609282642	
2889.034111056044	1773.5374638029375	
2456.1013557152733	1786.3905315608886	
3344.3010079215733	2554.855187679273	
4716.308362758121	3446.0753480789554	
2552.7593042573094	2749.634005387549	
2050.2204735561786	1232.013952857484	
3014.7221778337203	2214.9310468197878	
2629.461159101423	2619.533715360314	
2645.6691202873003	2109.7606588609247	
2937.56893772324	679.1449223102401	
2483.489530747217	1505.4654813753643	
3295.2205583204936	2680.976794255866	
2111.401067285632	1642.991874407125	
1927.8564533497336	1457.2266510151373	
2296.9319107388346	1758.6055894002675	
1791.4814078690868	1348.8708578749688	
2960.1742771724425	2103.688590514271	
3126.893390206201	1851.7805554721488	
2161.10851528893	1845.3182410579252	
2677.717617833817	2047.090752323526	
2059.4134994524356	1330.5466328852976	
2586.343531413066	2093.8362373673344	
2529.290358588242	1895.361820645962	
2783.731249025656	2224.009905061726	
2495.8026215645023	1751.7546032405821	
3053.2342575960606	2099.322527150293	
3361.0767173708073	2174.138616125496	
3309.406920108428	2284.061117784839	
2671.41117007746	2183.3482671722386	
3496.3599192374586	3041.5942892121257	
3331.591049221695	2206.584060195722	
2645.1826849918057	1679.5688817014677	
3521.7124757644597	2263.195294896369	
3198.4795674813354	2105.9681250366193	
2519.982969556742	1755.9290553592928	
2610.1857806609796	1839.8153950107144	
2582.2443651365675	1653.8004364602727	
2958.184791285276	2062.209128511137	
3026.364477641351	2392.3716506940546	
2197.0319556407107	1617.0630343768726	
2499.754665987386	2100.873064774545	
2650.519634420441	1945.702636670623	
2786.5373461307545	1565.4347480371084	
2178.552681923912	1307.5028543617593	
2604.412629976266	2006.291868585333	
1879.5312125267155	1298.9714927725813	
2134.2915666652407	1808.5378843550534	
2665.672267663706	2286.5280337871313	
2506.3206154563127	2049.0896052047265	
2672.83818350175	1939.160123146332	
2051.4853847063914	1738.7723611006445	
1858.9053906831607	1307.1592357225825	
3149.9206209506983	2407.6244206670985	
3024.272434479405	2556.5947576890135	
2472.4210168966406	1576.0921750588077	
2205.332755289248	1898.6099763636441	
3067.6382057208666	1994.8648276760541	
2998.3444623516043	1756.9356621718066	
2421.6231125209424	2490.009932167314	
3398.500670629405	2857.3161307608025	
2453.2319309713534	2213.672022752584	
2447.7648148107032	1820.4954491912197	
2372.947181929571	2188.7570847276543	
2991.343118004285	2842.4849165966593	
2423.7787810206437	1683.3082586287485	
3844.43810247524	3731.799138611254	
2614.427767482908	2119.178927812714	
2461.353126643279	1772.0818192821728	
2525.448456388465	1568.1939447416123	
1637.0543650928773	1215.9114063520751	
3770.9887162626865	4036.1555842513453	
2918.0694138877016	2043.8759629717065	
2530.532725696353	2384.1003980272817	
2354.039974277932	2253.7071948242947	
3245.2209549385907	2444.967254800335	
3289.884121980023	4104.921943955372	
2164.9158235034915	1912.7454184651544	
2479.4750193419886	1947.3558957315163	
3358.788309597731	2691.465593769033	
2406.730313978836	1954.8785918853216	
3248.3954533991528	2778.2284967626115	
3066.68920659029	2238.893514290475	
2715.433459044824	1696.9733730815692	
2759.1411205361483	8113.249989355968	
2447.959614752118	2531.053079852248	
2571.9920296308856	2653.253002003305	
2634.890473239036	2966.6664089965466	
2442.9893833283413	2443.2492850079448	
2156.9922875253046	2023.6688695546693	
2719.2268961187865	1385.9434979614834	
2777.888895377069	1877.2535931630077	
2510.326712267383	1968.7699100058508	
3576.7608254291413	3005.3777823523856	
2874.265084154726	2134.6082665120857	
1997.3337521186586	1352.6494371733536	
2936.715167719828	2623.21527350542	
2842.021862075389	2367.9164920402377	
2583.288306187626	1300.030344951868	
2739.963358844696	1801.481149909633	
3747.054666011573	3951.147839629262	
2358.3434716037505	1733.0334972888043	
3369.0155019240615	2627.8237119665223	
3336.931057832772	2674.4047702165976	
2618.600491790719	1739.2344891129012	
3109.8494094618914	3187.7826672032165	
2525.7924248826744	1541.8467043220949	
3645.2781030934457	2281.956676469686	
2205.8433083222117	1697.0004457368873	
3253.851961544126	2217.271590790503	
2485.1638995200765	1635.4227549350396	
3578.0363594576897	1787.64363723875	
2690.7782623819858	1908.1801071792484	
2578.1098168920034	2632.8876467550117	
3417.005664583204	2813.498499625191	
2522.6806276748825	2126.5338348413616	
2998.5345698783976	1787.3994340498207	
3147.965755926012	2806.936689488636	
2641.501858068517	1916.085179223839	
2572.064556518431	2338.0614962777895	
3445.782654965468	3206.71776554343	
2801.8674570968788	1386.7666460941662	
2174.1476280937213	1114.5244972139046	
2555.7177930821204	1795.770802442161	
2744.4095985416743	1045.679661456502	
3666.2150466959556	3581.732042659579	
2924.456132331516	2487.6544630103594	
2700.8898843781767	2132.0903116326203	
4076.783892311667	4343.632410756282	
2699.353286390084	2152.425734725878	
2086.282337300516	1471.9343315925528	
1894.1948085969836	1512.5824307260837	
2475.558855633809	1892.7693641503824	
2168.5777992138483	1585.9015033109617	
1863.9461369812939	1018.6886212486075	
2342.3952449203057	1517.4701161674611	
3235.0181709355243	2109.0403779341755	
2491.61439525338	2052.8813771711953	
3165.153984972236	3293.4082249038306	
3062.185082235278	2197.3083063342838	
2468.519118961418	2080.8591939323182	
3317.011351408944	1629.6276417381034	
2597.737059995284	2193.470043967756	
2865.63824496473	2512.7647034758847	
2810.827470483982	1389.2105111094738	
2180.317908106972	1482.5948653809376	
2946.942817445732	1836.4427571411497	
3175.571830034577	2654.1396761806313	
3348.9738237999627	2575.0892494287987	
3156.7414679356975	3203.7473017385723	
3833.8158384173485	2104.9728622118455	
2693.720765782729	1882.7620419454743	
3305.121418293818	2707.7211330349373	
3155.683162281948	2515.589410691492	
3348.7337587612114	2168.5757699793876	
2978.0691653366034	1954.7768075335998	
4202.292322517856	3441.805265373909	
3033.925623714107	2742.109213667841	
3031.0104838509487	2511.830347613805	
2002.4655556021933	1696.2541375626324	
2389.2896427938895	1540.2931343919197	
2588.443332513974	2892.890217624474	
2434.532738673909	1794.3297663712003	
3049.082981722241	1906.7456923998263	
4195.160374765255	2939.2606136149834	
3654.9566856036795	3113.290340543413	
3187.1048856879734	2744.3262487919446	
2774.342825276276	2025.2267359296395	
2947.3379512081365	2328.0191930208534	
2526.963554411011	1514.3411760844958	
2812.0919681875857	2869.3288769279625	
4278.273861910843	3613.8357653324492	
3032.91186816957	2548.359664156449	
3108.3206720144344	2194.7557290390478	
3973.7907197464233	3864.3351576468053	
2494.353551685626	1605.7457302193088	
4916.724705628186	3628.6745606439745	
2317.4985873671967	1699.8343391314413	
2884.8823528366793	2744.8058582945823	
2825.716833314815	1667.711102915171	
2420.203041286079	1910.825214396401	
2943.3808009303457	1497.6980529823338	
3371.625536815218	2121.231923536265	
2189.315685813554	1406.7590770244544	
2062.1874623785284	1854.6663713855019	
2065.1214277685026	969.8899654505506	
2553.19412887871	1601.193232860379	
3930.1487626215985	4016.3704641223194	
2364.437785502358	2575.4955081511116	
2481.7918407413804	1917.8415935138457	
2959.0596622219255	2659.006427550617	
2093.6287014274135	1455.628213318519	
2391.451809487681	1830.1424863390944	
3420.72883723005	2255.6607730299747	
3525.7103131060258	2075.930807100132	
2943.187887089044	1834.3144406130555	
2941.1503883311207	2334.5885507646576	
2143.4529130295286	1379.5868641794837	
2993.172330704019	2609.3036354844476	
2402.478720008424	1086.6363083348492	
3405.2010290300373	1875.254697233795	
2902.463387597093	2660.8346540613106	
3507.158164714387	3123.8848635535815	
2658.7888587187376	2134.647408586038	
2798.2287439241973	3454.2441358995525	
3385.9300285428544	2974.6650159213923	
2182.500419116234	1540.3139973721832	
3290.231551429143	1816.3029743620143	
2934.5540553381334	2309.5757915534095	
4271.554802176892	3854.9769186215044	
2905.9180697169386	2094.7504129859367	
2488.0732795168888	1201.4587734113559	
2808.1464247758104	2219.014688464584	
2553.2376960827173	1804.6716940202136	
2911.5115825465473	1731.3944218815518	
2441.2024006693428	719.5312486983147	
3986.131529829554	2956.9906833400532	
4289.476275855527	3682.457851043681	
2626.049276363207	2002.5399317350723	
2560.2058294434	2192.4971521040475	
2892.3627198046	2199.08140329542	
2792.8387562020516	1583.7743363082016	
3059.984310684216	2062.707554864312	
2822.774602273152	2308.6304526713757	
3332.1152478916715	4697.993425502688	
3359.9529501919615	2315.390392732137	
2687.7193557233677	1970.416126581828	
2577.8420898734157	2342.900081990628	
2643.939337118179	1128.995900711441	
2669.401197345171	2745.889658422226	
2225.492208585647	2242.232070087882	
3639.2042480133236	2225.5749191212217	
3408.2445812007854	9300.27056685868	
2420.7773042440836	2190.2989635819918	
2492.098728915658	1790.38854204068	
2267.249715433435	1818.9315802619499	
2774.3749390059766	1953.6179678454969	
2582.096540844451	1820.8600089627785	
3073.8178733494897	2528.6748223634804	
2642.0154003396865	2517.4701732313497	
1993.497622462288	1574.2584924343212	
2812.8655353390786	2347.0104112055183	
4066.3239526271846	3413.5250205199495	
2258.26735842125	1790.1083553104418	
2925.026329090283	2115.7383933756755	
2480.545989147539	1905.6104564713914	
2681.4666803711643	2304.0648342284017	
3245.013796807186	2752.8712238585026	
2496.3178471065444	2095.565378808089	
2727.4629599621385	2063.4539130463495	
2484.427459387783	1477.3833842249314	
3461.468607059851	3574.519429399145	
2299.317795880139	1607.5545689554167	
2611.690226559976	1986.763508215424	
1951.614477768438	1410.953287952899	
2532.7009921266763	2260.5394061141747	
2885.9471994005135	2301.6641322609776	
2876.221505537897	1348.7154672692295	
2460.842945376845	1194.237628868189	
2840.8934890140663	1583.3622223223535	
2569.6800589955574	1781.0716596918328	
3453.6870029363354	2324.566215359464	
2573.338055816889	1787.7847208029202	
2303.8928733622834	1854.502079612678	
2131.410568594498	1723.9618060536407	
1979.3277132847613	1274.9314921552182	
2058.072370616662	1335.695744495113	
3316.2276825075855	3048.943922045909	
2942.2997188106606	1744.696579952939	
3132.149263586879	2183.653614356695	
1946.6272478282356	901.383295332499	
2542.171995354211	1388.8195565887788	
2325.368939642716	1756.7347601999927	
2254.065189798554	1819.866424745493	
2341.7678713025684	1410.2838948054973	
2537.3541078564394	1996.8188053105143	
2680.6580131525975	1122.4214056295182	
2689.5251798022823	2485.2576579815914	
2888.150480336606	1662.843547797381	
2669.920561902458	2516.5644678658646	
3501.2577490695194	2747.766057626135	
2634.344967755335	1951.5792145231662	
2645.24306666865	1537.5891571199675	
2183.2397205588813	3635.054883290506	
2111.3091836808208	2006.2097272961794	
2485.57568915167	3744.109543309486	
2886.6283957877517	2250.2363205611305	
2383.8650234128772	982.783605537447	
2893.8530501466853	2229.301898789195	
2564.2448852881876	1684.5525881407252	
3677.8047385678074	1692.0000471193584	
2600.7210054227503	2113.192623514033	
2353.7023845358976	1736.0203818953496	
2886.928267587376	1508.7263368528895	
2375.9833808146855	1742.807571774446	
3146.149873955469	2959.3932773134916	
2738.976245177712	1703.2729290028035	
3926.2165369774975	2795.727231983777	
2371.4055514471893	1307.3702299729043	
2720.3230734378208	1926.1928939901286	
2536.3896757764983	1751.44147220068	
3231.952436934011	2748.5250226026174	
2803.639626305276	3731.8286256399642	
2664.8377885350437	1432.9846078957937	
2351.9094820102505	1943.3786704198913	
3920.5451310111516	3052.2964180181325	
2940.4095651726925	2163.20550162836	
2537.7491038965086	1541.7834804641507	
2426.8344996867327	1973.5351076608267	
3706.495091115307	2758.7933934712096	
2594.416401027145	2364.631494072932	
2500.7415092066767	2354.1748481883515	
2326.6429353322524	2176.2392013511735	
2361.0589300428073	1760.6752538972707	
4962.109053582187	3921.23362368135	
3111.1789946898252	2151.9784608670593	
2302.78318038157	1870.3528844304535	
2369.7612270305067	1827.6261596671932	
2037.7937510648867	1255.0519996286237	
2041.475181326073	1072.6975614034404	
2370.1995338096594	1984.6327862483554	
2984.918532500599	2286.342280452615	
1863.190852037273	1175.9234934983915	
2108.4467128567962	1119.0353135507726	
2515.6750086910665	1319.2610066229272	
2701.081067205958	1875.4791512962865	
2399.8971574403095	1468.3670023028267	
2214.4774504633792	1635.8504325883223	
2691.723173104121	2050.0293363177457	
2074.3105028948903	1380.113745499497	
2104.1226394871524	1582.6396736642887	
2862.5348775309276	1809.8851698817107	
2944.1652454841687	1920.210213253318	
2992.2012644403217	2267.037638083868	
2131.321446988235	2184.7289870439117	
4153.879196944336	2437.90811914573	
2209.040979079296	1515.5133548543408	
2281.752408555756	1542.3200577302182	
4262.25865232126	3405.21860325255	
3232.0692511174357	1439.1297065181304	
3191.2753293612022	2283.8808752148975	
2375.218867985313	1843.5611224991633	
3069.8950969798784	10622.20766590382	
2675.029358503944	2078.9638086034206	
2840.0824843974865	1877.565116210258	
2779.657031038046	1980.4922204169422	
2794.9734436874232	1887.0325337510578	
2340.208963134787	1860.3048604113055	
2888.9482010433753	2067.3726307504835	
2438.2888126021694	1567.9122847476353	
2392.0077390714764	1680.4051669233263	
2244.8674001497816	1596.7804325591806	
2320.4366028128807	1500.4254444087132	
2187.437002737111	1752.3812083723594	
2034.7642202785487	1490.8890801957739	
2439.7184215497746	1531.5698307065873	
1988.415667721756	1459.5860433694609	
2393.401225065664	1916.4538908741501	
2391.7044095302754	1669.6449458642383	
2314.0896632917734	1927.1368790588472	
2791.534815378207	2209.612514574938	
2566.897216438131	1795.0920536957701	
2353.3260628608514	2016.6964432166176	
2253.005436572801	1660.5666642004035	
2293.4835016272373	1957.7668274853802	
2036.627172921879	1529.7492112547445	
2828.87607439182	1831.323854624132	
3047.6690937359476	2644.2401871526527	
2285.056781243472	2103.782542277378	
2110.5528841060163	1580.1865423087231	
2272.0381981807172	1529.0762359367095	
2654.086263245571	2154.436505442284	
3251.0856456223732	2475.8349223582536	
3055.6747543631013	3027.7935824219385	
2120.0348279263026	1233.285924464703	
3206.170090253639	3816.9683153020246	
2215.8827891271467	1990.264114423241	
2245.1319127980555	1372.7174726245282	
3160.273926696375	1659.5369380168966	
2750.6639782966276	2141.67837497101	
2551.9668720922914	1042.4586912824939	
3458.978973128179	3189.588396895709	
2544.9168410886573	1598.579647607559	
3313.1415596063143	6459.654467105297	
2905.721072382104	1967.7326335789562	
3167.6300588116987	1979.700705768973	
3431.148997803188	2089.370064571591	
2757.1576543713927	1671.8387315922448	
2000.2878979134587	919.1254570139346	
2780.204390527618	1659.3703840100761	
3216.6917730120913	642.7198606660643	
2168.2222244646478	1513.4993111224	
2505.810403348049	1793.5955543922985	
2899.1467493474347	1683.120899034973	
2259.7385382501743	1704.8207681208196	
2317.975447071847	1701.6697956998885	
3394.3691888601174	2153.857627460991	
2384.0069259721945	1799.8496205476574	
2894.9487958354293	1589.624132081028	
2238.515810437001	1697.6682651864614	
3080.81100373098	2628.636395584602	
2559.9876427174017	2492.7601794323264	
2512.9820020124284	1769.2677368695329	
2482.0379958259364	1385.905651652817	
2616.847114872262	1420.991229253472	
2369.42017596513	1366.40391489649	
3158.3368538003156	1867.835956385628	
2685.932080023208	2110.849200686541	
3158.31379169821	1872.1867055802225	
3402.2093300509737	3055.75561271231	
3039.624166881952	2784.3647514049308	
3422.814777637311	2505.92993819709	
3694.388262774821	2645.3101929585073	
2527.8175158049544	1243.6789351678328	
2199.838026897827	1378.2424584148173	
2770.761780935283	1968.7036161338574	
1942.6533118643968	747.6039569310165	
1864.6276442959638	1456.9875271608203	
2101.853187304919	1016.8394471302282	
1793.9269299392763	1823.984019501518	
2254.27638536302	1776.3382256398638	
2287.3528339952168	1751.4687556950685	
2424.4410604536674	1827.0263062580605	
2116.617653513709	1858.7303786736318	
2685.4333063650733	1789.0405053043996	
2509.2361965393784	1395.068846109101	
2461.5220867111657	1588.224187850942	
2687.8526486036844	2261.541237080018	
1696.6422054201241	1423.731106922336	
2533.0830210167414	2065.380094978623	
2437.7334747481923	1363.7973736797526	
2634.2473484263473	1753.917684156982	
2217.648959303101	1519.5025077810608	
2459.040151016567	1351.7420996875098	
2741.8345012880222	2137.302680938958	
2346.4263052376723	1478.182480217456	
3261.7972055178743	2804.2445592858808	
3928.2082516477926	10763.962729938401	
2235.990576227296	1370.949335241324	
2256.5975666219038	1747.9663069665396	
2966.63541387963	1620.6939125267245	
2578.4783455068155	2090.4019494592353	
2645.6983964291258	2975.237389312141	
2379.9394519872626	1560.1852407936633	
2491.6038565706217	1565.9032087468968	
2482.4219018565427	2123.433012431125	
2775.345268416238	2245.3872133575933	
2504.7335521989944	1817.363902535796	
2806.8194555573773	1996.7543120999014	
2689.372271134082	1616.8534118921905	
2834.964603062324	1970.6923626368791	
2363.47975905346	1590.678213576871	
2993.004753668884	2063.460355805264	
2061.595678451972	1655.689088467571	
2835.1932550811784	1899.4919633660927	
3138.832489302233	2600.735361955126	
2431.4412969341756	1236.4499878635618	
2688.018998395121	1934.3365281176707	
2896.30532568038	2907.9450943225943	
2673.895069920706	2208.5901526042267	
2503.7017475968187	2430.301935035078	
2817.113581666603	1761.9572057594835	
2635.134997752055	1835.7077498687227	
2607.3026590958566	902.4590973853334	
2441.7110672308568	1219.4773363639567	
2499.5888016337135	1001.8070477082476	
3137.5514811969924	2008.423197097404	
2806.776296615096	1634.380499138524	
2495.415933009105	1507.199089361395	
3440.675595703767	2939.5111651363386	
3398.7260536829153	3528.1308259232196	
3365.411385626808	1963.326286733156	
2009.8274529698356	1475.2802134522262	
2030.7921109963625	1830.488252608598	
2062.9937184561672	1432.0375999108687	
2860.494206698281	2215.219502488906	
2605.5744875421315	1760.1602230484307	
2243.208239645372	1280.9157811616203	
2104.261254319188	1246.1226041892603	
2332.5562244580483	1208.9601132710493	
2841.099931649245	1615.9662870587138	
3520.2845942836448	2480.584711567506	
3132.233331070883	1412.6596043365269	
3749.314343021995	1722.5166461938484	
2428.9152376741163	1956.4996971842638	
2361.0745561004273	2855.2644083953223	
4009.275201851534	3854.691107883483	
2957.508622471984	1904.4613203016725	
3396.6854602591793	2573.3904297513386	
2365.6789111806665	1381.2929133547827	
4015.8677580287663	2959.7261501948165	
2498.068848354635	1263.4878144963052	
4578.133660454664	2596.193365683402	
3212.2898899279216	1016.1442073944514	
2809.396028401809	1724.9562917518176	
2360.15042113382	2454.5159390655786	
2579.4951389970724	1888.4362902535509	
2446.277133399313	2020.561122804743	
2971.5272448706983	2363.3304418540106	
3337.038372279818	1338.7695918448055	
2145.369231411266	1406.6134352395989	
2718.334311393266	3110.574376804904	
3480.606897239658	2458.417286059771	
2299.285116592734	2335.6955775791303	
2869.606428595138	1821.2126746828912	
2112.7965697375093	1592.4657465830737	
2013.957905371984	1281.6485069505968	
2207.594072016989	1383.3234090188346	
2430.3579162560163	1902.479164718142	
3273.592389628719	2626.090099217367	
2197.2151330967527	1980.2958043812232	
3093.6234802428903	5519.297943526867	
2287.3720568605563	2216.8708916249025	
2835.095153545057	1682.2913747866583	
2570.313060605794	1598.2249899511457	
4577.502019520165	5340.667489942648	
2528.9995824877933	2145.7902275088313	
2944.234719337336	1837.8211761500588	
3299.9324933543494	1464.4955141213475	
2909.1428254218695	2822.337745045471	
2809.614414924476	2673.7792860510863	
2993.261004969987	3157.974137623358	
2919.105793569152	1956.1812120132183	
2939.3307643854637	1976.886689067534	
3046.605861266962	3255.479105951777	
3959.8983145779584	2717.4909637368164	
3482.8091340149285	1907.8731491703131	
3194.4525895017737	859.8381773024757	
3113.3718200217254	2550.6413328695044	
2743.2007350721624	1794.630833779916	
3365.0710942928476	6117.15411459784	
2789.5820026167294	1779.5659983236403	
2853.842870782092	2092.420645662332	
2333.034448777914	1414.8709390839256	
3876.6095151523077	3958.2106945926403	
3117.039507284045	2410.6101472671376	
3685.278588492212	1990.8405349150837	
2600.8141056335003	2069.822418148372	
3047.2891156006244	2317.196147119408	
2831.4177483505837	2036.0248511302298	
2605.673501971657	1551.4788492414252	
2782.6065039745813	2472.4311306682566	
2063.040406095672	2009.2915826387543	
2696.59684357149	2053.9521692769044	
2177.4192001533975	1468.280598773448	
2076.3306903474872	1410.0331476847696	
2637.01302758867	2019.2364747058793	
3513.8873280886505	3211.043422965545	
3377.517000633447	2879.6875360015433	
2807.3953299518166	2535.259255494509	
2685.942376320359	3079.2383492912427	
3436.0037597866435	2832.0579868464615	
2357.4038770847405	2096.3149609518778	
2751.9320073926388	2185.2116647335797	
2377.329690129153	2180.3514966196226	
2584.184403035432	2016.1308573253364	
3801.652643658157	3297.6264052531096	
2761.7372305021563	1343.7723276070064	
4051.7980169605394	5162.499964776685	
2168.715302718386	1375.0497589319098	
2581.5438331964924	1973.8945597422603	
3142.2573761364893	2633.311731499756	
2446.0319940926092	1614.9950573003805	
2635.4321690582788	1969.42716840017	
