4231.913074321307	3585.4211175947503	
2981.3240892972194	3599.776010511527	
2573.1190411353955	1572.1862511877616	
3121.913123067344	1677.1177449375607	
3320.461904189867	2890.983708891065	
3299.825447752928	2074.5306751122685	
3859.509374177007	2541.5660292294288	
4063.178311579157	3260.493854772876	
3629.6527082157754	1307.0679450980626	
4315.574349096353	2632.427937493815	
3620.295522365309	2640.9418098959995	
3523.875009588298	3070.2822264362762	
3914.1802393124344	3399.988082889529	
4134.448231617411	3770.7075503590195	
2917.7583714213165	2064.3168376567337	
3278.9249598918063	2578.412662236894	
4382.181568945393	3068.48449035207	
2973.236772666602	2407.2764410168725	
3111.2408494272286	1872.192712968477	
3004.0425671224766	1986.3558253530432	
2845.4426506792042	1986.8003176061607	
3779.025202243603	4271.61559135283	
2774.612158969439	1935.8178573621099	
3405.3591308353375	1818.5430765101698	
3380.264688397183	2084.6384749300537	
3235.3265799666183	11809.02687894812	
3880.740366934772	3294.199533179865	
2950.8845052838155	1803.9435800754266	
2764.335950183745	1898.6910479845487	
4613.533936404745	2834.0301827419657	
4216.7933814895005	3912.049744173601	
3462.5444018310054	2864.5486707256046	
3313.6624648844363	2342.5174978301998	
2426.7012113908117	1573.156782486013	
3332.5836217909605	2542.247168768272	
3442.969929654876	2496.917268449374	
3831.9860243724247	2659.96657899274	
4368.731674943961	3630.045181835189	
2968.9553576614558	2134.636454790026	
2965.4985815125233	1809.1705500634412	
3837.182402466885	2106.234585869797	
2502.378568783851	2118.5115412994733	
3108.952586837199	1811.4980502624546	
4775.904160849042	3457.2443972198544	
3174.5457581687324	2737.0252822634134	
2491.498570507867	1617.6821189457619	
2337.4913398071517	1502.386670571332	
3535.2262122457564	2111.431287344887	
3453.000684231428	2367.8191898444993	
3049.714549669993	2383.4076777302175	
3334.092571371283	2115.8724008648915	
3990.533874731819	3960.9837370039068	
2455.0217233408976	1593.057827093223	
2177.7940365162094	1820.7936353182215	
2581.7496669506213	1613.4488236891527	
3532.181957632255	2714.198227335048	
3038.387532263081	1655.7471260841164	
2856.356783368267	1714.0974104186475	
2853.0500494883577	1518.6945655828445	
3423.7138767622487	2371.166717442587	
3951.57885138929	3483.248548017422	
3121.6608207554295	2101.6785828950433	
2689.3993088582934	1609.6828462327485	
3791.7565860510163	5744.166838399787	
2769.873315138328	1836.3527782027118	
3181.851753838966	1664.6907576372637	
3828.6614701785284	2674.076289611112	
2879.4240376370544	2137.0959674324517	
2766.8391558361895	2945.3289432374395	
3301.2910308577366	1806.104883070015	
3630.0675073164903	2462.365343643413	
2351.6911006348782	1869.3988762558083	
3754.4088299793925	3944.2993860096262	
3157.856200588068	1391.1029447206379	
4234.348090602288	3930.72622881624	
2590.0696277151656	1428.573670584655	
2802.390447425302	2026.1012363472203	
3393.4749529501446	2828.6600848762646	
3475.9104880188565	2831.777342006579	
2738.992709586891	1760.437564937563	
2543.3028504605318	2915.8606404195293	
3107.03336896283	2580.6041808422096	
1964.168914768791	1649.5753255353407	
2478.4155433112255	2102.282720142578	
3278.16516664396	2645.215843998661	
3488.8999033496043	1689.3497757167356	
3084.0547510126116	2362.4141900713644	
2810.463981847788	2156.3215654238697	
2977.7262109572443	1906.3689548914604	
2273.5634236800133	1832.0159625031968	
3455.121892184244	2724.9807384162673	
2838.0844161570963	852.4843177526474	
2824.2812816769206	1514.0664787113049	
2978.9576285317294	2131.6721271652596	
3074.7889520225635	1947.6440939264871	
2529.069926078305	1824.7879697213116	
4320.984450407189	2664.9401287507744	
2937.9053593149342	1977.3292054593185	
4008.60697727379	2688.554149701278	
3254.1445521299743	2726.6755936497834	
2716.752391420074	1987.0418863686339	
2627.2246001846834	1582.880456947749	
4436.090533110508	2509.810523901442	
3102.4995582718507	2185.9957767501646	
4050.8581431614502	2282.0875776873054	
2808.416796752181	2285.650833381499	
3930.7415053595037	2776.494639956803	
3378.692844826123	1881.5595186825044	
3196.2543383988364	2813.110754093672	
5300.8585952229805	5247.221054455755	
3919.5159910067277	2331.376026603585	
2827.7769182416355	2157.9326669827265	
3527.4096710814943	3366.0850139196295	
2639.9359936020765	1959.666756295535	
3266.485261104903	4493.791848308022	
2389.7209390665494	1558.1558408107064	
3749.8970068201415	1914.334260819011	
2696.739505359588	1668.9976667774747	
2975.818557799145	1436.6473307556787	
3792.2037032791613	1910.1978113369794	
6215.757412733531	6864.793514846924	
3985.2559157145292	3029.596186972954	
2505.572713175223	2032.1375669653985	
2827.4654814817213	2327.3846650991363	
4045.54747430642	3163.1910230974754	
4139.547344538659	3398.467769266248	
2699.6339884713716	2204.953552530761	
3210.377592196624	1855.3257572882912	
3027.5610936928415	2463.2938098925997	
3258.824510658512	2386.8776841062204	
4044.4474734120054	4246.289512658773	
3140.537895416177	1808.841856668423	
2705.6298035818277	2196.6525681147255	
3507.001836166973	3246.847898537129	
2557.9155077455516	1851.6292058593806	
3159.9128756226255	2001.492858532623	
2887.2108878002555	1380.2913825742858	
3536.506500607087	2866.7937839629735	
3251.7429011415084	2392.816355114725	
2751.685942239549	2013.9888773582898	
3000.230049335945	1896.7109217947523	
3233.1457171692573	2378.109904404286	
3527.151612378833	2653.68695145166	
2915.973079168193	1699.592214775855	
3706.652072844016	1857.8694170451788	
2548.943769296498	2454.206410238454	
3037.1878666163325	1732.9650981214802	
2750.9880344204	2030.1278453076216	
2622.7329815046633	2583.064239420059	
3580.0164567754236	2934.232395892631	
3377.524077616388	2125.284586414889	
3903.2988150228794	2562.5616299284593	
3705.1845844971053	2557.4586590575927	
3154.5432726719396	2197.2148420829762	
4143.866420610634	2173.6646502981357	
3600.103263382002	2252.717453008777	
3467.705663242982	2764.130107428436	
2718.393939946303	1789.4913729671957	
5639.092654210329	3509.584073292401	
4105.095121051925	2943.2805962975394	
2783.250039905998	1731.0111013268875	
2916.9542690928515	2138.6898106878543	
3191.852280123042	2546.466325103014	
3257.71852806649	984.604272443383	
3035.4459155642753	2244.594869577728	
3560.2085470511543	2369.5557883728347	
2988.341169173895	2294.922759122526	
3803.543309533781	3228.009894997704	
2245.385115713497	2048.428979925542	
3987.0020917488678	1907.9562155610188	
3399.231729258328	2443.2543117416562	
3726.8550723838093	2346.4978706094676	
3485.638965044658	2098.9134334462237	
3623.7373890344084	1820.1595621287108	
3963.7735825384875	2806.7564262105757	
4210.30426130454	3157.4177785607594	
3217.253704530377	2249.531727308935	
2780.7507561140687	1960.45362180325	
3899.9874518318525	4961.629839047034	
2570.577739156255	1773.9323846339964	
2975.6704898447847	2537.36747273155	
4262.577320639252	4154.531371865439	
3287.303683892346	2359.587974956821	
4365.260738460364	3477.7588659016915	
4128.662364713566	2629.9326170142394	
3003.7285889404975	1757.9938971695146	
3030.3483010356117	2323.3977272604707	
3139.0432911278017	2102.2638452410565	
3441.701230393313	2744.8808214821433	
3146.4452486809846	1780.5865155042939	
3093.4094752786	2879.1259326364534	
3655.4223904458813	3369.6395380725094	
2418.7830683240504	2053.0742156062506	
3664.4333907569285	2726.8999828119	
4108.467458624523	2010.3313980761934	
4154.328331195019	2470.3320503251707	
2827.5424884917034	1674.8691136683622	
3201.719359276421	2913.1743548600107	
3239.9512967888627	3196.6732043464694	
2528.3281207254417	1301.6301760755182	
2317.074356368786	1342.8349791658563	
3189.1972098668316	2948.153323543283	
3499.928496711233	3357.607486825504	
3339.492188218624	2701.514958242492	
2857.6881605687804	1761.5306179467693	
2403.923839034668	1561.961232365749	
3951.4472866628657	1784.4243602015658	
2667.9975540898045	2013.8196738434162	
3149.1897966768197	2259.4433475484934	
3854.673921305205	3693.1640134843665	
3101.711958516008	2455.1668424971	
2487.4409436938313	1967.9048887049694	
2555.260931612	1440.9471821181862	
2592.666330717233	2092.009634847201	
2759.1323547037014	1419.845467019229	
3610.467279842855	1876.974770335276	
3970.209633484185	3599.257392686394	
3769.547217649583	4098.99234782794	
2362.4790089179596	2070.4518077927405	
2180.294963198553	1464.4893591888683	
3408.9703818557014	1919.2066451216276	
2982.791186755871	2460.3286238645082	
2926.2644800368857	2135.1634989785034	
2797.724780316069	1464.8918970119214	
3352.2593454741764	1790.3331490773667	
2795.64804532333	2032.015190116875	
3239.363909735084	3351.8613300068832	
2863.441655555223	2615.319685864252	
2245.5711627360583	1971.4443553058632	
2144.201797896053	1783.1063259974853	
2183.385843449989	1449.961969382579	
2408.1961064834445	2164.3362089935276	
3358.2341929453673	1912.9646933550653	
3821.987511520779	3134.5202333755765	
3249.7727907687786	6484.2028129229475	
2617.279357812676	2069.0719693720316	
2819.376273875065	2016.9873405441688	
2223.6157792590843	1791.9556010964272	
2192.077082692055	1456.9376873611056	
3745.959268388029	2459.0682421913507	
2959.6160204917733	1709.328325470511	
3351.4850032635313	2067.3834653288463	
2702.049000434526	1684.3400070929995	
2574.8040042564535	1199.9453910061122	
2953.6689178097804	2002.174757521864	
2960.299270479938	2441.220056105176	
3100.402448787483	1551.400680789148	
2617.1405302169815	1844.73052725445	
2874.223867035489	2262.1477914020265	
2247.881028222412	1584.472692403319	
2556.891176915761	1375.2144912521594	
3880.7393949831676	2653.3033707422283	
2125.630168830019	2327.4485889162065	
2827.9349657351154	1762.2753647931813	
2866.6045286725985	1857.5721627070861	
3076.616349378494	2001.562599992881	
3026.0567577737083	3290.761091579494	
2988.6879577712775	1935.5816609788212	
4843.292918166588	4814.9922848132655	
3363.9994470976926	2092.533238119617	
3420.9834941373033	3003.6113488906462	
2465.7451440114746	1925.9057672403997	
2541.4406606123243	2081.844592702559	
3704.2947100807396	2794.6995395382805	
2576.2278412208657	1438.009590370039	
3097.585906455695	1775.8727037131964	
4275.441244908361	3409.618950060155	
4001.849037418897	1814.9343335643207	
3664.9893966596173	3683.1454689309126	
2728.334098349875	2015.6260483434887	
3165.583913644651	3164.407632502977	
2476.7341135488527	2385.508951039208	
3784.325845816141	2175.0006702283076	
2440.201325145137	2052.590992763528	
4208.13794716375	3425.2602588556647	
2694.911628265915	1749.0283842591634	
4378.471975269056	4005.679494786235	
4685.947667260699	3810.556873340424	
3376.5321757676566	3076.1472198000824	
3852.1777215369443	3925.7083467507805	
4521.601905306278	3398.3400831853296	
2835.3673829916984	2167.4474437997646	
3217.869360454943	1581.794313031953	
2546.45575783185	2260.3946168184907	
3430.8963491132445	2403.300791149505	
4184.772434774605	3198.955590975759	
5025.176779746073	5175.3295907142465	
3208.189527030834	2133.9956658685087	
5461.203125763001	3531.459076285884	
3617.2533200467255	1545.2701456020834	
4618.836720783072	4039.927776188645	
3933.0809345883463	3394.9274313318874	
3116.1875151548084	2097.667571938376	
3686.4517657022243	2167.3159934871533	
2776.9752102753973	1837.0085873690202	
2842.5160344696196	1925.6490448930585	
2752.3833278337083	1324.4461190854665	
2428.2647153442567	1932.5064981712646	
3117.7405626891255	2488.300254195303	
3572.9545468530014	2033.3930843041292	
3907.800374641509	3197.7351595425557	
3355.0111228275855	3201.14185769891	
2567.206060364575	1723.2562169017012	
4525.660563039056	4968.364274800366	
3052.736344628171	2599.039548026698	
2440.2650457707787	1817.0674645349654	
2760.1458293367014	2231.723452001012	
4188.798614589778	6312.766507676712	
3390.9761928367584	2036.940501137209	
4006.343316375795	1264.2752344764433	
3720.0415133117212	4552.886060096209	
3972.1105079226522	2866.3734694719124	
3972.735864868349	2613.5138874304234	
3380.0375107915174	1475.5951918673736	
3905.4455570970267	3052.6515167770995	
2583.8789135417223	1518.17681220416	
3116.0751153877836	15969.8600198662	
2841.6472470399335	1919.1144525358027	
3033.1895773599567	1876.4054190543854	
4005.6623792827504	2221.135441677669	
3221.470785142243	1877.4991997234902	
3839.632992220132	3348.054178805401	
3291.8009983772654	2770.1580579260503	
2801.1699327096185	2260.53098875781	
3127.1601670908944	2994.537685873692	
3186.316956771255	2671.6394521633806	
2844.7759792179763	1916.887475924137	
4118.873200631439	3297.5718140713166	
3092.4079554162013	1763.0198350317294	
3870.2099523256475	1856.8134807321037	
3843.4300220678874	3853.9703878037576	
3802.520973985973	4075.8428466199243	
2753.7293571755804	2479.788637462559	
2460.699828445175	1334.2537696450256	
3413.9111987914107	3009.5231683662937	
3090.6790612798527	1741.7758784921186	
3037.710415662668	2664.3106312420687	
4558.129805017138	3377.6341335330244	
3307.2836243859692	1751.112356461605	
3090.129379181536	1620.2517748654843	
4332.577404909905	3138.7710347832385	
3368.514875018865	2285.2944761569124	
3545.148135715641	2729.5558672841657	
2761.4364611578667	2217.6408330128575	
3620.5430793992555	2201.176735767414	
3288.4317261224023	2105.0994238626827	
3439.0825977954287	2718.249426088953	
3535.6275164007056	2590.0939957237097	
3648.210404315587	3190.7182272236837	
3210.3224439607748	1710.415282731441	
3345.642863894911	1472.5446217378153	
3268.3935672932043	2188.456617545468	
2887.5299780109744	2065.9846662533464	
2996.837684344606	2037.7512188989701	
3110.2155293125575	1960.1182573824692	
3570.0733397034733	2323.7194376812345	
3794.608107640577	1953.2722527461847	
4724.478309792743	3297.054918591223	
2851.512890098353	1809.0046191051101	
3689.251792255689	2716.267696403646	
2457.4050123767206	1909.0815869072821	
4039.2080728631963	2342.88131600307	
2896.846420583696	1931.1820627267725	
3064.869120346468	2115.954879333353	
2658.8992514980723	1601.267237294433	
2861.009083599666	1724.4478452116823	
3190.8967776451786	2077.6100564565672	
3086.817611689883	2652.7020600713035	
3834.008181076305	3197.163712431166	
3002.711065449658	1744.7870894931268	
3307.011132928879	2697.525490120607	
3252.325360598902	2139.568320725221	
3186.506108964816	2697.867224674898	
2328.3118387242253	1579.1802042164545	
3184.5717954817537	1632.5969707859758	
2368.061169205231	1781.5075785759252	
2371.0527574003418	1395.8289844297242	
2415.454309307121	1493.5359444443322	
3044.4609398642406	2329.2414260812066	
3410.540461557871	1794.5134172506314	
2704.800953531912	2063.876901233225	
2793.131259297489	1170.419995296096	
3579.8381603609123	2803.060504525465	
3834.612564353087	3191.4518031964244	
3413.5053923422365	2270.2607104779195	
2672.2177423670623	1538.2752379332762	
3158.3687872970886	3894.606125690811	
3006.346195959456	1989.090599046678	
3543.753902024125	1405.582509348296	
4132.411194186131	3453.8033983797	
3823.1352112766735	2582.5653912920793	
3254.382523548407	1062.5500959051872	
3164.641060106177	2290.7817696738134	
3166.9572912121102	1617.7569060424435	
3279.454843071747	2963.3947789953304	
2689.839584738539	1863.4880815922932	
2776.4520914008936	3011.97308198319	
3452.1736702290737	2485.8311189673773	
3201.0182845605304	2271.816099021859	
3177.018672939086	1846.155818037106	
4066.006461514312	4571.4868003907095	
2619.9279231838814	1523.023661703659	
3206.9588595316877	3744.0619690319763	
2574.4796448423167	1733.4870203124722	
3362.6585325458377	2591.2337805850257	
2911.0155127948833	2285.4241987578266	
2931.1263816089104	1336.3247100008462	
3005.8313625037863	2623.4574548474516	
3162.427036240921	2063.9540713315064	
2878.443868298083	2216.8704520700385	
2745.835965683636	3068.1558776658417	
4414.49093936647	4095.1287565954594	
2694.087493784533	2187.905201823905	
3065.1360762935287	2576.9577833254316	
2669.820021635528	1668.3581161792338	
2513.6802113944236	1485.9775470910495	
3242.717323649679	2980.597052729322	
3460.205118652915	1804.039034510926	
3683.04146921803	1654.0067725173187	
4190.320017779863	4984.9436912814745	
3676.855490774846	2616.7752874934213	
3343.5999814964084	1954.2079950762438	
3911.029206508199	4533.243709556535	
3530.599011616131	2058.121526273898	
3751.443651012327	2816.2006396894108	
3322.340579967749	3382.389888487946	
2612.702841602992	2267.4232321155196	
2312.750721517186	1956.2364835314615	
3966.696457227863	2100.432871000384	
4668.685423938965	2493.891186232859	
2739.6890345288443	2373.0250464196547	
3593.269400586467	2963.9172322521895	
3434.5443343045235	1529.8131321873977	
4138.187412751484	2887.519483884128	
4137.444867817409	6077.88175345369	
3351.2154102617856	2402.7135497091112	
3513.2020479799044	2946.824034234024	
3687.477866253489	2860.368914109584	
2340.900308251533	1592.6786729399398	
3244.9630017539903	1750.689493595522	
3950.6505845512756	3751.358379294495	
2223.7684130499547	1595.949396976757	
2763.2510655477204	2141.509018948145	
2878.4376915950206	1772.4631679440608	
3798.044633844572	3738.6814169173736	
2925.806816729775	2086.082448045107	
3465.940703644684	2914.169504560842	
2902.83433389866	2214.1748149937603	
3363.978553417192	1996.2756180205388	
3470.431406682693	3773.6092119342366	
3265.550496816285	1655.073732041662	
2405.9672101201663	1356.2937294894202	
5076.243041990308	3694.9967654542174	
2600.308980177072	969.8185841888558	
2933.9428890571025	3111.8984520179692	
3676.1469693070267	3268.3129564743763	
2975.67327380609	2489.2498107933193	
3208.7206409682462	2414.7407691677386	
4054.0939759639477	2758.683476752697	
2302.5380316605865	1676.6118833769267	
3729.4059490545624	2585.7725760202543	
2975.1783968267696	1996.221924637813	
3078.9687788313245	1561.130312615345	
4807.7248749209575	3917.3642857728482	
3686.3129961784252	1996.925203760488	
3049.187315247545	2126.0925114480133	
2527.9198187355755	1852.9832101655234	
3370.3203706158974	2537.8290231109017	
3298.482974102599	2221.61681133579	
3148.5226411635676	1966.7124035158863	
3561.400598253665	2249.0828866538473	
2847.4896637132456	2096.4384101320243	
3190.4413803312223	3802.774835492537	
2356.8146654808315	1551.7778000511744	
4558.378485900001	5394.865252317939	
2704.7335778876018	1614.0867544214957	
2633.6581185820837	1527.274960679257	
3676.3875566694933	5632.2376443644625	
3001.462250645106	1608.8856384204491	
4823.182542000524	4646.295342883627	
4833.789365927735	5588.790908137247	
4901.979561665659	3859.877353056189	
3532.778340768945	3911.6380171653464	
4223.69563957522	1264.8469472927607	
2848.962123890081	1473.7543974637692	
3272.7039112216044	2159.729104737987	
3913.783026663401	3585.8981362414443	
4112.816150021089	2665.3634368928706	
3434.4329891225016	2302.1842182186692	
4275.21852495193	1283.2928451557589	
2324.683920176747	1756.3497685279044	
2483.220615698231	1932.6481984849356	
2978.388525672316	1634.7860151030516	
2724.5051271525926	1439.6658844611209	
2678.0136986281027	1868.793830260857	
2807.8158806499573	1596.4962814298399	
4119.117130254409	3233.067260190526	
4209.801146250087	3895.908723234384	
3745.677696352369	2356.3536159407877	
2722.524452326656	1539.01060110527	
2797.3917204070854	1842.0825179361634	
3853.4728148410068	3539.8629437953487	
3411.5048376498785	1470.7475911218546	
3634.451370064983	1758.3290423769217	
3616.5941700389294	3011.2906082805357	
2454.0350995253	1986.0093483975736	
3616.89139012438	2599.9940846961986	
3228.696511242844	2247.235023756656	
3507.0535606439025	1926.9238202306003	
3266.002612808149	1690.8096120015525	
2463.6638212792936	1479.3073842392293	
3272.051823035898	2407.234788809072	
3161.0902285085413	1718.1497256238774	
2494.423268050143	2062.716424075175	
2821.5870048389647	3258.6038405897834	
4120.508206475313	4012.0413455290977	
4036.461524859895	3176.584572134049	
2406.561531335201	1668.9314433209106	
2511.8275201680704	1473.8614856991874	
3553.651764999554	2463.0483706587665	
3184.7738640353464	1564.3938084130875	
2590.7723349321936	1557.7188283433672	
2651.9974803827845	2004.8503813884681	
4008.159682144403	4249.241104466235	
2956.66288464887	2239.4690051671623	
4021.9533590494243	3682.401086585323	
4092.481057096086	4477.357693683436	
3736.1644266254934	3221.2712348649366	
5371.837647366672	4013.383078233647	
3943.0400605794516	3051.1834301647887	
3245.007510512658	1771.8849872614962	
4385.078454959321	5046.175069107953	
2883.026373110176	2022.9764879108532	
3962.458964435637	3295.8492559741903	
3445.355382566003	1441.5529924113428	
2725.773051055233	2080.558986398751	
4161.206107774651	3423.1815676298056	
3542.5412290867803	2502.7112793544698	
2326.4836570820476	1619.8185441014755	
3070.8499069182835	2219.5963386240687	
2950.709016330683	1797.4623531789466	
4425.88095285055	3004.4716631171036	
4171.340625634552	3371.18857714267	
3134.8693193566637	2230.3227960652002	
3387.523422120718	3796.787248172986	
3039.0095433663823	1418.4628034926086	
2824.6839997508378	1962.0597745558637	
3263.0456079664373	2708.653114254669	
3740.1277319032374	1881.379153869028	
3040.040174326733	1656.2224464367123	
3136.3854172024257	1802.2217761502404	
3838.224272648497	2066.7266510902537	
3261.2540728321255	2076.864917225293	
2974.342560379541	2710.024250863858	
3397.6943339707454	2849.306681172055	
3622.8662196056453	1076.3275148844355	
2897.7419625017887	2337.8826139928447	
7741.680314082704	8756.107361443332	
4570.256272145603	3470.5045681089114	
2988.7248494001806	1854.1959768178156	
2607.4818016617696	2084.6295972007065	
3072.121483468699	3093.15719870104	
2583.8300596756026	1745.483238160346	
3181.371233487551	2964.8215661336385	
3227.7496135556244	2202.7037175690766	
3758.6271186033005	2263.16611207707	
3368.101633251747	3769.336053373585	
3480.767157384675	2456.785871465777	
3782.509455569078	1639.9932981561544	
2829.671996841942	2478.5925804845065	
2977.1922847007722	1689.3448547874266	
3749.606608011816	3197.019940478704	
2763.909719400195	2385.5122473856363	
3543.58621468535	3644.0108212771634	
3223.831445953379	2745.329548001357	
2987.4332405401	2621.265540602682	
2644.1699973359214	1431.8554740305055	
3421.639151315226	2181.443456360142	
4770.3699776538515	4069.5554465303617	
2992.973773788787	1675.2571299389112	
3786.9304269729255	3489.7429539657232	
4316.770661337191	3129.8727877513743	
2820.039890462163	2399.275071342781	
3249.0687434202046	2437.1434693484525	
3692.673912044753	2255.148315360259	
3460.4368355192482	12528.146593395044	
3374.2094887818535	1553.7334977605803	
3803.8401684400924	2953.0555841438327	
2804.6031478440173	2395.0175193355344	
3512.5251273339445	2196.880086831489	
5537.008388435278	4163.61015923885	
3467.5669236840504	2467.7389282446243	
3296.279083658821	1809.5381633783961	
2356.93663788998	1228.4250057401107	
3664.758068463119	2734.837013925469	
3217.807128138012	2786.3396625226155	
2634.5702867856676	2014.12254915265	
3348.653378853008	1605.8988768544589	
4543.9628305691	3648.1597604305225	
2332.12751558303	2121.5752637255223	
2890.9920484833237	2737.7994918288878	
3234.733354682479	2546.5847306487485	
2303.9786361887645	1889.5197095537906	
3196.7940052637086	3297.2698193763686	
3303.0747802042442	2388.261937724595	
4411.520489687883	4331.773842499423	
3830.2044447900043	2471.319350993912	
3314.2157676726347	2679.823716566041	
2677.0006370476017	1819.2215157598746	
5579.157508187878	4173.131490796675	
3255.594403249499	2420.867417378213	
2871.269728385991	2105.3758987539036	
4556.039175075214	2807.182952483542	
3796.642225103002	2726.5534182545325	
3533.4490232710273	2678.580316047617	
2977.7370653087537	1728.924878938814	
3776.9487132481795	3058.8779720521816	
2773.6417121679137	1399.5860469626878	
3983.4956027981198	3543.996499702207	
3712.6658044808373	2712.455527769258	
2931.6436396416184	2007.5874769420764	
2919.34320805643	3146.987514074663	
2858.4835888964208	3150.8965843372152	
4425.796024096415	2755.551297333785	
2949.697844218541	2690.688589513985	
3888.5311589306284	2556.6207495680433	
3569.7205198340994	6827.4063458907685	
3402.2733722374983	3493.307508340647	
3614.5838810514924	1887.6681718460545	
3322.078114588942	1281.1771615511493	
2883.09752152052	1862.3629540198874	
3314.6104369680847	2094.089676843509	
4199.3168895751105	2855.528791591847	
4899.298660043714	6774.981142104582	
2986.3870194938872	2890.5769461691993	
3091.8418622750282	1874.0602236016193	
3491.6857435799343	1552.471532219705	
5406.171332233545	5585.227413331907	
2719.894449476503	1721.461127831535	
3900.6890931529765	2471.8191507175716	
2660.629926940783	1779.2232804071211	
2522.840330409584	1711.3411043758563	
3464.3220591862973	2344.1944958541662	
3145.2567378822273	2962.566928951587	
3370.17607358358	1862.083069245294	
4302.650145686024	4174.555842984982	
4670.682867321332	3224.1976813207816	
4291.011640659375	2381.704402089964	
4104.173449979439	3705.643293981222	
3027.6698268705	2235.0032389415346	
2603.661596659892	1923.9237258009903	
5030.744438433397	4889.479758907075	
3647.812783788733	3072.843320104416	
3877.4204881615333	2786.772111200906	
2765.0439420895823	1668.3821734582527	
3903.0660488451895	2257.099971975666	
3268.1166984337992	2232.164739056903	
3022.986138611771	1770.172883681223	
2552.035104470197	1596.3937125353993	
3384.001133196305	2745.5541871962687	
2953.7788332537934	1594.38704374983	
3095.439537000767	1017.4689781284086	
2736.294113486985	2118.2786653322846	
3939.4085534785436	4471.239989123031	
2839.5253106522136	1100.9628888117102	
2715.77659221081	1877.1400768242838	
2467.196133393637	1814.1013627721863	
3448.357178223287	2493.489455523382	
3389.352851555723	1789.0741132402732	
2827.965320974953	2031.7184427329953	
2848.674296409552	2387.3310116720113	
2275.1143930242733	1844.2059834890008	
3651.0169208308694	2320.3218201054165	
2679.4181469167593	2326.808836095795	
3564.68477249274	2637.2067470315883	
3468.605154570079	2328.8629289322353	
3177.9909574420712	2161.412570786232	
4362.826365022528	2850.0332067578292	
3736.921177594134	4033.2943038523395	
2969.684727904943	2559.79927747264	
2874.1411599710755	2053.311226312934	
2994.1585440416497	2242.961255341964	
3156.8770287875304	1990.6651631330392	
3357.7833910997233	2084.466858175428	
2632.563825867199	1670.0981272405859	
3214.2715162861127	2174.1260076827057	
2790.650228429996	766.7163605899736	
2704.8619247657093	1841.902392875647	
3417.735954178708	2877.9700695439533	
3456.331413470377	2231.3130963139592	
2714.6775772756714	1950.4546767467414	
3339.0158446482374	2423.0443278092916	
2489.4801430433718	1653.122514757039	
3687.142643243038	3847.0601469887038	
4254.9862562833705	2780.6917101716167	
2537.354121665239	1811.7727806412759	
3691.7934782115194	2726.60045049039	
2453.850080368214	1949.171806852241	
2808.272060409665	1428.9519846400917	
4278.284888442919	4211.102507289335	
2990.6656395747787	2081.1930774695015	
3292.2163220628536	1688.8933005938563	
2533.5251841102104	1644.4941135868037	
2396.2004723431237	1879.828414572215	
4336.252487728351	4852.200814976526	
3489.171517626106	1839.0149377434082	
2717.491735863821	2424.583497798226	
2779.083449191424	1729.7640723559116	
4581.619198635232	4315.856470945048	
3550.6955702667756	1291.560461532184	
3459.619211883828	3222.3424623035557	
2658.2144889783845	1633.1812567410866	
4181.118611068662	2389.196279739138	
3814.860105420226	3111.332540047073	
2350.4785246728466	2139.1069970669014	
3440.6257337548363	2419.1483205361856	
2633.8914477619223	2017.8011606875295	
3216.910258427556	2893.8317892687783	
2390.3742274504366	1730.70277118874	
3671.593473736522	3164.0568229558457	
2229.4516334533455	1724.5629681001044	
2894.3263852737773	1763.1892943916107	
2361.83085250894	2026.9459558213705	
3168.4391831406483	1612.0623082308973	
2486.3665144841234	2005.805904907375	
3710.406984568217	4051.2188934903247	
3696.246574782927	3847.900608837149	
3211.416457412963	1426.940777857904	
3846.7272080628077	4408.141741571159	
3529.090924378048	2241.7824550424466	
2882.5097510444	1690.0815331305162	
2797.769237991631	2178.8968552302895	
2575.863086449321	2611.6276940754615	
2873.356269301776	2032.160404806419	
3214.7244113604443	1711.609159472442	
3139.4011495665823	1883.9883372320867	
3421.425073638854	2631.047861400066	
3773.9106715722014	4671.186065796847	
3570.891012870589	2713.273055014458	
3546.470049314222	3500.065233349481	
2513.357678108212	2086.31548287179	
4212.56271369206	4688.743007514464	
2777.9745470493763	2053.3902801287168	
2326.275974397102	1702.7883388409705	
2668.7146117223137	1849.0174000207319	
2949.927906535894	2723.8409695048185	
2276.256801252823	1964.9624942583625	
2849.8927577708987	1510.239031276641	
2893.6513993238386	1899.2907003913715	
3376.2539043861657	3161.2611087018827	
2566.6425282521145	834.286970746071	
2795.4867037093127	1587.4390023682313	
3455.171636036717	903.014545233398	
2406.5359057296396	1187.1292896644406	
2310.2721179225578	1917.0615213915337	
2753.7698747247387	2174.6732426028684	
2645.8746527117223	2344.6493643889703	
2277.8210792795708	1704.2988794491841	
2339.077372155441	2194.4079812485597	
3355.25638993303	3701.1578373772995	
3412.5069966216906	2788.316982182638	
3249.1861392482265	1967.8504989326507	
2955.0528143688534	1949.4764018474873	
2742.2960636023236	2042.8850275189202	
2992.670684520125	2122.947716024749	
4071.658991295557	3784.0554845357424	
2843.561127313113	1847.0115262888758	
4174.649511390013	3202.2349043416502	
3244.4123236569203	2498.341192473548	
3607.700280483404	3094.0521917914875	
3878.936062805647	2548.5582293858783	
3492.8200411254047	2188.9981912151748	
3088.7780150207095	1960.2405764627833	
3246.9412625917003	2166.0432209480005	
3476.8663436484544	2931.831314080696	
2819.0266622411978	2485.1665356884228	
3404.57430803971	4718.431964658866	
3620.163107117047	3528.7947983877484	
3811.7046035640183	3051.420861273579	
3439.3800803805275	2473.5823089238943	
2587.4759792954533	1704.2431592564349	
2919.851524302101	1585.8790495941078	
2080.6308257942724	1546.926385258265	
2564.7251457070015	1287.7582060833154	
3407.1892260156665	2087.841178396788	
2623.0353251721017	2100.975725839943	
2523.6730113282906	2011.2601754464606	
3645.715364525037	2481.33652364279	
3447.1745080165674	2959.437442239492	
3041.6711991440525	2340.950802667673	
2861.55708318207	2075.551858005939	
5335.885048392051	4249.189152351956	
3483.875841010055	1710.8102851724748	
2370.295251001736	1871.6966716631575	
3297.130438712983	2518.5522162930047	
3312.3496282924452	2544.662697524025	
3038.1138407284025	2547.242458710029	
2907.13930406306	3411.9151652977052	
2640.231781710584	1929.2240666712983	
3516.4612430348234	2576.04398300745	
3952.21367355472	3810.274235915238	
2758.7738373077186	2223.2077606236603	
3473.267328084709	2513.566023774389	
2957.8257764407895	2184.938989573494	
2697.1896231001715	1621.0733761373165	
2023.3133944451426	1479.2037640830295	
3142.3343371188635	2432.7811682181427	
2902.809652168735	1882.2506252643425	
2082.6595393930056	1415.2856613179151	
3422.991441922226	3157.44208934244	
2497.06014593788	1265.9469841524015	
2877.4502732020665	2153.149806071473	
2861.5843554258763	1938.2706576550304	
2492.05268885641	1549.2260022842274	
3239.9508787631084	1775.355895033308	
2767.678350909918	2391.745578550375	
4377.680983967943	3651.9789756630275	
3656.218487542029	2467.901625643621	
3211.136273501765	1841.908959410522	
2569.062333732118	2106.8366453187195	
4141.587090602843	2258.1231345240703	
3388.4963925090515	3211.835159826789	
3487.0294020109795	1422.2533823120987	
3565.145363825813	2552.279179913997	
3120.5714782952646	2078.0798759512268	
2373.2074492468955	2115.100588452473	
2690.387504547445	1442.0184134542992	
4297.532454696234	4331.934594546148	
4062.3035451411783	3026.0369085424577	
3577.490080299221	3556.4595006115333	
2519.724226850767	1310.6781532901296	
2807.5032945717085	1308.8491091964456	
2636.4056383828747	1609.1456779112937	
3129.8105478420366	2102.2372120975187	
2929.498740901157	2345.350792585856	
2756.446818891751	1070.4255652639115	
2524.5826569765914	1819.6257803013466	
3273.610995713598	2553.633062166638	
2408.8336865801316	1804.3226568131622	
3170.5737585720917	2186.825809325361	
3707.6140219002154	5326.888257515765	
3087.1798963053993	1998.0929520880316	
2866.592759997376	2527.2614739109645	
3076.629716657642	1613.3263048830574	
2890.573150146334	1540.0916896257536	
3600.7251998474176	2080.8140882148236	
5642.377835619604	3377.925152640625	
3595.9767129571583	2569.45442508227	
3509.662696092081	3107.7812214876344	
2915.6169819684596	2352.723124246815	
3235.1651179030105	3275.6966288020963	
2599.2832860928293	2645.583418308938	
2635.6998225986617	2210.2185530537895	
3172.8773122940765	1672.4201600435106	
3629.024811786389	3151.929495295744	
2438.5159694604686	2107.7711274370345	
4430.305080897696	1866.921601730808	
3062.9112748032303	2235.412715356185	
2264.223928938085	1607.026905437728	
2612.376079660131	1950.9837917846075	
2328.018999145562	1806.2048636904944	
3064.393227421786	1798.6124324368125	
3521.2278629047773	3612.5205086882997	
2287.268787786757	1972.831246659056	
2668.1597646991327	1975.9973992069667	
2623.3194248546693	1624.8188914415862	
2534.3842964920464	1496.7878388199224	
3337.055599286554	2122.748282401734	
2617.048044265304	2157.183797582038	
2930.9807123445353	2610.6199367552854	
2480.0862511087735	2904.9674060563398	
3327.441669019859	2613.1226988227736	
3768.5218042742235	4007.2978314993816	
3767.7970441265784	2047.50439644939	
3184.651744094509	2702.331163684638	
2944.408005634593	1992.0359007656664	
3263.10213931498	2718.122596136031	
2939.1968119740955	1776.7272289029363	
2506.0063212560217	1900.6077278843122	
2917.553667913081	1059.3849649495319	
2551.9917803750645	2273.7686228635016	
3354.3760873772167	2002.184034292603	
3347.691674451375	2730.4040022578874	
3284.813796708632	2007.4950252290844	
3918.6138244631074	2692.5340876402092	
3975.4316262866046	3525.2352114862406	
3576.1168837134755	2427.3130612999626	
2143.4300008015284	1878.0643697859805	
3032.8439140573323	3352.71218168634	
2115.696788383726	1579.4138379285787	
3074.535668969547	2156.1460066851723	
3447.390592156726	1144.6705687821307	
2954.0594335427	2835.033143215451	
3287.1245432186774	2397.9315346709	
3068.6948940450698	1751.4439430602633	
3247.9080368046775	2325.092340326587	
2947.34919590535	2279.0910528721893	
3161.5589698359986	2330.407618908771	
5667.264213304381	9142.696914608192	
3562.318829742916	2134.9931453487998	
3778.9406338344274	2034.9805043899667	
3419.5148089745376	4774.04080332169	
2871.453888966083	3619.8597183847896	
3413.288831406141	1947.8889272725382	
2880.4268479516636	1273.059077719139	
3315.968259102515	1428.0573771636975	
2900.1277345332974	2177.1169801404003	
3462.2825136753204	2333.837182769	
3425.502467303806	2637.8177367875064	
3220.0327289868596	2839.6764034887638	
4220.156872850608	4912.2366477365385	
2622.9766545977755	1481.7590018331891	
4247.012783055809	4545.015863930438	
3099.5219689099167	2149.4799937690887	
3097.876742577865	2217.082120734218	
3493.1737654739727	1846.088131877452	
3654.7995304049073	2902.9324438723597	
3212.9567405561106	2076.0991570601177	
3749.995636990444	2814.8901747395666	
3647.913911367675	2434.448264509418	
3473.406414169651	4699.240480852662	
4446.478724253851	3203.4023291119347	
3031.121008963054	1822.9105863345114	
2874.739196255371	1784.0349410481265	
3363.3165683578386	3187.679752502839	
2893.9072427444708	2378.6837704803693	
2312.4599331907552	2096.1916339750737	
2781.130878393276	1566.7390150598262	
4085.9601571186367	2100.995244856314	
3737.558775223548	3236.1446652927	
2378.853185476777	1670.9032526360058	
3307.191703657642	1710.358535519841	
2263.280895468293	1447.8778330242644	
2552.6365148094924	2100.7765355693405	
2109.145565174094	2135.0996227172086	
1773.532502742868	1723.8654692055263	
3878.6771527796423	3077.1489860071615	
3347.447218075122	3326.0165867937267	
3637.495806641849	3567.266783800166	
4623.179128396456	3813.9623053795317	
3129.517426899537	2593.3724984969035	
3195.0536463357453	3694.179754846962	
3010.405503857753	1362.124932227648	
4025.8162154497663	3592.8502644243804	
2092.0460052839708	1439.8763452465187	
2455.677782469396	1737.679904164354	
2837.292137588095	1380.7089795949446	
3749.926440065436	3187.5874365232266	
2970.3859425424166	3101.105494374501	
2566.8360144473827	1971.9126755955153	
2392.5412502872764	1924.5548375015462	
