18.098802146467115	8.353744143240736	
15.509868771043624	7.187712136182721	
16.033937305630285	5.995474373205348	
14.642398986561027	5.219821861550814	
15.366163072726101	5.197201816082543	
15.001542138768382	5.479924652519812	
13.004504369259019	4.746127715551308	
14.627902418469482	5.06016148788318	
16.82152696141821	7.085605405831411	
15.739062944661839	7.116690439473965	
16.02359113445313	7.473031583312642	
15.742328373442263	7.242390577376933	
15.464847528514586	6.40417694529837	
15.763512440935742	7.640849893453002	
15.409661904617694	6.0521009664410235	
14.177621913281403	5.058881043116334	
15.837447928647173	5.705937851675149	
17.030614903075072	4.928328335576391	
18.550190518649135	6.214371793354179	
15.596712561402896	5.981075570532775	
14.217787599109831	3.4077347043841475	
15.602567687566685	6.465872316549567	
12.950631640573647	4.334622213451517	
21.527737187733386	6.781682281184841	
18.929025570847497	4.991189267785462	
13.899938266010784	4.947007886451621	
13.834039218149135	5.1048707056770155	
16.527604231218834	6.757576241736594	
15.43134909920197	3.876902606169114	
18.336146624755564	6.120781167543241	
15.403300930465045	7.402304807024105	
12.8040016857538	7.259857706550505	
15.393468316046675	6.018695095888273	
14.454279756077334	9.462495451416967	
18.082725130025214	10.538051898065127	
17.06697895285895	6.710480489432772	
18.44725378192446	7.227386416949537	
11.682608781446667	7.032093976497091	
18.692291484331857	5.453091033991218	
14.33681872278834	5.764042117692267	
14.99156674228761	5.996153450406543	
15.372483332999868	6.287490761280927	
15.101078702021475	6.807916916925167	
14.248026383540468	5.39308378947143	
16.41378488811205	6.64821589266324	
15.942108537380697	5.297148737506532	
15.69444488539381	3.855383705358681	
15.652763175784886	5.61911932768156	
15.148516474720237	6.837239116475242	
12.658166231861799	5.960584557950954	
14.664542297530101	3.8630323527924615	
15.373971696870402	5.65763378508767	
19.62097827904417	4.969302971734117	
14.270305598169404	2.9719328014115245	
15.374217823261457	5.754970329105508	
18.17609693504094	8.378220373017077	
13.526823056728896	7.832307524942844	
13.909764097131205	4.9950548001388135	
14.042192673767975	7.647694296526623	
15.881438336988774	5.021542417270961	
14.354022206226528	5.043882968019699	
16.205038741176228	3.623349851337235	
20.24146905077793	3.1570439454118535	
17.437505059050892	5.958762898245056	
17.051387374238274	6.603769259533714	
15.93587566951469	5.705623855060245	
15.94045326231439	7.872249309463803	
17.05371653643981	6.145790857572667	
16.899373252453003	4.975254622780049	
15.322632043769271	4.96394147482471	
15.173021630489723	5.031227446048545	
17.70645153433914	5.2588500547960875	
18.525857938485252	6.055764197437781	
13.681132636279278	5.324145097535709	
13.308716211495245	4.68646272988683	
14.148553136549344	4.616502388522059	
15.640428882684041	4.860325484425549	
15.497010175629862	8.012560456918113	
14.106095585504757	8.975970912055406	
12.998739332707203	6.655680334580023	
15.575237755030514	5.177761372443027	
15.361549576996062	5.440916782890489	
13.855699389874776	5.426722825185841	
15.12583839178551	5.788888677272946	
12.33637075255998	4.746787676953147	
11.127737981350561	5.7634607094031916	
15.410172251134503	6.811924756818535	
18.151025739893733	4.801368764208357	
17.552294334891236	3.3018192828965938	
15.34557771795987	7.14355424448977	
16.49677366758995	9.270280756246498	
15.278380946163983	9.018647516604902	
17.7098628654991	7.157088140899277	
17.776916391435776	4.224742515178336	
14.956769736899673	7.873678470272932	
10.778267808871698	7.3929100826685445	
13.713580727973286	4.84270471624834	
11.737648099611686	7.489767821486656	
15.074382712740292	5.784106253581362	
16.522464116408013	8.021172906435238	
14.752027401076464	4.110804335581936	
14.597324199339111	6.6924964919688925	
16.44876915439874	8.388022910359012	
15.249979220945612	4.2232959392910585	
13.591288503114674	6.973645127523838	
16.972348005331906	5.221379395402276	
12.409154326761154	5.60471842706189	
15.322485544574157	7.148351801250496	
14.61320181804103	6.480416108473093	
13.678038003947128	7.997777371092174	
14.623770444761412	5.960719450786285	
18.402434478209482	2.502294411437731	
13.891543452547808	8.613865767347804	
18.9861755121314	6.457121147227763	
13.759164851094184	6.348314588769156	
14.989297596092916	9.918914312297877	
15.562905796248724	6.428565428282753	
15.161480897170437	8.935620098357612	
12.709666915120563	3.728876900670209	
15.415542223229336	7.606933401637662	
12.631773581010654	7.34731048848822	
20.928875030004495	5.993329316472749	
14.06182066163184	7.5550065016435415	
13.80444371138959	5.352923349909156	
15.517367839397895	6.967125748949518	
17.619752402039772	4.060963905209649	
17.953447460254225	6.6664368101371485	
13.6736189375265	5.473598047677616	
17.218000711511696	6.323026383217655	
14.804155448339015	6.004081677266392	
12.817271315774413	4.196806688070546	
12.488734982684473	5.974389761007146	
15.338843035113584	5.344803046068199	
15.207589732189476	5.947014242326464	
15.425574937913714	5.695710360176352	
14.329706839979469	4.714666297826909	
15.863007393760435	6.006087756183464	
15.58837580916827	7.927780709647616	
16.15828847155874	7.528933527686372	
18.77695431919131	7.890936645444846	
17.285539419977987	3.320501485992632	
18.189685744701617	4.925175523140544	
12.389693111285542	3.3896042948849847	
14.628977436512175	5.227247369332643	
14.958688585343069	8.681784677991079	
15.993697532466129	6.6230323531232145	
17.632555434107413	6.623281929271225	
14.75946294493838	3.821142487003818	
14.858364607238752	6.9911070102144	
17.61971567358099	6.050823944686337	
14.70462801122381	8.868101763392225	
13.861949539854024	8.388183272716976	
16.02178571528953	5.294262700139867	
13.466594578299912	3.5414231921823247	
15.359452261740907	6.550231638142588	
12.1655294857682	4.630171829392227	
14.021137566375442	7.793537442163511	
16.742801702025893	8.382119690818689	
16.099926124086277	6.697853861595986	
17.13993777756726	7.797945676735571	
16.029456651016716	5.29068628969466	
16.73067754362266	6.656042275398308	
15.214272276273102	5.684332080560679	
18.358042584041627	6.269653176703883	
16.653625268061173	5.081841531825737	
15.117259294518913	7.151950128837127	
19.01439538679562	5.303271671234256	
15.923613040398461	7.395315477776395	
15.646291168204625	4.36970350734635	
17.97417561797383	5.023760269910237	
17.62740433227507	5.991450023863946	
14.243791821934842	5.508630572283862	
14.692560463997086	4.774700541132514	
11.132631305059347	5.164984614738198	
17.375690763399604	5.652906555386087	
13.774991873482163	7.65668137617625	
15.833027911985068	4.407768042333999	
13.893263403996523	5.868995514636043	
12.185585516036559	4.173044786743168	
13.77026479028572	6.835558312310273	
18.570362827626017	4.8229587953432524	
14.287380011329217	5.0481948994893635	
19.1268434873196	5.5663098757749	
14.213747487757459	4.923675681445571	
14.142532021343236	6.642987083283053	
15.260824813823454	4.448856297700705	
16.032520035765902	9.614112572446004	
13.802914514357974	6.524410249605861	
12.367629349483119	5.616257060216327	
8.946094934109409	16.07314017808429	
14.928685921980945	4.209794765878391	
12.245658609149947	4.539104666035784	
11.756534716552872	3.898426709157156	
19.125887618246903	8.909304812854357	
15.858791830650253	5.014149682304019	
15.64421444505545	4.158847839205559	
13.834719716959071	6.5163938173076055	
14.063142084611794	7.734679826832499	
15.338366880028977	5.023221417625021	
13.884765974603267	5.002705437714981	
16.26604035491838	5.005590255672446	
13.70780814960623	7.929274751974365	
12.373723477581454	6.110729203160926	
17.970645662022335	7.032958376621538	
18.15859820467402	2.5755857845786503	
12.91038420014161	4.237133508993534	
14.257869985280786	5.9986681587946045	
13.139564962590638	5.03870247131992	
13.584371673979158	5.528557634629271	
14.522135947102043	5.004746619078574	
11.812385139026075	5.242434833641703	
14.030446784921155	6.102267098911266	
14.994880956880909	5.2417992681519125	
12.928205801805106	4.467926767238113	
15.165624998033767	5.570716149126902	
15.184936799892002	8.160272694528325	
12.266279942231263	6.701165078318041	
16.373853317605615	4.652162323088244	
13.649422528384525	5.87446081644729	
12.43785378386524	5.825984209719506	
12.882882398750237	9.448991605585064	
16.330077986599505	7.35535722901626	
18.06336435568841	4.474713988063098	
14.00800747766092	7.246623010196904	
14.491850063294667	3.0984832888177647	
10.309429945197063	8.19892661936748	
17.639733685647514	5.358338987028432	
16.43987946043341	6.003251103669645	
12.857142540833962	4.647631917428695	
9.765362193450759	9.906865324313157	
15.812208686392324	4.852236145222554	
16.57577503114198	5.4629366673308075	
16.3833697856572	5.149377695415171	
18.91591087679707	6.7221940302401455	
16.51156813267038	6.28670642586196	
17.37669925796404	7.772931420171942	
15.680907360461145	6.783389754131564	
12.592131854566873	7.003100086124177	
12.090391114449293	4.683808723630926	
15.970599581000275	5.641301619245903	
14.568314639215656	5.565021056662291	
15.607074529938714	4.890462394730808	
16.18374876604889	7.3402980878766	
17.79209128304956	5.269432994489957	
13.572133847305103	5.283523122477072	
15.42742488509719	5.020866496309632	
14.150003183229172	6.524028903958721	
14.026605045223134	7.812761115479748	
16.386440036440106	8.214178464648883	
16.87592444922627	6.776437399931977	
15.447149105168323	6.427790988112816	
17.28388100709767	5.776391839382931	
15.44963105436451	6.100833270313061	
19.057986081023753	5.5067490410550946	
16.07847745182925	6.1354174907842225	
21.00650369887621	5.021500214010296	
17.54769693600528	5.752564996277028	
12.374273943623937	5.993009662866146	
14.139792795895561	3.901934998913239	
17.185165382577395	6.184411604737169	
14.901236800801955	7.560424206063974	
14.175644464182579	5.2294841977243705	
15.776002570609384	7.369935024879284	
16.570987035102938	5.65266985590318	
14.788478354257455	6.665190528597161	
13.303160517597718	5.712363724094873	
16.08253299621994	4.683676009615174	
14.406556721061712	7.0672203873030455	
14.02335412267425	5.564745264100417	
15.150249676307373	7.026352411624064	
18.749801186321772	7.5651179371362245	
12.307147146948678	5.64570462113826	
16.516644708186377	6.989588182206108	
19.65827098264485	7.878939795254687	
14.148538248525922	4.676724596032193	
16.332554091909028	2.559237628974307	
19.454705041475354	4.878961725005892	
13.607932065439197	4.635646804019268	
16.373861793757083	5.663675459808501	
15.542153944617992	8.290584543974557	
14.676511331822917	7.585713256993912	
16.48932159930484	4.600838565154854	
15.823318942899128	7.541483323411998	
16.518016157081597	9.814460158220827	
19.935903782849444	7.1692542838388285	
16.485439111767995	6.536297313319354	
18.113483406922686	5.6512703553660195	
15.070668142337869	6.713326102956234	
11.09868569240837	5.636606252077	
13.691823525603159	6.238546889497798	
14.414370166149764	5.663614551301929	
17.07575798625221	6.137976961756127	
23.028025816580975	7.0280721095438246	
17.01233166380995	10.794976303723322	
17.823177014993	7.304293390693021	
19.924818755112558	8.364904777081696	
15.233630276487625	8.650150256047501	
18.462496848162974	7.461878048916653	
15.693522335814688	10.221729521259888	
17.920631154276904	6.839318761591975	
16.371920753322392	6.119928746029967	
14.590011620754465	4.052850743717671	
15.15887136284409	4.9742036706705175	
15.243810079235342	6.4536808888643415	
15.012159936650713	5.860384774274993	
11.576077588060173	4.6375136300488435	
14.592829381559772	4.788649050755986	
15.661937708190036	6.8549476352840495	
17.246331175269965	5.581627076923042	
14.429344016187274	3.934181306925142	
16.041207186653004	3.9422371457309477	
14.948823456646835	5.405870133827919	
13.713428338607745	6.270129520186562	
14.75620598408499	5.737098331683618	
18.52876191169505	3.9604128575790667	
16.317542331880407	7.729277902778649	
15.89938956645629	3.0491963678600302	
17.81841672092489	4.680707877716418	
15.051651591742836	5.134780316648461	
14.272669663588717	5.957933096670944	
12.690555140737377	4.170392775130096	
15.597926511047202	4.863784331638611	
16.12721809779221	7.787349463387437	
13.950021299699202	6.076883107462545	
13.611885223409706	4.0446144016816294	
13.775510718398616	4.23770035929635	
12.36024661347192	4.716208737981425	
17.269971032179292	6.609571477607769	
18.080578287392875	3.6210272521764515	
17.239205981688706	6.014674582776102	
18.27276526095628	9.818660122452762	
13.82614242849678	5.470188535644817	
12.522498677393854	6.067921724252307	
15.6163119216533	4.397550381849996	
17.56424238629711	5.265983024871486	
13.447913923667086	4.3682361388832645	
13.805078754896261	5.2515165079439905	
14.39844216112515	7.594613432450474	
15.792600752988182	5.539147749778967	
15.042042218021688	5.187772634767426	
14.521449985122269	5.042677394951886	
19.847431630718564	6.507296243528279	
13.673759857406766	4.744817485765234	
21.101449529481773	6.410962060344537	
17.783659783880925	6.858316659187563	
15.916320756247897	6.4302849542795215	
19.65954400045945	8.06519467550543	
15.209834719895806	6.0939470300514325	
14.501096014866548	3.9816463870818097	
14.955097653712784	8.18095823425855	
14.423080735892388	5.852862531431842	
10.093508589471337	8.929016161003021	
19.08026235410661	6.195032184882846	
18.375055621772418	7.756272072156985	
17.265366337440707	6.540758732975184	
16.93950400448312	5.711303124140635	
13.47357612423743	5.7047927272366765	
13.69527779179979	7.431584709544384	
15.240133034802925	10.515271260155629	
13.7569868801313	6.543354995697363	
18.00522379505396	4.530626549610311	
15.407812266497041	5.187983527258181	
13.027452660634022	4.240989642501122	
10.863140324721293	6.950096062011673	
17.440660804458616	4.836840641620155	
18.76261760485995	8.170158211759503	
18.432994810776332	7.282307822315248	
18.932194555140065	6.688532563453766	
15.831387026373626	5.722481178683359	
15.233172772695845	5.462928838066208	
17.07989023520873	6.354340194453685	
19.31011654189513	5.590023509472184	
15.541704596966154	5.558896864101925	
13.239864273623517	6.011692839559423	
11.583876334562198	5.339544884894153	
13.584518240274054	4.4100811807401925	
13.461319329536522	4.716946881534844	
15.935813393286093	5.297820722213664	
15.41659434717956	5.115288022335895	
13.900419745894594	7.445416004202225	
16.470112753937777	4.347769690236943	
17.989428252100492	6.0675769675274385	
11.684976719612596	4.998265791136795	
11.638010723939317	4.408044658268444	
13.979880768880147	6.846979563809298	
14.341055961808262	7.878063099879625	
14.89950300710117	5.673195463327378	
16.13395248023956	7.7345355622275225	
14.304263885500479	6.083974301566974	
12.135151178693162	6.802098731516845	
12.606129231697913	6.177881682949605	
12.673026498455835	6.236772580733196	
15.424525694152317	4.456718555546943	
14.614590875257697	5.822134597297742	
13.451157406296467	5.436114431597261	
12.577848738653152	6.683677044851504	
15.806357784550446	5.885113416767528	
17.318183883304396	6.299722261130932	
15.557053620585256	5.369280229793305	
17.21111022459004	7.222547840866892	
18.80797650102629	6.308340582755596	
15.171100218934015	8.684451078722814	
15.84979732225075	6.339608333797741	
14.683315671177969	4.843672879656991	
16.46802135287255	6.361034042225319	
14.634337677512834	5.368777521908939	
15.418230561979536	6.098779457482484	
15.153887381036279	4.269565292107568	
11.990239851964349	4.5733101702897985	
17.40495485407397	5.035875854849076	
13.924109284834332	9.738689417150237	
14.805531696293666	5.53203141074145	
15.649877097684707	6.5548985066709164	
17.23354629030334	6.045981857793008	
14.922158068829006	7.318514778430211	
14.558873271020353	4.229765096525727	
15.793497914423464	5.849900542298636	
16.081699164267665	4.744193025543013	
13.891611749783047	6.383822686666671	
18.990067802200276	6.649385810506826	
16.923315171996233	4.171509439822255	
16.740921740515248	6.090072072085996	
13.569331536356778	5.106035644673816	
17.085059425866948	7.2299236295661595	
17.117846880795714	7.240977800962613	
16.674300576931483	5.472414226913866	
15.502093722542607	4.929140590535453	
12.52903263551514	4.238296092136836	
14.350912675426413	4.280537133321994	
13.707473489847898	6.202780754901879	
16.477057116336454	6.311313361853902	
16.826981864226468	6.4978377081418115	
15.405187027248886	5.086870497956879	
17.392484017487753	5.40673983266837	
17.634335503671185	6.422439936120988	
13.907867739424635	6.831265597907204	
14.807093808215434	4.029308495007771	
16.215511355779828	5.319539684289019	
14.22569958727733	7.255479871088763	
14.5727500862995	5.646768332531556	
19.3264175355067	5.428946886752859	
17.858389334034218	6.15491896708158	
15.008974852383272	5.323349398043673	
15.884254014298616	5.806950717371702	
15.428008926410818	6.238484697096291	
16.42733967117814	6.176778153596144	
18.436961337229935	3.904935320507538	
17.591149640071333	4.259592294991735	
14.646747822711431	5.374720523667776	
16.1397043743121	5.286697288135524	
17.82686356795732	4.762908126710934	
18.112599402023832	2.8435820842506834	
13.902445359322975	4.731864307231679	
15.975826469451224	4.2037735910901795	
14.182279189431329	7.061467298934615	
15.673412035225073	6.003147435532696	
14.90096615491159	5.714063113617684	
14.445866102751902	6.213464755212976	
16.313371911429293	5.454296755955745	
18.187646015707237	7.29945799117951	
17.731143965539257	5.7234644828158245	
17.791029423816752	5.515796741140076	
14.950631193188718	9.848015356578923	
17.870748115464497	4.8543864585743695	
15.564837133258283	5.447068717508726	
13.391933573161833	5.36818945943485	
16.328204979261127	6.548707047537762	
15.080258199148508	7.318576268437466	
15.683374735804428	5.130474325337731	
14.614070156231955	5.6162596908341476	
18.524640403893528	5.542693953225392	
15.245329221976155	5.058068895760095	
20.210221478035027	3.0883688551953017	
17.976523538645356	4.493588979911001	
12.9925786075193	3.759783504508458	
15.069167621845182	6.984580820732915	
13.086438856334045	6.11696712989977	
17.20988311518877	8.179647269805715	
13.22191851143379	4.575630700221569	
14.8628746050172	7.5607350559625575	
16.203111669054362	8.041559804347527	
14.485475579894223	6.152472020587842	
12.640366864137697	6.031510692649904	
17.29366599953511	5.95802237263887	
12.870358140815108	5.64776572944506	
15.330462479956921	6.2248693378125735	
17.850547226285173	6.654834526617907	
18.445264421733214	4.725596169939815	
16.83190884539567	7.929083783074876	
17.5978358741042	8.046340524987736	
17.792674871924547	4.697288345100199	
14.57903675593434	6.768490765205367	
14.799389890074288	5.335416565068015	
15.326462627849436	6.522144903150776	
13.831768089188113	5.809377671358496	
13.852662844044469	4.924910872615528	
12.99571377481936	4.9048710469008405	
13.253516924703575	4.920785483207432	
11.780587523915429	4.491303584280452	
13.027712409343026	5.361367975014109	
14.81626148120984	8.05240049087179	
16.278681807434985	8.085949382973963	
15.662674506642361	6.733255664604565	
15.797552344436127	8.738713335702101	
18.536866314993933	5.793170557769251	
13.216086885684636	9.290686232973892	
17.272179693215342	4.7312957224103345	
15.532052343283755	8.595642946064737	
15.72417491198714	4.710488733477212	
12.707862860876432	5.608406520474965	
19.7859598827954	7.569400260085464	
14.544432703054328	6.117911083927513	
14.042906484203632	6.256577021533942	
14.491993114269869	5.953762267046169	
13.80509178701139	6.622428851591212	
15.839130131288556	6.182152977807911	
16.47369929109238	5.425959262175895	
20.519333322596925	8.711811339103061	
16.068122255216043	10.58934313257028	
11.7805153187412	8.463049689622212	
16.24671254873669	5.235866089729063	
16.339117576024638	6.839568207830989	
17.00185139198753	2.936065884467557	
13.091310737855025	5.086197142601189	
11.404656028206029	3.9263461431989093	
16.072525021704838	4.576201659069714	
14.018756838559677	5.037132471734646	
15.336250282275719	5.638188539944316	
18.6247839922038	6.198860976834393	
12.103052201181814	5.34414548647307	
18.21356919057253	6.641714482423844	
16.712467065688536	4.938870489100985	
16.059560472752807	6.9875831680608975	
14.217140318310319	7.63176994525836	
14.80752745864883	5.374173869475198	
15.93124976213962	5.865622863262283	
20.823765446311487	9.177858114344541	
14.89437691894821	4.880364046350197	
15.037980362453633	5.469355343745774	
16.174861308469772	5.316499474119065	
15.694560266560625	6.015278848622265	
18.818441956863005	6.19569717126536	
12.744502947962863	5.3868666880175295	
14.51668112509308	5.964847976380082	
14.903078052365528	6.221129827153766	
11.409982822470571	5.7931013783451695	
16.91178110498116	4.98730935704241	
17.060670694298768	3.7084939527592633	
15.336519929494699	6.99344664819447	
18.051686679660015	7.326150579038099	
16.970562385562562	6.786890467086437	
14.505090725320823	6.233458401251781	
14.665266220940063	6.281194425415811	
20.282794295858682	6.117378719889658	
13.427597615621856	6.193556365370133	
16.631113879263495	7.003638259698427	
15.664823646267243	6.507732806084406	
17.062930458405056	5.71452202788527	
17.485723217733813	7.089566295978446	
11.272166031351828	4.854507819284847	
12.00782357974324	5.042510431649184	
17.997697067394288	5.16185634484142	
15.675156246227562	8.37723624094667	
14.337974624594823	7.535795887656569	
16.855474092630313	4.750685100664718	
14.577560974549437	4.244644013213911	
13.183040849915157	6.0391249580226996	
18.07042828753726	7.484244502705165	
18.972903652765904	7.039069616311522	
18.03700655843775	4.855859208203183	
13.511322681703486	4.059406643008654	
16.16164316662799	6.461604608251792	
19.098582525186803	7.573281929555811	
13.50770803679597	5.262241056272055	
15.309795587637437	4.81302087231701	
14.467011811420562	8.9420942880731	
13.98766907905729	4.408029258712619	
14.270635866177024	6.131059352838511	
12.112843150580048	4.711837175338345	
11.44153249370863	5.7790067683279105	
16.55000172613085	4.593815069880832	
15.879183198225878	4.922190992487339	
14.071595031868375	4.380209087208896	
14.122194875464299	5.440845582260424	
14.344153527757786	5.245697214648719	
15.987964231956385	5.493100586234093	
18.67909857548542	7.032427962195196	
15.518174994498512	6.206093285416844	
15.756030293995433	4.54174438616035	
14.91014383773702	3.9517113175896554	
13.338512694105539	7.546690736248121	
15.868779203886932	5.931057619267055	
16.69267612739562	5.337162504622951	
12.986126100528718	5.557316718003279	
14.549491546931776	4.607875435815999	
13.551940702061962	6.471118638372705	
16.414466615988886	5.85720745388461	
13.121728054673056	7.0689217550333145	
14.415745685362817	5.790519624299101	
16.47236800585422	6.505471635003918	
15.557032785755348	7.593702191620203	
14.779270438156418	4.850075010336919	
13.97019163969306	7.832861864441293	
15.341981478845717	6.427292365298094	
14.262589593427222	7.253389415653662	
15.209285753423895	7.965370311305495	
14.42940256785954	4.892040502416487	
13.053991621139247	4.7555765680424305	
12.462680325021525	4.445573260144649	
21.08063352023252	3.6170761591409386	
17.507175484122317	7.37682207469598	
15.903562472309996	4.491059609084117	
21.04584379164033	6.038748919484875	
19.597616388494586	5.24548505662619	
14.422090420449095	8.639780571220856	
14.097229120316985	5.63811393567678	
13.5894602468856	5.940038977487602	
17.71530093211745	4.783779472730148	
13.442717234813841	7.08589425052286	
14.729493440539976	4.360651987340473	
15.354664235863165	5.617559626157475	
16.454042286086175	7.037616615651191	
15.645119072103205	7.038622841782168	
14.649159447434918	5.125816900680791	
14.3152009643013	5.416898099324857	
15.362698385231527	8.788967000660035	
14.15964292308035	7.554134609112857	
13.865226691044827	4.672923888395221	
13.42396884579016	4.9234942974881575	
13.297856523498599	6.895423205902109	
19.086141706283044	6.30019856608273	
16.185605847480243	5.902260199396677	
15.902764676003004	6.422930240808177	
16.999533613455593	5.884898640287633	
15.853718790553526	4.456501970637758	
17.165866546389363	7.096955749990658	
16.506007658963245	7.730940227774718	
15.671226374955573	6.14592674910834	
16.152666036570327	6.313702626857732	
18.127979772509445	9.540051244545358	
14.831430532171987	6.835128092658957	
16.7584780112909	5.0044623939186	
12.991979220664863	5.2668465410268634	
17.975314672378467	4.769025482797331	
12.628807943644235	4.655632126466913	
17.79266788062264	3.9058724765006216	
12.661297937023289	4.5584067251177505	
16.06700070842015	6.286842149741443	
11.449232752842875	9.816117787921351	
15.858975201496323	6.400573441197236	
16.30782960174662	4.80297338991823	
12.981719429042293	4.457968045324655	
16.95639272717808	6.7707729112652135	
13.86749870853714	3.9601885507459142	
16.584761637026634	5.075607922442946	
14.27861260361236	8.459771713338203	
18.403842226326805	6.966909585932731	
16.343465034860092	6.783690348906342	
18.44753625961956	3.646133057122999	
17.092859907473425	6.987762343255123	
13.276673150319839	4.538552187965661	
12.361113367353383	3.796506215444966	
18.2439030327435	4.549733074833827	
15.266088347682825	7.5032110220277755	
16.0065466343721	3.664132368463455	
14.34280464087507	4.248275846246556	
15.358368690216674	5.539133323336577	
12.569764057022967	5.823220458183835	
15.101575173307618	6.007619732186667	
14.382756975425496	5.440597970186052	
15.340016382907598	5.860046462042688	
15.371037649427095	5.0115209433840935	
16.002314252041682	5.539048542040553	
18.69517005462688	5.7057560227503945	
17.642376965405372	8.121416869087412	
16.2841877432059	9.404123371488586	
17.50502051282513	7.625154909014102	
20.94605496759273	7.206715445777427	
13.90367020915385	6.7844483109458675	
18.79725331947126	2.957815433489916	
14.105904769499697	6.806374351040787	
15.555300104571229	4.483983110745907	
16.858933449471575	3.52040605038166	
17.55571147842224	7.8412208580405425	
15.678193785867832	4.718086891448909	
14.790614760012252	5.916448354133601	
18.562093138978266	5.672020288792919	
15.163445184446164	5.508355003374151	
16.17408785324326	5.53640018193336	
15.401332973170396	5.592326966196428	
14.637188849207794	5.139890208140596	
14.332470754881472	5.131997938491623	
13.341075357521628	6.888977109686672	
15.411081356811247	6.499448171130459	
16.077559517693064	5.809345094348926	
17.593521417092482	6.990797853106753	
15.736557804524693	5.438387413075701	
14.284966406118487	4.690428869066288	
16.110378759087375	7.41387374061462	
16.14867699020232	4.468903967021298	
16.273842947840105	5.964832908810735	
15.589950107266322	4.812163307615871	
15.0272276487818	6.185479095120355	
14.29179338428396	9.414632060013652	
13.745978742172724	4.776089415955152	
14.7783160869364	5.603386049686	
18.946296967564766	11.852800942333024	
13.645381180587217	7.035953063401989	
14.853395866671727	5.672026396590299	
17.592997158125186	4.166059684252171	
14.367706195232214	8.637489096702303	
19.018063301329747	5.431598195044849	
17.23739584759727	4.591791412491593	
14.98212765505739	6.121906996240912	
14.653898340019179	6.441120509896941	
14.459516013295717	4.710221455934781	
13.787548631273888	5.4522446192860645	
12.977775117195767	6.36385038587627	
17.710557982452915	5.6612244406219485	
13.587422030370117	7.159980272530665	
16.452169662613457	3.8465187772281104	
17.004997172365975	4.82769874642469	
17.87200116340471	5.091152478035703	
15.337562080769315	4.859368585371338	
17.53768636889694	4.4185341745592925	
16.57236957020863	6.511350689346104	
16.53086110465528	6.46107450590548	
12.135792713769552	5.993893238857903	
15.63216740865115	4.246409320407699	
15.571626223726781	6.9104300492665045	
18.988988058290293	5.624284426169888	
13.920019720265095	6.77727754764468	
13.45209271530933	5.572763345812961	
17.36277533087726	4.669533543221941	
15.732133668526489	5.15534886176852	
15.823753998294311	5.427904154259002	
15.413403327602541	4.925955105089252	
15.932100314818511	5.036210238865572	
13.459292340716182	4.744469829110956	
12.321452479162796	4.134983929264399	
17.15822699863989	6.707737273294125	
13.417556869399935	11.386761874723671	
14.130531857869071	5.317763115708144	
16.13634044359932	7.306044525612371	
17.83210768239039	7.611487080597359	
18.843354858934926	6.528475469423462	
14.504321130267332	4.821774987037548	
15.680520966653994	5.130211333231599	
14.792566367243102	4.64626660478249	
16.29704837899349	5.141852825204012	
14.053569744550485	6.500369746791	
13.761349519371675	7.9630603695564925	
15.650095662425374	4.766042593776686	
15.62482946918339	7.367468454441446	
18.624045006973024	4.469109437478833	
12.365290870451462	5.543369867799635	
15.516785494329238	5.630866324972313	
14.335769801526558	4.938636912077847	
14.32352894295665	7.048850893738688	
15.108005842686042	5.682303938085381	
16.521710357985974	10.153804324496805	
23.76536221352489	6.535490534216658	
18.24368924037621	5.93777475372003	
17.82630897306878	5.988481751896942	
19.00694800615388	5.042633101947486	
15.913588894608655	6.700640110859694	
14.496385209865336	6.554630489017549	
17.759090421127414	4.620988266940288	
15.569857288231836	5.023185648413253	
18.37186477906605	4.339124402874651	
13.086509590203406	7.114242031608391	
-5.652942203921161	16.59178233735068	
13.874447380372878	6.25705732237456	
14.825175184067984	6.1169880001245795	
12.957624573295723	5.329814157603028	
12.647610448480238	5.593023054197659	
14.46623197365386	5.915187803507063	
16.72293664855352	6.684993537861773	
16.30393340951214	7.4149773087458986	
18.321564001033888	4.542708774770206	
14.614508636089937	6.5167477734543215	
14.510573255155826	4.782621382182091	
14.79055811342526	4.651900142361235	
16.639947073227546	7.531121331201396	
15.657038689491701	6.310914526515685	
13.38886325401837	5.095103014757182	
14.694164269759701	7.317960590900675	
13.370565571804919	5.2332737747974045	
11.702939142787343	4.409690269876422	
10.697807582086218	5.348041433614838	
18.00821314532759	7.557969748012923	
17.10650203062542	5.781756366663132	
12.648497586670493	3.950835604028011	
12.745614576595168	5.272806478613815	
16.872618688414104	6.199348293684625	
12.577591835884135	6.067392406440405	
15.621605951196374	3.0021842603657425	
13.55189130923569	5.946825211027103	
13.141921652176551	8.022015567313526	
14.222173295138568	4.9786233147367795	
13.814016227596179	5.748228879291438	
14.879391270823126	5.128283558679336	
15.906736822017496	4.554281025242586	
14.850052681694313	4.486571212772803	
17.443185541666722	5.434942327585288	
15.275661144964689	7.05656574784276	
14.369187402255584	7.0388281382284585	
15.114961159906715	5.924517476111251	
15.725157284779206	6.052879756796313	
13.037742925276818	6.111717233394451	
13.883223817914185	6.008111007383072	
17.53430459690385	7.279463748390861	
17.322190671434928	5.623195918347414	
12.721159338057278	7.942692589319188	
16.833714174708245	6.5809378163639805	
15.401098675487264	4.5389324064784216	
14.471266283048111	6.241690919759027	
16.551004517073352	10.519420228081655	
15.930991439290086	5.3952135345199705	
18.806709295505847	6.523978462643621	
17.15990670639672	5.1616700917559575	
17.212193262241218	7.6149137344584705	
16.093489476274087	6.108263099797933	
16.556479067890354	4.23447950153913	
14.305558878176942	9.076703993752501	
15.617061242482581	7.637298583839029	
16.462050922031754	5.411435196399558	
12.9029428971721	5.799293713232565	
15.851515052249926	5.18100348111184	
13.844412313727913	5.898420627663488	
15.653780535378095	5.297594812109734	
15.034216621129087	4.235462068142038	
15.778534348902923	6.579542270322343	
17.257974316509994	7.686269474536101	
16.018163593661136	8.820131069905967	
18.968060495474944	2.471414050468881	
18.691763692490145	12.275975223782847	
15.387234219273433	4.468554958352457	
15.750905325169375	4.6651881004938245	
13.604393212057673	6.017217652744076	
18.398829283322684	7.871135041495683	
14.597634302896273	6.245129873529224	
12.682667345543946	6.280141103099133	
11.921057285675586	5.090049553797608	
14.964940521820994	5.764183056347353	
16.571537860545185	8.192554536326169	
16.169428667712918	10.91189596587617	
13.02646915133637	7.2739289451626865	
14.664775474629808	5.604901762954211	
15.35370636322743	9.407105438647271	
15.33009747279946	6.793687761541344	
13.56505842831548	5.77561247238268	
20.231273148977852	5.589238830603896	
15.745258369961697	6.643505332156272	
17.978208202122335	4.626102982915314	
13.497901550005066	4.366547276412142	
12.698387500487836	6.427997657739316	
17.53135503828867	6.806519650126918	
15.391950994670704	5.396714067189219	
13.196898785831113	6.0335298607650705	
15.598351564845101	4.979283379560166	
18.600302630652305	4.969767520981303	
14.717450775262495	5.903635425603563	
12.441566945341318	4.066146730635115	
13.440387655334467	5.503661207045658	
18.728292581659456	4.8241487057835695	
15.802245446408243	5.605193330620159	
17.140727319488903	6.97594225854926	
16.52170862750923	7.274913479400921	
13.311063255012165	4.65510811006171	
14.326892460607548	6.298037418557022	
12.528836509562884	4.458032903539936	
15.119907565359465	4.438274761581767	
15.584164807928481	7.881852799421379	
13.927028354729018	8.77557314571144	
16.31062299554237	6.268053108183072	
12.385330548901182	4.066088139454097	
18.244689556683543	6.793824562740541	
15.330735172690549	7.074376033493376	
15.449584336600537	5.8199079779563565	
18.00098015073637	5.6746511636257395	
15.603069274588478	7.488958237985493	
15.793600818946066	5.957423435283999	
12.951460164561588	6.88681726523816	
14.654917032064144	6.125490035442074	
12.612129349389361	4.3858863322582256	
13.370670232982107	5.892883791271675	
15.259323543733192	8.071653658995883	
16.23914350062816	6.799480564941222	
17.527023908697906	3.9147229881860213	
15.197006186460872	5.4431565862082545	
17.716828446125124	4.453348105757989	
12.562904035434574	5.274325411029426	
18.44203761902722	8.316081720713083	
17.185832019803954	3.2481722354178486	
15.32496886446695	4.688682008149286	
14.868625029124416	4.6830568312795755	
15.02584260978104	6.36247740797244	
12.92987671007575	4.87160792437884	
13.910352160419501	6.86129416086235	
14.199775659308248	6.013961797005706	
16.18357396777032	8.110082384538275	
11.708156404738785	5.837583688132566	
14.919191551313757	4.406727473280231	
16.473137351071337	6.276905379931166	
17.430681044602117	7.017047603406227	
13.87515210781896	5.206210119905573	
21.027052759394792	4.169280426584787	
12.73146341944873	6.835982004517769	
20.720997332316866	7.22403240101186	
21.620253741200784	5.52176562783545	
15.726550654583333	5.731724115501736	
20.299853728134725	6.872920171480272	
16.76180185213462	7.599741525525521	
16.648455217844415	7.511497027434904	
17.70954671519731	5.634651281136714	
14.086844243565075	4.410472478424221	
17.794981477135703	5.919641193653735	
12.4514582125594	5.289804090860787	
14.384567579576448	5.135091707853509	
17.414104874607606	6.006278128501972	
14.532733558954916	7.570823363900972	
17.3974220771621	4.386855463958089	
14.871308437858838	3.838516937059244	
16.33042193197895	5.0376362899053815	
13.930522969381222	4.568641278238372	
16.10777421118115	6.533599305248932	
13.157146765580661	5.142677715356732	
13.480441235246229	5.083682900819679	
14.173423018910885	5.05343007229059	
16.214003804289298	7.9644756902041065	
14.124955786602577	7.338572410778373	
17.877566365299753	4.551465067309669	
15.870403412989239	4.726585879361582	
14.551961010370363	5.399003001319376	
16.226166426712826	3.2672950428321546	
15.558290228778844	4.952985677430962	
14.70085758893607	7.197446384629686	
15.332086017984249	4.246085857722654	
15.589340052007794	5.3192763864122945	
14.318242099972752	5.405207614037005	
15.038383092436714	5.929632041499942	
16.80639947793961	6.594253508420561	
15.139892090199915	5.473927133456904	
16.627676114763773	4.984722750809805	
19.9573012262456	5.9066510138607	
13.291160695824516	5.846107210453124	
16.383239908082345	5.96514248041845	
13.77306826330659	6.7611174878039595	
18.406885913741775	5.38958486814952	
15.509329080088776	6.649419551653289	
