4926.855660850096	2687.2748764452513	
2622.7048304184113	1888.498551826226	
2897.939605549872	2591.9115567001486	
4108.777659415182	2321.370011092895	
3163.434511228922	2522.1854087921765	
3371.5463767496194	2114.3960547949955	
3079.0912222289385	1746.5981057392084	
5225.784614902618	5026.330557858439	
3621.09779645861	3252.6138599523665	
2847.8473918632617	2136.5797667720494	
3291.560190688022	2344.859090285853	
2732.860041650022	1924.709062170325	
2872.245803404721	1717.6129375502558	
2932.4017573890774	1866.73123428447	
3003.1030249832343	2248.899695346969	
5447.173766751116	4058.5121248523624	
3229.499877795713	2808.626009279534	
2886.73873103092	1920.296395424097	
3445.6188277124675	3352.6573786617746	
2781.195940970434	2009.369387659964	
3009.4642902343817	1676.176247836216	
2279.0950718404224	1638.3240696153073	
2280.2053648181786	1559.4390709761192	
3492.8687142805293	2659.6102557597987	
3370.3972388215843	2067.1721063446043	
3560.3081241132127	2345.158905850522	
3280.9096545803786	2313.0103482126483	
2801.8850822820586	2282.3643458914066	
2559.0262465414867	2041.0549748452904	
3136.129429154387	2016.8334785862985	
4348.888433655063	4699.388991487018	
2812.6246428423583	1965.5698615930219	
4777.542725355392	3739.5827511356874	
2571.423918038042	1755.9804791817196	
3669.471550758939	3101.216370166822	
3328.6078684536055	2161.2024496430495	
3222.7754134745355	2646.8535702318113	
2728.527038372114	2077.085371738349	
2752.3389021518383	1960.7899421261184	
2914.5221502059426	1939.1999438317382	
3659.2216705724823	2823.6441565633413	
2737.0314963178303	2082.837924844712	
2806.4191102439586	1848.9552173655668	
3980.3148927268567	2585.058428699399	
2437.7674919597025	1269.1166981873125	
2368.101421910353	1780.6574092659325	
3631.2415163647347	2806.1222721659715	
3549.2763038715516	3062.415654099844	
2722.543876870891	2193.2537291451695	
3918.011697636784	3148.354652188739	
2979.112235278694	2480.7547904871053	
3435.713076381159	2370.673164478199	
2952.516497756054	1961.7356856583997	
2309.057723618181	1633.924535622728	
2957.697627750368	1640.9194818680028	
3833.44150957401	2790.5839860803553	
3430.856957341953	3478.0582060607453	
2508.0705889252204	1670.5650899910124	
4448.006331269284	2228.2517000156568	
3005.976297584421	1838.7868723865404	
4421.810883788137	3465.0477861738004	
2601.2511976628994	2076.345013416216	
2387.002130197669	1915.560945207698	
3529.29309262698	3880.586792290628	
2848.8965130996357	3804.4367319102	
3126.745377203107	2280.925511241111	
2997.0515912428277	1448.26803320908	
2823.62070218632	1664.1561574983516	
3610.9208258226945	2356.2736844406995	
2742.084823210168	1918.6349326180646	
3777.8636273346174	2408.354846413384	
2737.323507868362	1751.1460457853073	
3720.7457925550434	2703.6214248954566	
3230.4301047096037	1785.5408332129232	
3287.6430744577747	2432.770075133035	
2699.002295327366	1958.5254034357556	
3059.2640410056174	2962.318641188518	
3512.818262054173	2502.0013828432725	
2977.781146499989	1934.0464606555156	
2798.1966047578694	1959.80207385114	
2485.3393925538157	2042.8255861213597	
3659.1683124645174	3093.1895018847113	
3765.1791740937456	3012.113409603071	
2495.607744019972	2032.667228521201	
3430.059712508882	2079.358116362818	
3309.302016085176	2772.9615867170323	
3840.264584917719	2416.06933011914	
2607.0224457791855	1877.7731404357553	
3710.389210898397	4093.270084958956	
3120.5499833724816	2587.3243545733208	
2868.926804097869	1985.7504905440949	
2754.3206775986473	1253.6949997813813	
3707.648214452688	2525.018702814838	
3047.192825534416	2214.8843364740537	
2793.4225155534928	1519.5873405872776	
3811.1707861809477	1400.1246547814815	
2660.991142211161	1552.937882730169	
3126.6925104417874	2180.4972283208144	
3612.0401475982567	2722.7290511039664	
2320.9774071344905	1443.506052790847	
3944.8400263689127	2674.573076401265	
2733.1915300526693	2084.623994556865	
5043.719725798221	4569.92730704956	
3295.909962748225	3037.0188532135408	
3079.808391437236	2160.1400004215734	
3176.7858608197807	1494.9742952189708	
2906.821217928696	2073.769569479405	
3417.478780762899	3076.4223568306184	
2580.4048969883765	1848.0657340015684	
3024.97531003396	2178.3923975855414	
2431.32195888841	715.3842610974829	
4130.037771531184	4990.037186276519	
5710.910177820563	4518.597976994031	
3699.4778611235156	3926.4407769475365	
4338.1598117355725	4946.987376957522	
2616.4095781207325	3315.967994065144	
2980.3055328672826	2467.2195637189843	
3957.7445683159817	3251.9536181526078	
2523.4890545644653	2133.341099474886	
4308.487936355049	3501.903531321507	
3276.013827732489	2821.0904848648847	
3669.1586212002667	2413.1569776352653	
3208.4013075745574	2269.3197569161034	
3884.729848801246	4037.6028523599953	
3310.5056781170647	2657.2656485690404	
3773.5008212909715	2430.9821036721187	
3555.1623103472803	1716.5824645164148	
4392.353909230931	2516.0727049213674	
2582.640973076667	1762.30438559836	
3729.6180063392494	4213.013133650804	
3468.1465195891774	3096.1827613979785	
2823.884043361453	2181.1784516056705	
3596.5464080940096	2686.1815491634225	
2714.844741170686	1929.6094829347428	
2764.7428536728803	1957.3464344905321	
2381.4758813396083	1670.881309882021	
2347.507245293634	961.708196096054	
4753.2267384726365	3358.564710754662	
3391.190517431872	2364.9112820178643	
4214.780123232773	3014.092409236494	
1913.9921000219167	1497.6784972237774	
2666.6256435433957	2066.184869862956	
3019.8655193581135	1675.7402134056554	
2589.539381430847	2139.3503673059695	
3433.716097719508	2537.852576859196	
2084.183973734881	1492.6789164565723	
3193.182189122043	1868.6544021392074	
3549.163931559	3502.2506034670814	
2616.973557755489	1559.7401901635526	
3040.580971916547	2807.2591887933386	
2468.8139561085636	1747.9701705827026	
2723.8259583312847	2077.5630385217323	
3725.5789125223578	3082.707399067749	
3096.913056240888	2179.13383407254	
3002.2455390059795	2743.1628429855045	
3029.4343484095825	2189.6870631561487	
2461.9290678812076	1797.2978625756077	
3155.1859115942484	2874.7536325670153	
3086.881042449514	2591.3087518954476	
2679.8918925222083	1339.7024400197897	
3650.8124433307617	3045.5485214769674	
4382.900306231636	4820.192015594434	
2728.175207093695	1983.3530512587583	
2877.1795732407077	1782.956133260821	
5065.881717174834	2451.1262788069967	
5278.599979558723	3696.2722390689873	
2829.3794112191035	1751.8309732878972	
2742.0601620233747	1991.19264722614	
3734.156460018467	3809.729081398278	
3114.568498773246	2418.62466247685	
3495.4544419817994	2737.5719124921916	
3763.5042062447783	2284.0684325555367	
4600.705345991643	3829.9274886660914	
3124.297940134924	2140.3273771313525	
3009.6243213348816	2255.379480722538	
2530.7180812168986	1996.6353244250663	
3756.8976968704214	1775.9843410399046	
2783.418230843763	1566.3577615400616	
2712.3906514231826	1494.890687511094	
2878.777724935323	2744.5814149754633	
4346.12750646912	3532.7799880266784	
4350.506275412867	4586.8540383057725	
3298.127442850741	2269.8577112145585	
4153.293398253699	3602.3288137859663	
2819.2095845500116	1416.7603517356426	
3404.5720947636205	2407.4576748153822	
3303.7029866291605	2411.836984716296	
2692.21904123968	2033.034256322086	
2405.609311109269	1865.1218158598851	
2747.799908778645	2178.160438780795	
3180.903507845584	2974.04980100034	
2662.1339584476486	1280.209813137954	
2095.8709060654655	1750.094735793707	
2769.2378967461173	1879.7085657553243	
2827.7972328583323	2231.7074208927775	
2675.0876894896896	1985.2092506218237	
2336.3464182455064	1628.924798752229	
2901.3878661475583	781.9301949422485	
2858.1575787642337	2028.6850832680077	
3755.2860257942216	2215.9040242082915	
2921.8124747517686	2186.280304671167	
3807.239755946024	2873.4267489503827	
4701.793135914809	4762.7462873175655	
2996.4576329568345	1720.8270835723883	
4776.775564912642	2684.858341834697	
2932.9306506174476	1887.1702377420415	
2922.4784687979877	2172.6152498257543	
4054.76778634248	2932.0553594606868	
3226.9947398305994	2296.709033564123	
2675.9449622410466	1622.113283321786	
2644.11897439652	2276.712213090927	
3177.904076977912	1930.7864319866774	
2335.417887303751	2042.8719271985556	
2398.052282161229	923.9676237107435	
2717.824929715372	1424.7713025624082	
2701.859321955547	1348.762782611764	
3639.8142145780766	2925.114719561351	
3874.4699851164623	2975.8515233181643	
2551.6899316991307	2464.1354950226087	
2384.4174686877336	1432.2241847485027	
2743.710444390725	1737.0441191868765	
3801.8729944147362	3212.916174552459	
2520.668045816911	2169.68399311188	
3121.0479362071974	2020.0487345183863	
2386.539455156572	646.3401329694341	
2459.628911682322	1273.8530454883864	
2471.6615502384807	1847.4778401463918	
2258.657802453228	1505.2283765688708	
3952.7138767286333	3424.57771836795	
2449.122794736067	1312.967379485468	
1888.5598793384963	1147.7267239905652	
2596.633023099273	1592.9800587110603	
2535.8665573744443	1543.1321732116535	
3577.740948307378	3558.4867922297644	
2621.356411010253	1337.7501515341662	
3211.17085004808	2572.0524606624494	
2945.99299877755	2661.367211953057	
2448.963490355897	1815.548677422809	
4946.797929629636	1977.6226069653458	
2851.2935326627694	1555.4219836487712	
2516.173307527527	1609.739810628273	
2775.090318006103	1737.4167129428595	
3548.1167182956638	2818.047593911504	
3712.0984021089216	2621.75156097635	
3757.1702859722577	2531.7543210417143	
3819.7152280669643	3005.4681212022797	
2902.623480888269	2170.8674613770977	
2614.5558162050042	1899.5551440864458	
3081.6669181754232	2450.9767940125644	
3388.916822231771	2220.179237112337	
2651.7273035557596	1837.8310145575267	
2514.948258884412	1850.0516561210873	
2131.163031244453	2088.3405531596795	
3395.554028168396	2673.573002930642	
2408.5335634339885	1642.9510020719924	
2421.495579561474	1673.6503223522748	
5846.544674990513	5208.0979897715515	
2389.566396317496	1592.0550189139587	
3184.0764587618823	2244.0790094247322	
2453.6321575829274	1439.430908333197	
5040.425197250373	3494.631219632016	
3377.7651813054113	2751.8653370991838	
3265.48397626197	1911.969259602347	
3069.616741153074	2177.3009584013116	
2656.430269614404	2475.1978700059035	
3927.652216194565	3600.2868459540327	
3776.2793109065674	2779.3646586619234	
2360.0694873120483	1353.625966960189	
2630.860996042959	2005.4832615331093	
3143.0592552687117	1778.5428738970472	
3485.6351660854	3699.847336281625	
2590.4242070376254	1579.7085564518984	
3178.9233472390497	3212.696765093461	
3009.8143958370306	2071.35473175961	
2552.8124979933436	1736.380904484017	
3733.4515612108084	3026.8656831791936	
4333.6158346790235	1014.641569925441	
3080.2078720484737	1708.7907999316128	
2955.7445212096623	2103.1690165601644	
3482.548828640929	1731.703930007148	
3085.6252554156426	2447.167851156251	
2702.8087018128126	2340.8960234436854	
3029.060919586057	1747.7684962640922	
2973.921140738109	2223.9862559260237	
2726.0400795127757	1685.6072912673649	
2680.5391177033744	1903.3922939474687	
2526.8679065520128	1545.5350342137183	
3496.1113767581023	2496.325679358091	
2478.820511965332	1499.2956226332685	
3385.5195901698085	2555.147836849282	
2960.8767487855407	2373.9996738455407	
2904.4846347117027	2441.0476583382692	
2668.8922641362306	1671.1618058044894	
4149.64057852666	1830.6272731719612	
2529.0753640061876	1959.4490868304676	
2682.545317272937	2197.9492559109867	
3713.1967657226187	3451.792750128982	
3180.8700664130984	2306.722768202763	
3961.7548059456794	8523.068149113653	
3074.1283116621917	2829.845327785227	
6300.405165662576	5562.514572656229	
4349.345083807251	2221.610649084519	
3275.9481994932316	2228.496726092178	
2429.51602240348	1776.1410808962526	
2556.5810533849835	1759.1547446651743	
3230.7294436687607	1887.3362751609704	
3521.0898960266645	2890.3008986420527	
3098.0586261187973	1969.5358008513742	
2547.275762208318	1717.5864911978058	
2856.744236639257	983.5700880555296	
3501.90636123292	2431.6711025033487	
2592.398493698479	2028.8351278782714	
3882.8141962832583	2433.9759253937104	
2990.656398320076	1806.6901822318332	
4106.129291640687	3359.3361490313155	
3340.166486318918	2054.0442503889667	
2659.9852626443617	1587.6511421533978	
3585.7738981287625	2597.012530741249	
3395.749396139833	2612.1337977043304	
3063.08283032625	2873.1248474490485	
3172.7133940497847	2593.5580015315563	
3393.3366417124926	2431.8717186491003	
3895.021172235171	3730.7123060643394	
3293.6551436082104	2003.0971750823082	
3396.795333695493	2275.7279460937807	
4186.829952982508	3135.602151089417	
4254.975862914503	3620.9944989919554	
2899.56311290703	2172.7639867898956	
3532.4946505215744	3307.536222431621	
2366.348677266328	1202.4893830242875	
3471.729781215986	2721.9257035363034	
1717.678700378056	1039.4004404047162	
2766.3974392968967	2865.9316613363676	
3010.0557206537756	1326.8867202964016	
3563.171147325017	3092.6364221940926	
3358.933000346078	2780.587271278379	
3512.738139345687	2839.9150498440085	
3436.367775380136	2270.9180648312577	
3693.2189113653276	2633.121046538058	
3058.4381309295677	2523.0665437870935	
4132.700394065123	2402.324620412006	
2969.1294319175913	2103.4851709339537	
2994.79840525826	2083.7810666208516	
2566.9895569291757	2381.4782766015874	
3449.1401725369615	3063.461737937534	
2893.320872894338	2363.6031804838312	
3215.7087498708856	2572.037252473964	
3930.045656737207	3123.9218970113493	
2961.5265280045737	1807.5511012719944	
4691.884324339029	3858.5456226073197	
3819.2526955307735	3959.9653685645353	
3524.3147991588476	3320.3213954463686	
2818.6355953267534	1922.4717532574912	
3383.2621377713076	1959.8509965801727	
3405.8894933287797	2454.9219772974193	
3338.651209135542	2221.011611168248	
2601.105275705922	1792.432772006036	
3248.813329291337	1990.0715327435637	
4352.464181023712	2622.4688680610575	
3341.1485187871303	1950.0679388153408	
2843.8234299534147	1084.7762760239732	
4964.999871790777	4737.338066113147	
3411.884567223641	2289.865340720545	
2678.088490525212	1633.741825280982	
2643.4050548410287	1353.4391634592178	
3506.5166629141963	2851.168794105996	
2952.5898026161058	2029.0023838094812	
3660.922212506765	1862.21318043203	
4222.857987701767	2972.95829892531	
2747.584900329377	1618.64728650122	
3065.1204544886045	1181.7426851509588	
3175.5806701313745	2230.3776460307367	
3626.865177271545	2264.8282655897656	
2610.375268274168	1368.3647136379998	
4540.820670482166	5591.259364606439	
2180.0278173268757	1444.2523006648867	
5223.8017123048785	4240.876973289733	
4296.205771296186	4241.114302193029	
2535.5156205997055	1408.8032746106942	
2587.6795970416156	2197.5487419813753	
3625.0373213652433	2885.8968457708615	
3474.23734458453	2769.2693002543774	
2853.7438974516967	1674.089627468561	
3294.3890488257766	1738.1198883780414	
3201.987224870961	2195.1913307625923	
3126.4593414510146	2082.170420320524	
2863.1759305524038	2309.6068830542863	
3429.2120944592016	3016.2923367422272	
3918.6507035444843	2938.4331444578825	
3383.5759490368146	1788.843456175206	
3668.0215277563807	3315.0037665735713	
2829.6178380119195	2366.015773298214	
3760.4130334678266	3024.3815167063176	
3708.599699015482	2903.5810279295392	
2536.7257605379777	2011.5497558043244	
3372.3507922884737	2779.3286692547563	
3896.9778470628885	2614.445280490622	
3187.1299337380897	2374.3902688544545	
3020.928619046757	1613.631260687453	
2386.5407190359624	1537.49549382798	
4985.784347257595	7553.351975232172	
3732.737948080504	1512.8201684869462	
4771.632323516744	5909.679208043101	
3073.143042343966	1852.9631261635132	
2716.7436237648053	1758.1608832916363	
2757.861974813071	1973.2780347264802	
3373.9122527729687	1847.7518771476996	
2942.1263280496264	2139.4785637158743	
2904.961234490153	2005.235560588915	
2927.8866194943253	2013.6749366826532	
2899.6759427294564	1852.363001306567	
3074.653950015243	1955.0104116322743	
3857.4968598478786	2353.099901857173	
3461.159320688677	1954.0610326277044	
3008.1917412552843	1941.8908045838054	
4979.426834541392	2864.1398097832885	
3049.6695318683655	2133.5574708024405	
3470.0106748786866	1490.5636799854851	
2840.059175591501	1594.8594356801432	
3437.2375204552504	2284.0993115173465	
3101.4457332821735	3036.3318212560553	
4036.040606310143	3528.2281048058153	
2456.8061101823923	2006.081891143158	
3267.0120716489464	2028.5005710509158	
3521.5587550688692	2636.920597780689	
2761.047038872725	2057.1156004548875	
3111.616442226813	2985.5620749419377	
3621.8082086040613	3357.568739422865	
2807.0612416205986	2222.2426964261863	
3362.4527656728446	4001.588973734198	
2849.608004217761	1596.8074674219213	
2789.7475233735286	2800.244313217147	
2275.230450320204	1944.3338229103529	
2570.5159064105937	2437.8406143659845	
3234.334331627622	2134.6458521319955	
2371.769437724638	2206.0732130183196	
2726.6482654903202	2346.088023172851	
2586.386775609011	1717.155086089349	
4121.114861918755	2896.492830127524	
2692.475094936082	2191.6512509677796	
4397.620541298593	2546.803605656193	
3905.6168486439783	2442.694187108195	
5026.484309561869	3151.7812162980094	
3529.4490525029437	2455.281704418002	
2813.3839318875316	1520.34227526373	
3027.984565424157	2284.213389919704	
2974.0760814765904	2058.1934305329155	
3019.744337620218	1932.0444416237697	
3072.3263405731495	2096.9137136407967	
3000.189868218344	3172.444036784581	
3949.0800343166343	5244.9944781894965	
3527.514322445874	2488.5205904696345	
3068.1403860398773	2256.7113647296605	
2762.094839917652	2296.2874619748395	
3200.4147574174344	2732.341252891153	
3068.350545372419	2369.5623917754456	
4022.091910728585	2412.002880167411	
3228.8482535629887	2183.2376549817445	
4733.988679425425	4248.231543625527	
3172.7199548145413	2325.3859201710084	
3377.8852041579244	2660.400156520591	
4542.710328114806	8229.726342220658	
3516.0028012458943	2383.9878643064503	
3896.8086454447794	2023.7404367433699	
2869.2100916869626	2476.5022006445256	
3476.334911774061	3119.3316638215288	
3002.136394062698	2552.2667953851023	
3541.5052369481605	4172.166185337657	
3528.5645169842333	2570.1932049229335	
4455.54328277545	5193.064339606808	
2647.4064148501993	1966.8140564129721	
3098.583000741425	2272.8174636061826	
2327.25024028693	1574.9035749031523	
2348.357710318886	2195.623037856847	
2294.296774915657	1587.1840522688667	
2938.337498552234	1714.8127700469402	
2720.215231252454	1733.9036469801313	
4174.133081154864	3660.071194310323	
3133.359435360684	2658.2334953524955	
2952.2268565650456	2021.700433259137	
2787.2097676957937	2016.7700843038376	
4319.701878679052	2868.329445381473	
3528.3898097645733	2431.9594686915198	
3047.7125674666167	2164.222991645579	
3113.478154453706	2200.949990841104	
2879.9439410499895	2405.6708203313456	
2609.0132127944303	2245.4077515730846	
2495.281249827982	1818.0475252380413	
3163.3859983358366	2038.5583614332754	
3959.7724923379556	3749.419253266356	
2987.197792012221	2304.719772787979	
3161.5026224120684	2190.7247082816357	
3892.685047218341	7187.100326104503	
2101.40672790183	1099.443246439505	
4098.81404387847	3885.087604161254	
2648.6212069385215	2368.462472744589	
2932.827287452988	2030.7717472112802	
2499.360581374561	1533.342134610932	
2939.383633060139	2060.954682190765	
3978.367984466551	3019.676593208305	
2383.3448471801344	1796.1918052573621	
3455.550433646995	2846.9570213364827	
2760.3845793212286	2613.5888402606843	
2326.8529047716365	1446.6583677738467	
2741.6440926684527	1779.978782758404	
3458.415214102768	2484.013375917563	
3270.114313270415	2766.320569836204	
3162.0929882625032	3159.985420797492	
2569.5852306749257	1604.1771071204666	
2460.8804429204793	1901.2343588194103	
2907.264155632884	1415.3338339219372	
2961.739838885508	2114.3206612477584	
2290.39390919506	1745.2629559627796	
4380.96084212393	4115.323599406181	
5594.171912024751	8359.640840009515	
2969.7272778935835	1781.4059067086764	
2636.8328340088015	1804.7706323714451	
3629.222388473715	4074.245892260276	
2643.168028832735	2106.2629316267407	
4237.1174118454865	3737.3421964565305	
3203.0268963682124	2597.9149927561734	
2819.9003883006035	2184.93639424957	
3666.554677946833	2795.984995789121	
2568.253394766822	1809.2557491847576	
4061.874236351864	2942.1902504376917	
4349.6759675296325	4906.175929841139	
3388.010985763634	2071.2160192315837	
3518.352292860169	1799.579623702222	
3486.1351442108835	3368.046135208401	
2867.328115627456	2323.101819029553	
3986.0288828196108	2565.419819906407	
2818.9769700570523	2680.27982098906	
3297.977442018719	2695.8688468482233	
3558.8076184726788	2270.232209628545	
4021.025223766213	3696.0812478922257	
2866.6697009881063	1689.4474416051194	
4242.273503243944	3831.5830993202953	
6343.043246866542	4685.929567064523	
2926.6950883909817	1678.323370926264	
3626.344265483026	2501.4623016278238	
2762.406107732938	1943.4820372844576	
4401.527371562958	4128.184847985563	
2521.5485531297077	1809.1341795910655	
2961.458775120608	2017.195015308309	
4293.806936879277	3653.7348322217977	
2617.5176500601488	2305.847284956258	
4228.939626797533	3249.0970652299043	
2881.3695669545086	2624.763176878279	
3697.1381374468206	2298.896592575797	
2519.725857460658	2089.6965151334675	
3702.9628254454205	2881.5778255090777	
2621.9548210395383	2075.9253824653356	
2814.837103442768	1905.3021487519368	
3677.1356404216795	1591.4879361972455	
3168.391596604206	2842.672879299479	
2951.0198103485463	2143.585176658078	
4160.2845817668795	3120.2348275509703	
3127.3288524407785	2436.451916802061	
2789.9421180302065	1651.6053046529032	
3420.5819232816943	2648.5502684678904	
3574.801863941048	2453.3040699669195	
2840.194493298838	1392.3136969618565	
3182.0036444336747	2799.8728850257044	
3497.7173214419145	2751.8863622479503	
3017.6737417879044	1975.9961082384905	
2581.789072269881	1848.0976525489682	
2761.7650251535892	1276.4879529796501	
2693.905263138244	2018.2439783462266	
4200.457517763628	5959.094776324058	
3286.941076478577	2158.250600652002	
4193.104482794801	2708.7425419770743	
2555.1939862969325	1846.519692127765	
3396.3287021972974	1618.8015909494611	
3127.4786186563233	1598.5702112693725	
2775.7257005982347	1320.7743303530406	
4092.8848391227793	4526.934906254639	
3149.108253814434	3104.9819868387	
3081.8693131151676	2197.6228395279136	
3890.109113682338	2562.459070296745	
2950.987036940702	2613.089751388666	
2676.7158636111585	2338.3375023355047	
4652.686291489999	3679.0834194481595	
2926.687149642068	2904.6490303004325	
3939.748744247323	3421.4249714706943	
3416.03712560947	2774.212371262778	
2967.0118208798262	2168.5032541645483	
3528.345769118103	2758.2155453547216	
3918.713497820347	2574.296147178379	
2921.525277570622	1859.247938492989	
2837.713219822198	1336.402311359817	
3815.712741551585	3037.378127256425	
2549.657727216428	1858.988569786823	
2251.5311691504576	1466.962371749125	
1967.8695711188236	1406.0340695585485	
3810.649918401369	2281.9674048966353	
3509.495231498267	2344.32643534988	
3398.756173692557	2192.932206086816	
3164.1433548877	2993.1361063281015	
3665.8504776091613	3324.1838681159393	
3352.238050294111	2731.565073754204	
4074.85001416927	5440.624483316107	
3393.6508563237708	2878.8382308135338	
2864.618667242308	2307.828746748458	
3164.844841771493	2284.2091141067976	
3229.1200610978417	1695.458656717097	
2944.302674817311	1763.187010917149	
2547.9433089642266	1808.2639302869134	
3083.53793756197	2090.2514932718204	
3621.138953787068	2305.4404930032006	
3976.8330734528813	2718.4274903255605	
2650.217716451544	2523.011939595971	
3096.51241191222	1798.4413408388075	
3642.3395461648192	2253.701435382838	
3753.1819709295473	2238.394437171477	
4578.480804210135	3141.305054054224	
2934.371297208973	2224.127374116581	
3420.995960998206	2919.9235698516227	
3587.195055534243	3184.93729314207	
3540.355642526441	2864.6074865454325	
3849.920169118291	3682.291814708453	
3156.440483162707	1823.3634654477266	
3518.8678739818033	2773.6362272201886	
3971.3015060116627	2880.5500014182617	
3884.05874809503	3064.9441547144615	
2682.432920946556	2200.520684789789	
2464.2581477426743	1728.5916971339968	
3239.9989188995282	4336.663080727413	
2794.6235812790374	2034.8720046716219	
4786.158747797259	4147.585313488119	
2927.2439044723383	1482.2001674760913	
2562.6211784568545	1716.7981868364739	
2860.4432500963276	1605.3413271413322	
3404.7370659116573	2089.6825392962714	
3186.3662711054885	3484.454293881582	
2577.103719013109	1592.1670834485958	
2434.2612464186186	1687.83425821628	
2661.4931798003495	2008.517074006347	
3152.298008555642	2112.2827798343956	
3039.107466912539	2791.190660117057	
2511.3785251622694	1632.0741274512418	
2347.039935289067	1537.8081010293918	
3681.3722670719453	4539.462597877417	
2872.1658438754102	1973.0106817913565	
2583.0889199627754	1960.8578548474395	
3055.526532324307	1849.7297606772945	
3489.6258226042287	2675.948427097529	
4286.306116207797	1715.0358438579508	
3161.990066866573	2371.3215373278604	
3978.9209117107866	3348.790275920243	
2553.328994292392	2166.078953204455	
2824.778466683678	2085.4406344904974	
2643.7515687275722	1707.3969634916134	
2761.38459511235	1957.7846414869348	
3870.262970724229	3168.7322132942854	
2203.956523046265	1538.0097013864713	
3152.3797641436604	2338.0343864997835	
2904.3839656675304	2080.7332794819126	
2655.452141111676	1953.6112448997446	
3726.8755047125937	2813.647727821968	
3030.229787717557	2669.916428949037	
3630.851843753561	1580.160911458229	
2514.599980411496	2018.2380865280154	
2550.869077840747	1821.2919219624223	
3138.895966741824	2451.199813387306	
2500.0604911758674	2050.4197678688806	
3063.120200596821	1991.594605116565	
3093.6084955477063	2104.03173506791	
3527.4586979774604	3021.089624926595	
2777.781694785337	2294.8771161415625	
2979.2027183177997	1528.8426925849815	
3588.59877724277	2722.9438626833576	
2877.8710677472804	2702.6869003816323	
4342.236354114764	2112.531822394054	
4036.306855581395	3535.4383360431207	
2461.231008278442	2914.849179500073	
3642.80284062631	3489.1166727368063	
3711.835660305051	3528.011488307355	
3453.4185880238106	2683.660027104935	
3728.0189270768246	1369.289577308596	
4813.739508664733	4355.284240611386	
4199.511165113739	2524.3809018385205	
2582.666504903512	2483.935514273702	
2577.1349647788534	1930.2429326560614	
2985.956035698367	2294.272236540273	
2777.0988034496186	2181.3692486836417	
2796.1622722405023	1995.3891688918347	
3440.7083457833264	2750.446552529416	
3882.615588675369	1903.7632931742169	
2971.3793736045463	2461.6957490414325	
3224.611968416821	2771.731573353116	
3920.618033991822	3188.344573658811	
2489.006366780115	1412.8440263931457	
2436.2536047651984	1354.5982707800317	
6188.17705297647	4613.133720734204	
5104.62265137068	3560.990381344135	
2632.318367521307	1633.7792748181182	
2661.4419396551507	2479.902761247191	
2679.061417736032	1879.1071916630624	
4122.440473881648	3132.280817940863	
3925.5318981900355	3034.4800066450475	
3455.0987854189775	2541.184968731764	
2974.390734727589	2369.520699528861	
2891.826639831204	1809.7682750521449	
4268.498873366247	4015.1240740746	
2438.8769454652734	2203.685337554245	
2654.307277648016	1550.8665446584266	
1761.8444998621214	1266.046607427237	
2627.0784749033082	1500.257388288279	
2066.9849139917796	1380.467128065866	
2074.6224903220414	1822.0893857560955	
2222.973987360517	1402.1201699386188	
3172.5711157132127	2959.433529091358	
3844.0554085903714	2388.4497748902713	
3885.106725985301	3676.8112789575157	
3307.0551739915713	2047.0646493861118	
3549.388590557888	2801.3090792835364	
2773.6795646374776	1415.3364577082828	
2423.7888841758686	1963.671194341755	
2889.977318190189	1727.3258426531893	
3534.1344673768012	2209.4410443475144	
3026.693135858336	1674.4874853894296	
3001.5849279853087	2213.4555737569226	
2496.9519985525126	1812.9325051141816	
2359.939978285759	3049.905095169478	
3579.2105464216493	5981.928732610372	
2609.4839123800393	2417.071248807901	
3485.4873733004647	2581.914093114883	
3520.1919748085966	2212.574631216613	
2664.119848059038	2326.9422218664863	
3839.096602643443	3558.537042257348	
3278.783563342494	2347.495534390918	
3796.0488712207857	3159.4443276739903	
4123.933788086252	2670.462760059011	
2850.617583661056	1857.5442406881969	
2827.8913234432566	1693.8236082225712	
3165.3987685919487	1892.1276896098793	
2900.5235795692497	1646.1995955720458	
2986.3717134493636	1826.2889482907888	
2931.3483306611643	2467.0502342627974	
2390.637369457484	1651.4963816142608	
2612.210817616889	1763.9142293439197	
2585.1337179659167	2315.5774109098566	
3341.7190550333735	2418.633061684328	
2652.3044983643154	2400.631565590519	
3894.8120516521967	2914.7395446001624	
3407.7496505894514	2368.1176909972082	
3745.7682504949385	2759.153665677759	
3261.5457449427486	2211.7401265998947	
3718.889814953511	2847.943475820392	
3034.4859981419195	4119.338863019822	
2735.6710119468094	2056.587283050582	
2064.5209156456262	1614.3928188887805	
3106.9587012306893	1594.2898814182727	
2189.102797347547	1157.881789373274	
3202.0057862719987	2337.6344840718243	
2268.5076524594783	1208.598366794929	
3021.2822806677186	2415.1896941989867	
3583.6118434998357	2148.479283083829	
2670.4372796974176	1397.6642457584235	
2452.871706370744	1441.342795821455	
2968.5505426505256	1558.8356531753177	
2122.29027217713	1526.2624415004905	
2700.295019613966	1797.5170336327044	
2124.5537895135135	1338.5028129103453	
4050.842476996482	4427.077930589273	
3778.4678984190796	2962.6346110669638	
2518.9298462631427	2627.0461278626	
2490.508483670211	2036.5363541410743	
2948.625666902309	1603.7672510782052	
3567.0063260749466	3071.144378098972	
3029.614584629688	1964.9056293534268	
2805.4493265753586	2766.802731800237	
3603.3252937102466	3211.741791933933	
2578.693141991645	1709.2440925503306	
2620.7321279926023	1504.2343456322803	
3027.6914563096225	2050.3316340804613	
3509.266288187389	3277.4565197002594	
3001.101540032229	2524.539541821966	
3985.8251795344077	3464.7412715866176	
2658.050309139395	3264.117317297959	
3185.3811471525305	1664.3560991956506	
3096.8722377045774	2483.3665995478673	
3032.3106727935483	2332.203156558931	
3231.0428452754977	2388.2984122057383	
3403.54697137772	2934.9348368463725	
3349.670726732372	3261.648621342807	
2958.638668970181	2362.6067924546737	
2487.234659218192	1828.2051390640067	
4364.325402145104	3321.7388481485714	
3202.6619246640357	2567.923839412984	
2486.255540359269	1723.9449600091532	
2805.585540142414	1850.2685604583685	
3484.778687074334	1788.2893917006238	
3487.203605687219	3108.2946467139127	
2916.086178120686	2494.9843193705965	
2503.6826456945373	1713.189710301641	
2885.278445597945	2901.678960665662	
3919.049585811485	4607.039712569238	
3223.9159179343483	1680.335628526913	
1987.2046200471113	1457.5685434139252	
3104.8462154235767	2264.4828476251982	
2946.3600243869732	2115.2198117241055	
2628.3902742803966	2098.216492536645	
2745.584484889034	2068.5935177341216	
2940.4072785920944	1573.7312258396562	
2789.43486996357	1952.2242807756977	
2136.6764390156436	1585.479677145258	
2397.9611878163123	1599.1741760670682	
2877.3255051840456	1935.5084658105613	
2895.145498793555	1883.0568129581682	
3473.1841042886554	2676.3664479806093	
2496.10736940975	1937.1007097330566	
3277.7549360546627	2258.1932864371674	
2971.2855817511822	1858.2632644796768	
3193.886840805072	2216.4769507060532	
3173.6371012214026	2918.2299354641245	
3286.862851122618	2750.1402516375892	
3243.314194237792	2709.3602515306907	
3332.0156634260097	2311.130410091988	
3121.902287724143	2691.10314574209	
2583.3630383300942	1922.8444600490272	
2488.6683096550896	1681.5867197602513	
2606.697357351833	2786.5901509881082	
2895.177840545997	2546.484258470488	
2716.3883851489886	2179.8739731196706	
3514.2593287295917	2998.1459923184816	
2811.7517618194124	2274.1306521356055	
3429.6837712026527	2372.764430133547	
3561.0897160901645	2528.92272057807	
3503.1113461653713	1894.5023091768614	
4431.565902955961	3344.825483817814	
3740.2594460765335	3011.0644864658907	
3021.1415691204916	1923.636857776172	
2659.8558227062367	1911.0137952599941	
2896.2932339630424	2205.205089246046	
3044.3540574178733	3528.9279748772815	
2770.0031002380265	2723.184235038268	
2840.563191654116	2106.514745053871	
3893.8145372536083	3923.8980502716263	
2667.9483243646177	2474.6218752465497	
3768.4776971594206	3450.077404183975	
3082.6302234157565	1859.204601533775	
4272.841285201833	2727.843625832689	
3573.7576802684516	4637.785940866825	
3149.1302004819922	2009.6169200683341	
2363.667185158124	7322.775364265906	
2167.500625772263	1495.4263798139987	
3697.917255649828	3867.669473984029	
3779.104968181784	3382.293183857323	
2970.7147501285303	1092.1126879414926	
2716.251860768631	1844.670825413311	
3653.3521811329697	3160.5059113849316	
2790.937704609592	1573.15837204829	
2692.1120733741022	1998.635938708299	
3304.514460733483	2703.5007386718344	
3103.7447238228656	2197.734849091295	
4109.9931932658965	3106.1733634727625	
2629.925668570584	2006.216471231955	
3118.9649867167577	2889.06419669384	
2652.114691838604	1857.0488137782243	
3232.3464743977875	2754.165619450866	
2130.5575112707306	1389.451930832282	
3010.0044065440798	2391.993751122364	
3043.9547611005373	2299.3416400499636	
3279.747902023918	2415.7830145851326	
2174.5336368744847	1666.050780293368	
2717.2171257277582	935.0865554742978	
3891.3740920743876	3712.678564010137	
2532.366926770322	1552.9570360078071	
2814.518695807326	2093.881458828941	
3595.7366768881852	2469.1096800781875	
3164.299283723737	2142.907771544014	
2634.2951802239622	2942.3723978004896	
4056.6353796072594	3410.6303196679	
2810.6542200568524	1768.410998186799	
3286.252588561708	2647.181907784392	
3510.285473849938	2639.1094198123187	
3904.8123269108773	3070.9124803478117	
2899.6282969926287	1649.5649105397263	
2914.738416493331	2032.9603773455515	
3273.8835553340887	2887.9544550554833	
2533.23641556264	1854.0755550503936	
2921.495665100509	2069.880780307127	
3545.0590377538847	4981.386817308145	
3148.7678188102977	2262.2436980265325	
4859.488677340426	4875.486358885948	
2996.7081224639614	2191.7391047559586	
3069.197523049691	2109.578446821451	
2445.1487425039586	1792.5881528356897	
3394.902980572218	2525.5808309519193	
2293.337256970428	1904.381545580754	
2942.5690218450786	1553.0212982139526	
2287.0140318876406	1707.9850888798192	
2660.454672819002	2018.4195849488756	
2765.869920224417	1820.783816709746	
3080.855230720135	2242.372476373887	
4261.458650346727	4109.001628298282	
3800.317704627445	3680.2414054359238	
2199.5846164563027	1714.8061565524208	
3011.4676018015343	3200.6974886606	
2845.4797904747206	1882.3074499552108	
3898.7990362558035	3316.8563085475894	
3196.10388912965	2262.791074744013	
3236.460596329935	2107.319576605859	
4220.010798280931	4937.781412576887	
3308.8022252395594	1111.9917654934516	
3149.96856796438	438.81138952035894	
3141.894293484069	1799.0567202299596	
3177.5300375039374	1882.3776958768844	
4851.026356605068	3170.2351618164594	
3382.7531507707554	2436.899773471149	
3509.8222657964407	2092.4684181228004	
3142.075193985704	2506.77835846874	
3183.740007617982	2212.077424595423	
3633.60534171577	2211.522979308162	
3012.3136555403626	2527.050326658454	
3506.2382234789998	3241.607407662307	
5291.779205351374	4401.7811018911025	
4499.3821640590695	2845.4666373020036	
2695.0484884676926	1651.4358173632104	
3325.829172510308	3614.7915846714272	
2264.91509467603	1797.7573605867954	
5456.238175665473	3844.2707527257785	
3861.2814003886206	4079.05313023577	
3792.327104725731	2038.2095748256888	
3306.756394515378	2738.8209501898245	
2649.1512884270005	2056.106545392905	
2422.5617364065065	1752.4771949194248	
3667.072749902387	2677.3703940368014	
2409.7556055372925	1845.7637237029162	
2807.128235063212	1858.487429045039	
2141.8519563754903	1507.4326641542693	
2430.793412406215	1639.0958419274202	
2502.890080040256	1615.7832697567728	
2745.8370944948147	2038.675405506689	
2086.480949477424	1375.0608994617387	
2398.304980168153	1762.243275593146	
2987.4011563368463	2002.9112554532267	
3754.9352520339507	3068.8192375049057	
3021.6757906438384	2479.450545772259	
2786.4056497820643	1571.8593482926153	
3266.7526302353253	1766.4796374104449	
2929.8893098090502	2603.603781320517	
2799.542292890037	1816.204468566413	
3353.254038042807	2715.3940776443915	
2857.9901134835845	2044.7584770107096	
3255.373515457984	2455.0923804188783	
3893.9340864183296	3592.0472782227366	
3746.197334550811	3146.181241166967	
3005.9144783403854	1961.6132635869978	
3713.3391100015433	3523.7860689610043	
