15.40654068768336	5.209290509646268	
15.0902270871546	5.79197831825283	
14.977633814705873	4.743138506428251	
11.359546321315728	5.707319557009303	
14.420603412136604	7.4057833281200045	
11.11561198864471	5.246757846459751	
15.942133649636384	7.058613761513053	
12.662158407278437	6.380516934068541	
14.187344631958272	5.375622615407882	
17.4658924869393	5.5191508071898445	
14.895635794146198	6.3661176634365	
18.170427534471095	5.242421734616515	
13.680179487125766	5.227484795098004	
16.542432437170998	8.97257461590447	
15.345861738321737	4.608453344976831	
12.122910642833494	7.50967373544289	
13.618858932134327	5.965020385541888	
7.832208808433063	6.921532582007713	
10.993139720043905	5.2139082255526406	
12.30181462194931	5.289614375269912	
12.555532902419925	5.542278227030761	
15.254599067396924	9.663281154459344	
10.5316677957103	5.574127281918651	
13.75386383366523	7.237094477837948	
13.251272642185482	6.043573845398994	
14.517473985860038	5.705081634709762	
14.948886700556713	5.766564493902978	
13.793090668350631	6.868344757448574	
14.159115757060754	8.345005595267015	
15.029538201606385	6.941130149128857	
9.629730263103326	8.864050483482131	
12.17720910349155	7.317961769609234	
14.31702046992246	3.68272633602061	
12.591317155838704	7.244573502493585	
16.444049059765142	5.892777802351841	
11.85253833359393	7.659243689316163	
14.918910096465757	5.247282495315055	
14.874518465117903	4.534099876805222	
14.496465066150513	4.576866088961025	
14.773797138110446	6.466189372736683	
15.238214515866096	5.578459297631246	
20.15999573680477	5.413980713323574	
13.984467597482624	5.0271375878529065	
11.962311323136529	5.090770397010607	
12.595646748601443	6.9218743571172645	
13.363510911669234	6.226280966633427	
10.686504368992535	3.865932673701849	
11.364901959761426	5.428857527485191	
10.0494263160861	5.195008476858156	
13.037955399444844	4.878879349953125	
8.008401707568504	6.9603016265996995	
13.853488381561478	5.377904353105988	
13.904824116413492	6.369755397438033	
12.70039318262588	4.918158004798146	
13.071440836236574	5.594041527928723	
17.280402236333753	8.72348532882212	
14.598388620871807	7.098871393458825	
14.080273194861364	4.179546244406226	
13.716103445516627	4.960300932611189	
11.287414109013922	5.686885674306544	
12.140167597405977	5.138478575717013	
11.753889856607989	7.735163191288342	
14.629701542962202	5.526407593936273	
13.236745738934435	4.907790237615958	
14.825874447331124	5.878418768350842	
14.911850770114059	5.833246386420908	
12.702645148844548	5.284229785838216	
13.53489115754797	4.483869529764722	
16.139324733785237	6.554327749094871	
12.47812245474662	4.611588669724725	
15.943421263232626	4.307139727659282	
17.158969815006795	7.442238680531604	
11.54547883664039	6.348966038731551	
12.484343837777176	6.773288332479587	
11.794232466877336	7.124256810423709	
12.317551372373826	8.336737948066283	
13.19478135501221	5.35953943903058	
12.759545359044047	6.242441605675519	
15.43678522444446	6.694805768874611	
11.366742220633894	6.743476689405059	
13.107339172056996	5.098880375516728	
11.265753674288343	5.047497041821841	
14.125297369910275	5.812507146308868	
11.428592791870262	6.711808828438413	
9.96279243485375	6.032223451336864	
11.783501671629185	6.234298149689063	
15.592022974389344	5.513087136827552	
12.35420136982865	5.82530888609299	
15.29120897864266	6.4569350772406535	
10.5147900705164	5.492312853332634	
11.558085298954818	5.605822905432986	
10.99204847895012	7.872082647149251	
13.626450461726574	7.018856497349193	
10.842617815084944	6.942668948577024	
13.826407515125105	5.968519721101785	
16.23384504489805	7.420413625205296	
13.450654193324752	4.5803319700269505	
10.740113773708739	6.218855567999655	
13.34133100072627	5.581493147934842	
10.674017109257651	6.987117805731284	
11.243689163980306	5.32659788283038	
10.999710473616718	6.2477804006559365	
13.31717096296277	5.977588960648841	
14.242585763132587	4.589659538255603	
15.495299461373579	6.384755530496423	
13.806231800230359	5.605680366494322	
13.022276369798774	5.426476423634443	
14.031835954419417	5.802521957544847	
10.971117740229925	8.353236851580688	
13.41637467431274	7.86729538456627	
13.537819284140232	4.01235698162026	
12.611959106792725	7.947214693500094	
14.138962936741862	6.133819300159871	
13.40881499661784	5.01130497268133	
15.4401087205087	6.380311018798163	
11.263217082844342	5.824988993031379	
14.37024888099253	5.897626494325009	
15.057760253696552	6.4680937650608925	
11.747974260064941	5.710614716858096	
14.271712804070221	5.696083315856733	
10.836286554540866	6.386879619471605	
15.654651729121799	5.308608464417415	
13.392464935308807	5.1924817504661975	
12.961689884351582	6.104393580005259	
12.30942795493516	6.781288374828358	
13.082129881151255	6.014487411976201	
13.627956653301919	7.996332296743155	
9.775481793223783	6.841137768012518	
12.72883125875793	4.911350005563634	
14.058367234060244	5.302798610824033	
14.547942219765199	5.890949784421299	
10.982896013287109	4.897412095357904	
10.609535107542579	5.733893724394155	
19.006851615204564	5.973523422200685	
14.098410873021932	3.7814207997912836	
14.086744145243554	5.891164893310477	
14.436501235464794	7.773296506534672	
13.130283574480673	4.771268446809924	
12.392892167474393	7.447414419051284	
11.13569304789642	5.89474772303128	
14.779871388038755	5.2876000056924175	
12.994519502166298	6.972222066957873	
12.746889806619569	6.891551704172536	
12.02257388174436	5.810752894210015	
12.79960293060497	5.786035955476124	
15.83163694271577	5.089003399264916	
17.92416650492104	4.423682154031765	
17.41649618016922	3.6229667257230633	
12.933533008051116	4.672069044250218	
10.184613519804929	6.82727119585147	
9.697927820533861	6.8403181184705515	
14.465155183176973	6.46525784387666	
12.495563556449644	4.193259882172973	
10.020173599291903	6.412093452261766	
13.170804313609102	6.52830604798249	
14.945222718713657	4.204618285344902	
12.623829062148674	5.381798663037551	
12.42528170444508	8.503784669753081	
15.071661454246263	4.312066083895004	
11.073678807052382	5.5213107997492195	
13.962680295225637	4.868661392579213	
13.550233669331615	7.37279543158156	
12.99360925079409	7.260183682405648	
12.84814866971246	4.3695216224994615	
10.073955917902774	6.761621064451183	
9.978912351492948	5.064655774123195	
12.429478457510177	4.153043162412326	
11.115231324019046	7.878662613119373	
10.6971564062697	5.439795543902499	
9.750854582705795	7.282406363307267	
10.287694422787789	11.548699504028624	
14.038265007225448	5.1965019946748985	
11.783744453415338	5.406236830201432	
12.290004610776691	4.663893320532146	
13.060518831957639	7.125367327812843	
13.244574729394555	7.265075412274909	
11.401439997592357	8.595872838096245	
16.890618213947604	3.1233283567809487	
11.74830705668367	5.9577616652663	
10.33448022523606	5.94907138488029	
14.230317409038378	7.502235157572215	
8.706319212162136	6.461071522972037	
10.298042623193972	6.909971131432019	
10.213706415540802	6.108934256834349	
12.32061129183566	5.2823529704936165	
11.4820474581787	5.966781879120873	
14.00471718191353	4.869040834649011	
13.3135998176314	4.419668571704757	
14.137927591037743	4.909239942792179	
9.852736749052578	6.498944447617715	
11.110465026306816	5.389495303053891	
11.50579187838018	5.771736846214641	
11.312001016258849	5.0297547791609425	
8.87338870954331	6.204259250597293	
12.77881220309883	4.916590175057127	
13.79262921194451	6.077840955400299	
10.641483115021602	5.745563061929348	
13.749548542680158	5.259266997803388	
13.413913277840575	5.528711573366747	
19.688508923165397	4.48843256260761	
14.520110799111954	6.67089841585751	
14.301193627606983	5.13350173547055	
14.642398426763855	4.749667610569623	
11.035183894826721	6.081176507349138	
13.055606704261356	6.289131177693107	
10.859167809838823	5.16938386991494	
16.351717617979006	3.9747613886513466	
13.246456964381391	5.456174116388387	
8.948987841198024	5.89455295652399	
9.677835179857807	8.453461427675492	
15.269656899880578	6.157974250371452	
13.583989491335707	4.609318758500161	
12.811236347427563	3.8616755186381124	
10.459882440823083	5.427696134362283	
13.565803632774438	5.060000872122213	
13.099447782106534	7.17607112853909	
10.50180473648779	5.563671295495597	
13.708620331003255	8.343695545949267	
16.46133948094634	7.071745043930327	
12.45647623620071	6.730447443809684	
16.33597633461735	6.931214515575536	
15.191134514785185	4.410805866882053	
13.726164289977138	6.473974079907518	
14.256723193283756	6.475805836944419	
14.114358438539798	7.869417432629772	
10.759396288410871	5.007005527718165	
11.981559184654282	5.495385877105245	
13.625505754412933	7.177166877635016	
13.662644697922731	4.249819421764462	
12.458838068721478	5.92298265791901	
9.962483661671204	5.7588522414103185	
15.27680378598871	4.945954715489832	
13.256943134068353	5.8396736389188435	
17.410491700410013	7.553008170524157	
12.539682141454081	8.80077211004025	
12.511600258695085	7.297404780956352	
14.084374933372212	4.698324058658467	
14.611143172449333	8.180796726215405	
9.98710840318191	5.7096776586770295	
12.832010187187402	5.721532448535765	
9.29672530557832	6.720731621430951	
12.648156000864082	5.630978512564575	
13.58962871602308	6.140535387963886	
14.885884392580715	6.999803473973586	
11.450581663273624	5.328908929039329	
9.069844639380428	5.997230632595108	
14.151545791932813	6.043473070384453	
14.726657936337796	8.832649088831245	
11.898686965438372	6.100684260224321	
15.190473539738692	4.495598792913719	
9.162121095974062	6.733740495027169	
11.960619797835244	5.537465529363677	
10.178250360189137	9.395785584775439	
11.287402201500297	6.512322017985327	
15.16860573567736	5.848430279884664	
12.455814794595504	4.435107189783828	
18.24966175792766	6.20170171884622	
9.944768532807625	5.63494113141124	
15.292140854908022	5.358689703728204	
11.296973064648348	5.584063416434065	
12.99083413419678	8.154021797237247	
13.92796630075023	8.633520115559477	
12.356115050111438	6.270132443599628	
12.775200422684827	5.8925560484018975	
11.802702683925743	5.162656683560528	
10.329100711307973	7.776425510028323	
13.450472282756037	4.3851196083954225	
10.342400049800052	5.5383941042878595	
10.826630654629987	4.573622337581495	
10.122815439027226	5.672860188751752	
9.920769033859747	6.888418283773521	
14.406492849711528	5.5585728412688065	
14.360684911073768	5.005942430628898	
12.072993332849174	6.160254490631276	
11.837833533764469	3.9619573740395637	
11.425173165423542	5.701324170737533	
14.135510486934438	5.366650313357979	
9.44112040750678	6.805438116780809	
11.989505973354236	4.480125521593338	
11.005310639376976	6.554698104601709	
12.461785968962099	6.507243525341812	
16.540206934326957	5.998064163433079	
10.906447867584777	6.6577127462825105	
10.576756390950672	7.101206932780911	
12.901302506433952	8.091682657731205	
13.067209980098411	6.301340109795564	
9.609063495925335	6.930232190029687	
9.900361930333744	7.060760146505003	
11.099095552390896	8.313540827316226	
9.435190397632406	6.888301154962408	
15.956726012106289	4.676089941121329	
12.343013214046886	5.572716027905741	
18.197218476694726	6.645074106319869	
12.43501505472558	5.740445501989626	
17.80387647687674	5.631028946061019	
14.050920445599484	6.505417081747249	
12.913862945983995	7.09214502255266	
14.963735392854996	6.188063573362909	
11.793350631772634	6.11569391110485	
15.357851263312424	5.96078059173626	
16.94962879910763	8.848212860945154	
14.782353121197554	5.731427333831752	
9.789865904211998	7.154438789306795	
13.22089836560036	5.222764813711382	
15.25401355396697	7.0487295000680215	
12.443088902672207	5.366011574906997	
11.84911759918418	5.196433022566707	
13.086229076604457	7.976855349841564	
14.557974130848022	5.459175999732792	
6.785617091195516	5.755337756449675	
10.917867486324683	5.040347577957387	
11.204808213489546	6.840980797400209	
11.165441496628294	5.815047701498515	
14.754252701161462	5.372756161269812	
11.930530321849684	5.102018314816846	
13.731156478018825	4.970875658727144	
13.26379402608121	5.7116711622092415	
10.448854704124598	4.791539988408623	
10.984098925392262	6.218508338233466	
12.600279718978907	7.01418932062643	
10.400617427746747	5.659528968700197	
9.07136582834933	5.1563475521704945	
12.5388492096677	4.328548378960414	
12.522926053745742	5.062220089096402	
10.051084914667081	6.822414342228157	
13.681514532932692	6.071603014484065	
10.927750423747279	5.972787355877217	
18.140242698222284	4.8083681406496925	
13.152326284028831	8.926603679124808	
12.129538053080966	7.234339570690047	
16.961415423468893	6.7383418569883515	
13.432769354360417	6.16189416129755	
12.715204441630354	6.110849851266052	
-4.332790241976627	19.775659926212434	
15.86618258787805	7.365278139108707	
11.139365907309179	5.706688256559198	
12.378788136289364	6.471497636533123	
11.437016655176008	6.613475769980544	
13.438594131607331	6.903395044827466	
11.356520995295115	6.630252592205474	
13.530071210666213	5.876490927001069	
14.020480944733194	9.207186719916551	
13.054113840548066	5.596722882454069	
14.391809903506738	6.075172317702851	
13.545920902204486	7.098203269117806	
13.335331139915219	5.417245510614254	
10.911781986447377	5.933745633627535	
12.539179796717367	6.696070545353661	
14.536951023011046	6.762425369374082	
12.415740633780857	5.194983359056882	
12.60576209157615	5.220469440004726	
12.948325490647068	6.903553315549048	
14.169480905729475	5.569161711981488	
14.453486462646309	5.520158342509127	
16.23351385072814	4.809011148372296	
13.75525959702903	6.897638636988545	
8.993656842166054	8.497907802939652	
11.53040501497904	7.751454851637915	
15.541227693039176	5.759439553354798	
11.228285031717903	7.22061096858889	
9.704025695612742	7.46925847669527	
15.268651510228942	7.5061785672449	
14.41498392079996	5.422133732981988	
14.029772310309344	4.952544240892322	
20.07874706194946	7.097190162088906	
12.559781335277954	5.8645445234144	
15.718499581653628	9.176045421809103	
10.035565711237528	5.513952722117213	
10.178255487089903	6.233653260795744	
13.346933318932303	6.033005048557121	
13.586981208219175	5.911117814142334	
10.423161664240514	6.246832568940088	
12.079181647207527	7.042535481319541	
13.880651966507992	4.178452664389684	
12.821742942704729	4.45382907709784	
12.820979068565714	4.745584502965865	
11.613765458749295	5.1253709355905	
12.22511102436955	5.059467489301372	
7.810663805613736	9.432552205415476	
12.834944658996477	6.0590942061190765	
14.041492414897107	6.620890140578468	
15.678289870623612	5.898158223279562	
12.513701104049138	4.5620994109124915	
8.749312412698792	8.666261840720871	
12.081590440795594	6.3922440868245225	
11.039298067558635	5.450412280926865	
17.212708042344122	5.626156137015669	
13.190566201705268	7.600228480735501	
15.172251504269472	6.405506536329661	
9.104468532536337	5.347363637981101	
9.582917278518261	4.991847052847812	
10.477404672832224	5.514637235721631	
7.846228540762784	9.05573753183355	
13.41311348451311	7.126553146234825	
10.889004020066468	8.858109126629401	
11.792205200623673	5.085799268212609	
13.144940917273152	6.288880428715517	
12.856777045646995	5.661972964053715	
15.691415919234402	6.163086353121913	
12.226875300291209	5.957968226536282	
15.987875057767635	7.258298852361268	
16.182367521116355	3.6496606676492895	
13.198446227429823	4.0651404090696355	
12.57241903439911	5.2837072267418375	
14.858577660572355	5.895518339436412	
13.538199209032829	3.9077292760704396	
13.643492478640825	6.034346248430204	
13.960479579684723	5.125886069174671	
13.614657404597402	5.425863969510864	
10.561374459030533	5.691877369671919	
12.813759711741223	6.805514177471593	
14.24477591546444	6.30457650136631	
9.935985228161394	6.663308269286271	
15.6071937272088	4.373907059551652	
15.03629601018063	6.477957130906587	
12.739184017916594	4.799407996376918	
11.987690444326692	6.703954515727768	
10.655158373836205	5.839609099690904	
15.182322188727449	6.709942053725405	
13.624254299478665	5.021661965383328	
13.833735529308893	6.153436707194371	
13.240835404048449	6.659588406094595	
11.843315938686871	5.4572309978982565	
15.950743232442763	5.954107789442204	
17.195364603479938	4.350578952508689	
13.548420627561493	5.841075964815864	
12.387568820286198	3.8281094763057135	
13.408957005717694	7.656879771649601	
13.287051435179688	4.556694574970607	
12.026110336665193	6.902899218269075	
16.154025037367298	5.824141362206293	
8.89577676341479	9.131217607083276	
12.304286239948059	5.635983810235615	
12.69320363556447	5.476738258476121	
15.363703399227493	5.442777193477606	
14.331673303980635	5.829848995582654	
10.03513599981143	5.733808947996595	
18.93625266035437	6.079924367723667	
13.686475998105559	6.437611606533618	
13.658078026428823	4.040553427267907	
8.7212049231947	7.161660645283511	
10.714275397680371	6.3355570186052335	
15.557843458582498	5.910223899008001	
13.401885352781976	5.639391656244331	
13.457540908157071	6.104711973343441	
11.05756611900208	6.517747903761314	
15.61299004999929	6.557013591721622	
13.377619603838959	7.439137905958735	
17.782481941194444	6.566400014861933	
14.759065061383845	4.6808021069226475	
15.124773164218386	8.606204271569421	
13.883255767430382	4.52466479981837	
14.3394494825416	4.642131720424228	
12.703727466246297	5.4157149281017345	
13.250699908957095	4.368186641435652	
14.047233404484395	4.704037248489861	
13.308143813538186	4.534212818994932	
11.69484690594385	5.620117116862973	
16.2227393303821	8.658345116901803	
18.376879778169084	5.638482476510595	
14.53989283939891	6.561813812850666	
14.038837311562112	5.4649253802786495	
14.047584415946414	8.246152892552496	
10.738479081407963	5.916033053102342	
13.34209009253436	6.220354228896699	
11.28773196552557	5.691331201831103	
12.155191362017199	4.291354763453946	
11.449186007428644	7.398141408611269	
14.368564433221472	6.915326766095495	
13.97100479272225	4.606760883536259	
12.75634776091379	4.849560586360864	
12.064000623312637	6.478438572619634	
16.487386957282354	6.890629991520439	
13.926303453401905	5.29657913016321	
15.314683347694602	7.699171236651372	
12.39840197825677	5.447294287765586	
11.354409938267485	4.896523784169192	
10.981956350435848	6.65842071443104	
12.613426534043313	7.907343974934295	
12.310962832255514	5.374653131877899	
10.712103720018632	9.013017885679028	
12.564050465682838	7.247682950764376	
9.498252667599633	8.561195955805328	
12.610444301591246	5.471321825929935	
12.279615929036702	6.6159514608695815	
9.976160896910427	8.518282000497997	
12.51249831765579	4.306986752261571	
17.618044854615214	5.515108226858914	
20.770908961267367	4.553594581066523	
13.454013496749013	7.489858225659812	
14.760401528534478	4.99732507706828	
10.160249604407598	5.653868062374156	
16.16937295511579	4.789170264224415	
13.88961737124692	6.199160357188283	
13.169382942852309	5.80748388172025	
10.272995521174606	6.7586183495883665	
15.267177186895433	7.805616347997002	
12.163493797016688	7.667602909752548	
13.027722130552146	5.457828768610869	
14.730019148898915	6.140462351960711	
11.463723836401277	6.030990720378352	
17.51321813534527	7.365634756232842	
18.96698072118395	7.295070685592411	
12.424975842315666	5.879536065297429	
11.40317062554953	5.314638062833414	
16.85448920810524	6.946805429918742	
17.158982360640834	7.07401465062757	
11.119205242360154	6.958767527060148	
12.66145196781687	4.862479013469321	
15.15987638987492	11.228555284736926	
14.680573182952998	6.464444778032326	
13.682097447450106	4.978519022502762	
12.96492196365504	5.920993650912348	
12.567049875238736	5.029179987684529	
15.49472027743105	5.92908292753919	
13.297376743734185	4.4516296452636	
11.670856802729952	4.617954419638935	
11.925565245426002	7.188665620283569	
13.938080610484729	6.154823410649977	
13.870238624139505	5.3362862732614165	
13.335674865957914	4.997930974975863	
12.915168708824252	5.140842352337418	
11.498772385859263	7.273380347613668	
12.436610106539288	5.548241522152627	
9.9778000784489	7.274846670735203	
9.040598912589427	7.421455043169989	
13.7974668088447	7.683256826302868	
14.523784477189404	5.5124790820942495	
15.715838666383892	5.20531125715416	
11.5583023906907	6.532413418736822	
14.82480249498738	5.740614607127186	
13.060616521032179	6.135441364688191	
11.571171372164264	5.4951577898330655	
16.046781184195414	5.6301710617103735	
15.885250301181046	8.239052339809357	
15.00851016208288	8.058877484533342	
16.570778283086717	5.857926641647319	
10.214214220934092	7.753500223986093	
10.51464871771378	8.162602420575297	
13.472601296779851	6.805339059882793	
11.893069840390313	4.915220827440184	
21.196772975514623	4.722829282313035	
11.042865287257905	6.196945757526586	
9.776315889261069	6.820511761306056	
14.742179314043295	4.525541983327335	
14.036059714170465	5.024107503850208	
11.962107140458322	6.293671123396459	
12.486871357310692	6.495736891582906	
13.289175669079746	7.1965854251522385	
13.107993841451727	5.1679199855868925	
15.058700899372896	5.162179422453526	
9.825492675506396	10.875766663114026	
13.394632080851114	11.381841676802543	
15.286126376724038	5.829656560991793	
14.164770284244826	4.799009282479677	
13.160990962488011	5.460994228263008	
12.45409878801709	6.669100960629775	
14.131899303153242	5.876459322847801	
13.50006397065842	6.5235486570397425	
10.960308929741524	4.397189138015682	
10.982509787065155	5.603783109859598	
13.093274631650951	6.519452017792311	
13.173171163922223	5.352703180097605	
13.999061840287192	6.34184303694223	
11.983553984596437	5.43214187128952	
8.91256629542711	5.3959887983695385	
13.353236739232502	6.709453693913023	
16.307043519678587	5.188097929728418	
16.26254737631603	5.038968031359539	
13.93969541204404	5.316888076927709	
12.940144439953789	5.199436541606884	
12.420269248704301	5.789763700698937	
13.54122605034771	7.421455673838332	
13.836437704703158	6.851947889123619	
9.993968078465759	6.109966912422129	
12.632793743711995	6.558546474018357	
7.874771714114881	7.36851133678917	
9.30358448521449	4.9179281209364465	
12.885504599293872	3.677793604127255	
12.554534272622883	6.696371852896215	
12.93976494231846	8.723409309705021	
11.418829666128019	5.992610975537609	
17.339932936869143	5.118996620243283	
12.491480424406767	7.474666403649142	
14.145157677896263	5.273767811543116	
16.972197049264754	3.9481907786560084	
14.305146007727277	4.357375266343687	
11.695983944275188	5.770155458357787	
13.457686792297755	4.172275274564558	
10.887838206076461	8.49919818189757	
12.851676951893415	5.784423162889555	
11.804966714247858	4.746326320364262	
12.373951768230986	6.239459142849083	
13.673381719491855	7.759877643213636	
10.275138081959089	7.207950123318472	
13.416069840606536	5.906948928730077	
16.300382484641766	4.82882002426115	
15.009031663529905	6.606410162151935	
13.631534210522913	4.922102195632257	
13.60382951913024	7.641239998635046	
13.502876402163894	11.239866127634507	
15.67289228918556	9.178351982918478	
11.887732445407888	6.133010634084688	
13.847525366845835	5.609507240034309	
13.652612838851718	4.890058350467974	
13.99596763701834	7.585561336421564	
17.427568446422228	7.7123982334905135	
15.237285095726183	3.164915071003619	
12.821261059766831	8.304879441329136	
16.54187934205123	5.753903319274192	
12.168352042257304	4.175233408015229	
13.354673659778669	6.81653119288205	
14.484619618830594	5.108652045538627	
11.553393117554148	4.3890883988872895	
13.776263349453188	5.498841278037756	
9.512734747389517	5.6081211982028	
11.086404697303683	7.360365050839789	
14.578727821320623	6.78106200214653	
15.6613049174245	5.948561444002781	
12.114856778150182	4.336328873085052	
10.800252664485763	5.859105775223808	
15.197013761616605	10.138488767477963	
12.830443101239297	5.122498925857945	
11.010296305586932	8.114304916307535	
10.895782903329813	6.217132198004533	
12.097654271855431	6.935723791716097	
10.591105668001147	8.024570676802533	
9.8552717277071	5.1547289475267775	
10.47991325303706	6.835852615840584	
11.168947441103853	6.690674111053994	
13.38035720371388	6.966565946249302	
11.938232683558574	5.552457986781885	
16.215038015587997	4.613347494321874	
13.167078874325892	6.802565770762484	
11.622890641747217	5.940126476523735	
15.457527414634864	4.538966705384791	
11.208645420087649	6.160139964539932	
15.67775463478789	5.275666476976758	
12.993694179374573	6.838657851626115	
14.73065831340865	5.151630445959676	
13.467496165226633	8.258061530247007	
14.722629296310556	7.710883806222695	
13.283567333869144	5.87368512795059	
14.931776775632583	7.160648926687084	
14.734676423730383	7.948936315684193	
12.709839015653781	4.621006525312975	
10.995670968114434	5.093304725812094	
12.74068133411549	4.9974890342473985	
15.400508611785718	6.652723020785943	
10.365240628145576	7.1767488511687825	
10.698452174607388	7.297730008576281	
14.937083492651563	6.105699356008172	
12.973812227866322	5.909302775960075	
12.630947160120284	7.767943861978704	
10.803714992774156	7.2996036389944665	
8.803989038194603	6.8676522713741885	
12.498548381483808	7.957416181987887	
13.302349607313975	7.927403710859242	
12.29251779424845	9.582889589054723	
15.126710769843337	5.6304098257413395	
11.356173087036904	5.717800835187962	
12.874642520549632	4.935395892047253	
13.301463921998605	5.244060489986878	
11.484730513682083	7.09574701040032	
11.36747669192049	5.921484594991298	
11.774819833282308	5.411340850914721	
13.60765245992551	6.874617905282032	
10.27831243944053	6.578251905185359	
10.11044862603305	5.446123752497062	
12.387503281351169	3.3320128114939043	
14.218635464391348	3.807227334964121	
8.745661886833046	7.633480125174533	
9.755996637101143	5.671557004915197	
14.351065150125754	5.730648229108239	
14.069757267928457	6.092743733389942	
13.014564498156664	7.228696958941157	
14.072168738879341	4.282460156976818	
15.827747924573863	5.514106542096282	
11.6275006751683	6.6437228618843065	
11.945935519066415	7.671856294648797	
13.939843670366253	6.602559408078458	
11.278393049888495	7.299488299766439	
15.150358665004878	5.025586750582295	
13.020636774015683	4.878460636149081	
15.394246370772075	3.849741340654985	
13.89387064849068	6.617572921223811	
11.4024488750168	6.115922687756757	
12.04609764385391	3.957407203502211	
12.212703686399657	5.200601324789199	
14.066416899851838	5.137712851479423	
11.767692586203516	6.4829479852310845	
15.422944565710624	6.954790375461051	
10.70256746059674	7.780669937259031	
13.933386222055576	7.538296410216318	
14.824548204522817	4.799912989831047	
14.16081634137122	7.195840061244123	
11.665289818294236	5.898529954121488	
13.996581125675283	7.018943545468067	
11.979204975159224	5.542375984318874	
14.766968484029968	6.133599080662466	
12.873148093978637	6.649024725215762	
11.860932578912054	7.447263783000069	
11.733837053389742	6.47626597786364	
14.292677466437148	6.360968699510596	
12.736031195317757	4.921158910028794	
12.06355133437084	6.421392836510757	
10.7361213567598	10.478305139980645	
13.38151040512232	7.6285986997260435	
12.154243664281905	7.236254794316517	
14.133178802715262	7.11146422486825	
14.077136991846753	4.71595775047124	
15.012334860730386	6.497003415684557	
10.489684914122787	7.1593488721186835	
12.91093668890391	5.667122722326222	
16.1583272159501	5.32442827213193	
14.923811640877142	10.571679380269378	
11.508383976981593	7.8692769957466915	
11.425175597081534	5.233093468193359	
12.265833441167464	5.960891686364496	
11.201403263486275	7.225936583672324	
12.393968418781942	5.629668721942877	
11.279495665063983	7.103041367195951	
13.55339207073226	8.002276464462717	
14.205102639188137	6.1616505977559015	
12.685952087553765	5.610163879718608	
10.282976710303398	6.290582660499874	
13.360736049827649	5.076934565004843	
14.24113531515792	4.387868888108362	
12.528402369898629	6.3349199110668	
16.100672257165694	7.715373994562242	
10.248854824777215	5.972592079268152	
12.479130457967173	6.554167045785438	
17.899288057366753	5.365769311459031	
13.007461829053268	6.807643149311606	
15.85741188592704	5.210414586079176	
14.62565703673961	7.532496472522483	
12.965566154075072	5.259637274303803	
14.187717182851616	8.69406234706162	
17.66464977609013	5.393074105964516	
7.940040399260952	6.621769303899933	
16.636573422847817	6.7034518469058035	
16.55380476191748	3.899675749968875	
11.28908552878268	6.5079575543254515	
12.985398684865068	4.394378765581681	
9.982773871663108	6.421776685357746	
14.046753806554474	5.784825088150121	
11.052020031976854	6.901930321911477	
14.634414948984867	7.763133864539239	
14.38358122556878	5.585379399387078	
9.933588742822522	6.788308260354625	
12.538265184340169	6.363012654599158	
12.31326541629988	7.1070022532675	
12.436671623161116	6.41288962181407	
10.837124742870577	11.012598818859743	
8.026688912077763	9.067281437378536	
13.280441742186984	8.095303535245446	
10.499497164781964	6.3859722033185085	
12.616782334818845	5.991413293630858	
9.165249160947798	8.105883048595517	
14.556773527013721	5.089623073863713	
13.953009949470458	8.672005301972	
13.783557408738996	5.016558752072399	
11.337014916045165	6.151739419702087	
14.03950203439172	4.18301825179023	
11.846149466519568	6.872974948267761	
11.271999434142222	5.915401126814278	
13.12371268507251	3.8077352887552447	
18.565770868468157	4.290818430361162	
14.402455047452356	3.9248361528594318	
10.804615629879583	7.585290119715592	
12.115226308272641	5.394300666013787	
9.046795446628696	5.580497996572884	
7.9994736911371715	5.936515351894588	
10.630942729659052	5.312881253531002	
11.152136689113163	5.955365104462307	
9.35478212909664	4.982241283369484	
12.344744514668793	8.24444395648966	
12.245485190881082	5.7436986014597515	
14.44202395075356	8.163336617083473	
11.168110424326674	5.4575462635118654	
13.351758819225463	5.53668309117668	
11.380498042061795	6.186513387158617	
11.029789494654937	6.1188770989002395	
14.31646157801089	3.441879076862537	
15.593741072277105	7.261675105365283	
10.407470437252146	7.45845580970108	
13.064791954326076	5.562006948760907	
12.3321796047486	5.349273286378054	
11.276105772873727	4.612124030817911	
11.134503294261679	5.482020118719032	
9.70530072178385	6.850244097474394	
11.451581643917915	5.221294716675176	
14.871589842169001	5.971864476963545	
10.152279134086093	6.824570267891109	
11.829585682243557	6.996624589973967	
15.801819972119077	3.053163684072324	
9.657248846076229	7.273311756961475	
12.116689889542876	7.157892735450016	
13.796396714753804	8.033390542420312	
11.186288095849212	4.336885504574437	
14.211981313660159	4.591787267298789	
12.81690798475751	5.5433096009057445	
12.815335144987658	5.023166374361994	
14.213745671573436	5.5406749941495255	
13.874269423220028	5.255414663892723	
11.616721207491425	5.752933729288363	
10.177775395738788	6.180189894979304	
11.382299434372829	5.518584211515061	
12.137842059005353	5.320938203217973	
11.295359075888884	7.029440363650571	
13.171676341871786	5.162724612804628	
13.436057754163231	6.201665278803904	
13.568598799691697	5.722046398895768	
14.671890258963703	5.7312576148178	
16.43738539612531	6.58440581677053	
13.051759135546007	5.096584412162421	
13.183167334672726	4.565013867153227	
12.234174762432753	6.280803699719691	
12.010474193986283	6.037848908420619	
12.962885819905809	8.256773055746446	
10.03828048486805	8.544456950323742	
12.79792357094567	7.044396516516573	
13.018325232290223	6.090074229323297	
14.051663245034621	4.361914647575158	
12.421896569155901	4.4243541613650885	
13.377264313724115	4.618943163562052	
13.267777311746196	8.118428352033098	
12.059101498766285	5.717806511219666	
9.50577780108674	7.117086404980101	
12.066000393883934	4.317716273435775	
11.560625536537604	6.062370616720455	
11.398513031106686	6.414122378830953	
9.722329304250357	6.619102005290217	
13.69680224550307	6.137069981467119	
17.061043939782344	7.342199998531031	
16.29855439523367	7.655443157452631	
13.185947802735084	6.4560438258786625	
16.706433484223265	4.690720201190346	
9.006265885442849	9.845799617428389	
19.306920498136833	6.3487666190070335	
13.90304034075181	8.644862510164927	
13.85212216346896	7.972604721777901	
14.88630819196289	4.413175038786355	
12.588738126759539	5.3121571573154815	
16.82103399294464	6.421918701131857	
14.111701003021567	6.5555377269493	
12.588758714785005	6.58846081242841	
11.393992717649315	5.113652507525623	
12.637490586887164	6.136188708839024	
10.09682459874191	7.37164471143114	
11.994519329092503	4.913675029779692	
11.462631926299252	6.72381027381759	
11.929293090039007	5.730618003003599	
10.345466746719163	6.013266111703981	
17.389168800101192	3.3456300256227056	
9.266894693892066	7.097270403767686	
11.95590617029975	5.9651904669534925	
13.923818271351868	5.430646657692866	
13.576611679757715	5.10664673166631	
12.055709374359353	8.582958973630443	
16.26730613574107	4.375938603797871	
12.97781768125978	7.701193934401326	
11.331368989640664	6.208001994937141	
12.40802207077101	5.7766267154669535	
14.119728699597784	4.623291972323146	
10.036423253378107	7.0638875922684345	
9.708544174940307	6.934709035076777	
13.927065702217508	7.048983307510082	
13.70234301268581	7.087605414023486	
13.371929399610911	4.076332024637283	
12.543902960424495	4.612855273322941	
12.795314861844712	5.875089699211869	
13.157045086016353	6.247056720632408	
12.994881288447118	12.407279927875692	
11.201402556923117	5.382174965759169	
11.927528292916847	6.735110584558743	
15.585303977343074	6.876538124502493	
14.534412002664517	5.78749024996509	
14.530081755342742	5.262105098557523	
14.487053213073358	7.6495395003826445	
14.620797904863508	5.760659470025896	
14.372078202618685	7.575899087614578	
15.295608183100612	5.722059285082886	
15.099996625319623	7.017811772627287	
14.558794840821234	8.510836136911234	
13.602635900624055	5.35019648723858	
13.127459321327539	4.414180223818084	
12.0898551062925	3.5869936008814602	
12.864496583456482	6.191768511545459	
13.08967692565977	4.194668532566618	
12.046335362101042	6.902183834949503	
14.04088533254386	7.3878239160414205	
12.788502923906142	5.555916068402447	
15.920374516260432	7.588320891664347	
11.527841259237936	6.210317955714312	
10.748770774183809	5.118374735009431	
15.536506123677642	3.5654056075772402	
12.777551655591376	6.232350728670651	
11.041417945516276	9.577845018566613	
13.50437196135775	4.803938162179485	
13.605498151742285	4.046207564569485	
13.655283447525132	9.531283959026197	
16.292667338272864	6.4937158462090006	
12.82659082115235	7.322333660640288	
14.508465525869225	6.803522017000856	
12.968717630343813	5.483586426144761	
13.191653415347952	5.02271101672469	
18.807051719180286	3.8357761313849226	
12.949536941970388	5.410748520970188	
14.002776036277774	6.578763678468374	
14.162336284896927	5.328824308722802	
12.89033499344569	7.054757762095513	
13.593601491360625	6.6586219716333135	
13.313393597604252	8.915331533603158	
14.685630896748279	7.405931308132189	
13.13186980942525	6.846015855429254	
13.139693739008047	5.904551165663929	
12.69505632932186	4.349758181017885	
13.179207069215169	6.766811938886285	
12.13486244235989	4.357776978344252	
13.680565266168475	5.579041187027889	
13.852950892594967	6.457155283948172	
14.294335979710405	6.215245210945076	
13.555777537874269	5.188524094161284	
8.311093034670082	5.765912778675512	
12.879276746987752	4.307724371676738	
13.628181524621636	5.253608669115184	
10.36526456122751	6.542076621714377	
12.792630429919859	4.9800776446329005	
14.071560255574218	7.428210253189696	
13.307998509600449	7.108964209819048	
13.806993154788076	5.048528231687786	
14.673029400531172	6.465336637405616	
10.379955746032316	7.122050209637297	
15.316519582724071	5.463604287823404	
12.139431523923966	5.697895931121568	
13.9376407081237	10.835516468220183	
9.896725540445997	5.668244174734859	
13.046979678488285	6.072604288831526	
11.651968969041151	5.638204566921216	
12.516856363380445	6.13649114662301	
12.764027863168117	7.940109698390053	
14.175944414353264	5.330988266299196	
15.748695374836247	9.921859244368152	
9.67733783689436	8.977189890435058	
13.499865844650435	5.320272988411717	
15.045607049048849	5.2990943801717085	
12.298168064760205	5.712767644784591	
12.404631969037407	4.9795909183250835	
13.501622000776933	5.466611364312351	
12.492263363388732	5.003798341953194	
