16.3993979153652	7.246652093747763	
13.036146634876877	5.685662981287475	
17.807841387433665	5.968707343039497	
17.58644362712875	5.272478317325223	
14.903519895036943	8.495507524141917	
14.409021324837385	6.131891860725344	
13.246060563273117	5.662834274607806	
16.11194741124557	5.85629169077059	
10.929949315169308	8.907141721477512	
15.994288831461553	6.577962413590285	
15.300676564397591	5.577509644575537	
17.06444473155965	4.85217208074937	
15.090187938658437	2.9864867189504904	
12.410646859114673	5.031986227895993	
16.71037981323021	5.070436348532903	
13.793755947667742	5.4476879232848905	
13.606474639242398	5.845868347186418	
12.162629191011595	4.268992609946492	
12.622281161284324	3.6854757321257807	
15.891549033546342	5.649094830322532	
13.126757311963361	4.328316942881251	
14.198922817043073	4.3674330662832554	
12.444701563014105	3.9208769272389397	
13.501307826830429	5.254667363638185	
20.051103594169476	5.627725613163954	
10.257232318391896	4.97975545312541	
13.961539325256902	5.294939522557629	
14.889548249114794	4.380573357585424	
15.581691007726807	4.775945971700714	
13.199401749217596	5.548528203134967	
13.10286028996473	4.919522355106968	
15.62268372425624	6.075623048969016	
15.854394325825435	6.828954460085821	
14.107743871554444	5.1747900817216035	
19.5932265118441	6.286325968898248	
13.951627424562151	5.589502294066016	
18.717701780659386	5.350488610913826	
12.111100745575696	4.282289380817258	
15.106449025738982	3.7241002686553717	
12.785995014705609	5.759943124848562	
12.447343976531473	4.9276136000324176	
10.973265601291473	5.357107812645005	
16.028513027354894	6.586228916517761	
12.41433865501672	5.178611213493526	
15.297551477627088	6.372247612814267	
19.06935352679351	5.7978290887272	
16.29596487093873	6.150243271690311	
13.534983716700264	4.5961373866053625	
12.09378278346257	3.843009471336197	
14.937833109411644	5.271649757958899	
13.579347843469115	4.816934920584007	
14.936336323028943	4.488587168957422	
15.045972475772281	4.3683557129975465	
13.57230805838938	5.464155417013033	
15.33545816748578	6.192576606242995	
15.720056551790726	7.577975679091521	
12.884857154754547	5.426566688896951	
16.08806785635637	6.465365571364497	
14.694937630898025	6.002502111945183	
17.031804210999393	4.225600070038341	
12.791604468472304	3.6179158967699556	
9.704724467406857	4.134758193477528	
15.428358077096927	5.617081024776122	
12.89762645168919	6.057777432375979	
13.937990424668083	5.520591505935521	
19.16751716618377	8.857077215208337	
14.147398241425835	6.625971236801621	
12.054502508301319	4.584070668577044	
11.381788192615538	5.496885281442249	
12.3691908462219	5.269814661024563	
18.03263416304671	5.828717435673738	
15.467905660832615	5.13563914406317	
15.93791521194804	4.556393137474363	
13.234274140538878	4.418492597942117	
15.977863426211428	5.947290178936592	
15.362845314213855	6.678093703722169	
13.416555648260832	5.86594797914547	
15.763523351622071	6.091056469864274	
12.797084789303444	6.781701760080176	
12.226294432031073	6.44327850233515	
13.318976598493036	4.817208766369111	
11.926316126379891	5.458763885023568	
13.121637127874326	4.461585279632765	
11.484338604225488	4.4281897872162235	
12.238571927986266	5.283286940237245	
11.995871205358416	5.134430854923211	
15.136641991774201	8.074081743236686	
15.294390942358268	5.145849214695379	
15.742578884210872	4.528829348814307	
9.947330181559458	5.195104648756993	
15.116890267865557	4.911321756670882	
14.501408037695867	5.79139493618327	
15.205768481641247	5.7994091405070245	
14.048501775787782	4.940175068872681	
15.334887500672961	5.253397300213451	
15.369580830334074	3.935809489085407	
10.216712041628323	5.91475036740426	
11.590832559230774	4.5901465134503585	
14.483625322526104	4.515933270745496	
14.646970787851616	4.270475953390299	
16.980583815384193	5.482124653895164	
17.09935095722046	6.242937941755984	
15.998112138917012	5.68089782161237	
15.341679848678366	6.490870199002494	
16.175763863439464	7.666156272995336	
12.802741111609977	5.9327750038402485	
14.599546182786266	8.048319347868372	
12.922074367447347	5.757264407936475	
13.461590593972872	7.365966733225548	
11.611482715338314	5.446239686246387	
13.111881315810418	5.599630464965344	
12.93975933685219	4.739100290192979	
14.862991326315345	5.550100776348229	
13.407287217531517	5.747582055260054	
14.765661943905906	4.213718401348134	
15.249922274033993	4.485435858483546	
16.37437460758019	7.708390599328375	
16.604933463544196	5.780912182081303	
16.943835197098405	7.885769537811948	
16.367760172150437	5.2644344533805985	
14.497366950682132	3.7280513936173088	
12.84055823006926	5.103770068173133	
13.443520896608552	7.461136286412913	
18.162646980499233	6.753417055722645	
12.975800572582324	4.851735477751035	
15.569039560210678	5.288326958214466	
13.470023782805432	5.971176175375997	
12.871263649802275	4.261856664351602	
16.39287491727335	8.640943481773949	
14.331283786243702	5.231760981078972	
13.560999403904978	6.1905619858685	
11.625290102509434	5.53264562299832	
15.597140868019773	5.872647172278748	
13.724739030326456	7.101216337957652	
15.673860116605216	4.971720683984236	
13.313269424067396	5.73885439310568	
13.070015655276244	4.1592914855864285	
15.002933488034088	4.702707932973975	
13.193051809929287	4.906147415466153	
14.822148269552626	3.975780094295619	
15.968144535591591	4.6374103024556765	
13.550520579606367	3.9769286605466028	
12.437762931014195	5.226656376905724	
12.974987356588528	4.825291887564613	
14.320987695461875	4.6566542513007905	
18.4406551454541	7.704025394068424	
12.232541527573613	6.1440571360224085	
17.17014823905068	5.885328221696054	
13.007425453266338	3.9983758713075637	
14.187279334579348	3.9587205822870213	
13.404442076853229	4.951012842663	
12.986912829990757	6.070225559611559	
12.926064808633175	6.35141590463028	
13.799467882801363	3.5799653808292256	
13.035923604082337	4.017479214735238	
12.310301596127603	4.300634362241998	
12.609545246602957	4.284321016168953	
14.34627628941437	8.53001650358684	
14.606137424954694	4.536388519281392	
14.517925208817596	5.574030081389073	
12.05488451258857	6.064390452122658	
13.774153528628661	4.444171251089331	
12.806485097517259	4.218406711076911	
16.929026012028302	4.113007938715118	
15.11895419433911	3.712297444745713	
17.069905497246012	3.5564239667619924	
16.548909909456373	7.077766974323703	
13.870536987749864	2.8898088415989234	
14.023194587265428	5.120752554162544	
15.42345179553137	3.945790318524703	
12.585300185399817	5.5694438090145715	
14.159484755676988	4.4536902319405645	
14.409227757584521	5.180098013945361	
11.7279723260476	5.135275240072691	
13.224767393420683	5.387419668332418	
14.506852678158577	5.587739037540716	
13.477490505590245	4.158486245981218	
13.882772428647815	4.442998992263133	
13.27116417709633	4.22139331757436	
12.866524907963393	5.994183651396352	
16.554606048162366	4.0977690603949775	
11.545696834845591	5.322861244024845	
12.176891239441742	5.389383445831663	
11.551716334786148	4.477186292755634	
12.88168682960854	5.737847595316115	
13.751395879403601	5.803009472097694	
12.668212224947133	4.347768912417056	
14.251682777050949	4.602141991155486	
12.776289222112753	3.4590831635259436	
11.490358992126204	4.684105031127961	
14.211608407373193	4.821767067545212	
12.805406509209403	7.416843838792116	
13.06147557989044	5.541476176443044	
12.32378597092882	4.445546012858235	
13.708468269389916	5.7601877055443325	
10.849670713914552	7.559856517298986	
13.258249381522015	6.944372100270844	
15.35400547056858	5.105977677783642	
16.945208152448593	5.18336204510166	
16.571333806521714	6.008185425776704	
11.76162131102544	4.659034530535629	
17.009774638416975	7.230388177345201	
12.568403614955704	6.813602089838986	
16.613027844424952	7.707400182949434	
16.907269714342096	6.346363943560444	
15.458478116254637	6.05470120739867	
13.927622397891382	4.953573776436826	
13.818927505215811	5.627789395237421	
11.836362996407374	4.842162269499361	
14.420865900937184	5.097951784242777	
15.527935197965514	7.909136646462081	
14.707074759704055	3.5047494002496133	
16.84329077615285	4.512528812498967	
13.63935528064319	6.268587431875652	
12.72985266218653	6.679757825363217	
15.250700396378596	5.1379587202018975	
18.825093470584946	4.3642437401866205	
19.67755658990368	7.008714373396361	
11.44212253125628	5.188860522486238	
14.139200624141887	4.695913071613239	
13.165806725323371	6.029811067699077	
15.846801517809872	6.147010318753448	
15.250409742180379	4.950028780186546	
15.68478312431789	7.297527739428467	
12.655840050959526	5.971534336851073	
12.971943765485067	5.302417193870655	
12.058763559178518	6.404542824269612	
13.366310034021083	6.955460810502406	
11.34651203230388	4.385144570525384	
14.358713469204574	4.254701704157587	
13.923023700678865	3.9905266203225636	
12.764633019485228	7.260196706119903	
12.350090956898013	5.747073024764851	
16.973399765163624	5.805805185809413	
13.795096318386024	5.852368101157029	
15.349897622200407	6.203102394397687	
14.082004329522498	4.754146982070929	
11.461849422673536	5.417946424220906	
11.258903447405803	4.807721954519114	
13.963297598334973	5.139239478231269	
12.834739680990843	6.827909868352227	
11.322137032819255	5.0949490689195756	
14.824131512334457	8.613791965516455	
16.593438760612003	5.4653148505509535	
16.5480435031416	4.845052836227851	
17.203054451587743	4.809693453568638	
16.714398126532178	6.718720543969746	
15.691935622772569	5.412917332039713	
12.809844493968674	5.206663718966444	
13.832629103504456	5.535300528238842	
12.203586005432582	4.843700328438952	
13.607921705150302	4.244921929413277	
12.507677589147335	4.371954996885931	
17.153357382157072	5.113780565872569	
16.21430525882476	3.8227707758122422	
16.028414780047456	3.4263205917523885	
12.498642923642398	5.038564606642219	
15.039818636098781	5.204638725695904	
14.68006929536945	7.280534059937551	
13.48580550828123	5.4140435656698775	
16.023456497853765	6.466392638564407	
13.769834541421385	5.347022752703893	
14.76459148966431	4.042615436692574	
14.680449710076687	4.88492919265481	
12.520327693876236	5.265360220162131	
10.893584174375045	5.060271780596887	
13.30312734014138	5.3020681447711855	
16.21602572825203	3.322201677866807	
12.804170095718158	4.888387723539737	
14.217229615255967	5.102728976922313	
13.809776928228347	5.035180973391091	
12.411257025654695	6.442082292839157	
15.084374177511302	4.190635989670589	
12.668660657226019	5.7968740277253135	
11.690809931883694	5.0500162059066245	
13.91240532420908	4.859793428434836	
14.228721420442355	5.481701077784514	
11.622935401054699	4.64148598091481	
11.959062622455102	5.649631307110901	
13.727152914729079	5.069930207988077	
15.09731630989275	7.411742182509494	
19.352411963145425	6.795832771056492	
14.678786099898877	5.104300616215168	
11.779325908799004	6.238812783064765	
17.83159014459202	4.420537923761709	
12.469712348186464	5.847619340920679	
16.236327595948104	3.199794308511053	
16.010713357032593	6.176218548246555	
15.43938550746824	5.503986411641105	
13.180924646809048	4.281223458704411	
12.078435220309935	7.007418625003953	
11.752672329659429	4.41144150270757	
14.375898735179213	7.921549668311461	
16.975164118082223	4.305147370442257	
14.174269826143144	8.582410360067387	
14.268650630451244	6.173257850338786	
14.781782176890227	4.541287461130717	
13.884046891847536	6.1710523257519005	
13.988982702813013	5.3537542828053635	
11.860060357041663	4.702441000706625	
17.18596962860712	8.624454399313066	
19.88861928799516	5.442395412801681	
15.66426274565125	5.248330592883601	
12.919127630248607	5.303850534416866	
13.305305937316293	5.66659043993993	
11.798621696723318	3.8010125440011064	
13.534550806891843	3.4982410319598616	
15.438947699549106	5.741531990339592	
12.573038494426587	4.611189581461884	
12.239786534034735	3.6404414165061456	
14.657710259556069	5.174335217578379	
11.420098585845341	4.275377409930908	
13.25720914542817	5.16855599107181	
10.863870573401707	7.558622238752979	
12.11665906539157	7.355867522065145	
15.835122685876403	4.178598811863357	
12.068770962364017	4.406217955710334	
13.623095666328318	3.611541765263543	
12.440371065854222	3.890286250867556	
13.78014349757905	6.471480154588009	
11.582753274138835	4.2917048148760815	
12.361982760070891	3.119651623674996	
15.335020700510574	3.912144940608159	
13.620415579814305	3.6520096858948214	
11.853155303620277	3.9448479470885762	
14.732492757061795	4.656028142719555	
14.373129988265779	3.752591651843372	
13.053832201690168	4.514162239768951	
14.875117051693977	3.6229106991995748	
15.588067958106505	4.304626306563685	
15.46472377622141	3.5441811358832904	
15.058603025492149	5.396251051834156	
14.614097811441749	7.0257805514340195	
13.368407538999602	4.46189571299257	
15.003040051143822	3.1553754798696736	
15.269369525108432	5.42005604899641	
13.607209058289676	4.436693243579667	
13.98250795548281	5.356382709948089	
13.773660623566766	4.119970653333131	
14.690807662368798	4.473636883491045	
14.330945786961234	4.8869794932826265	
12.465959162189902	5.147515453360631	
17.023989187854795	4.229738958391951	
14.082994893729174	5.2448385778746935	
12.225463385872345	5.881090072823364	
13.962193584446373	4.948086913063105	
15.794951666266355	3.936245170662476	
10.73099768084244	5.9770043534290584	
12.573926811415218	6.648707931595922	
16.046424255970624	5.071460585128378	
15.969263895923557	5.053571358491965	
13.892895848198705	6.9792073975786995	
17.141559289736186	8.729991003937968	
15.936828951201056	6.622437208177438	
16.194679924462754	4.547761687901744	
19.094767679030582	4.481825799324372	
16.19680315683497	6.322373172726127	
15.357158401948649	3.655277184727519	
13.559852989679294	5.0373089500239825	
13.769074074006847	5.183533798187558	
17.412776706237043	4.444846775210443	
16.242046354408735	2.6910286244459334	
13.380395753100926	4.773191430708993	
16.561753598649133	4.183868983919324	
15.485565357914773	6.146008217429541	
11.341265712195916	8.285261458002731	
16.04226243850079	5.202894592878683	
12.721940821721981	4.3530550167772475	
13.351657262894397	4.558395484225235	
15.1062548642935	8.26046961970957	
14.575827852187627	4.526945711735078	
13.56616402405875	5.424806027628039	
14.719320017986755	8.074371996031827	
14.813558099300609	6.07308060153499	
12.038700630619937	4.939088973560285	
13.489946264367838	4.801528604188325	
14.267323402679436	4.728493305893584	
13.81104489375538	4.604008897214767	
16.138696626203878	4.799928391227136	
13.951116521859078	5.167592499159791	
11.09845863734475	7.843095517562378	
10.732110281673293	6.468346373275167	
14.335132733628276	4.356907279391976	
13.695102733533055	4.486558801429047	
13.136697716292835	3.848264634301612	
13.575251698888117	5.094121005831339	
13.118718717643308	5.0941749327509775	
8.260767906449987	10.29620189293069	
12.730654886930447	4.9913964430026665	
13.174618044806984	3.3587715417382795	
11.92351704621781	5.210172092028766	
13.136568885026854	6.161506717684355	
16.663607628429308	5.558415662789477	
15.035389117395056	4.782551216753038	
13.331542427444317	4.644178718583158	
15.521203952408285	5.209343669520734	
13.900107766683327	6.3932442347885505	
13.534553410487453	8.377146042635523	
15.0875790417742	6.197892302979668	
17.892221964276303	7.457201376344442	
12.903095681167043	4.808915625286048	
15.363745334633295	4.628060156824948	
14.818440537732128	6.062473603981204	
18.140008518620263	8.32010332084017	
18.54721651639626	7.2126147284146995	
18.221358628593478	3.944340357521165	
14.665472095453817	6.631437688383784	
15.210819222066553	4.622529566477909	
16.05601651455299	6.117258808125392	
14.405103269025885	5.1829433545341	
11.769793307532124	5.252615999530056	
15.33962012853354	6.152311083351678	
14.4367121290724	6.473070569683495	
13.767528076002401	5.625657337071894	
14.856006613911234	4.631352646517083	
19.328377445240992	4.917409303782534	
14.510833613098443	6.103218628179696	
17.307450573206626	6.856792614780904	
13.25255312654625	5.00125738357289	
16.097673699445153	6.303063097532191	
13.41251527120905	4.807036205769561	
15.936371561361764	3.934557823347322	
13.620421162909572	5.63526437242585	
14.32304538968927	4.739706952496956	
15.05078654480657	5.796501133570493	
10.741616370179557	5.9589085631727015	
15.884476871953229	3.8817670218446887	
12.572464350360129	4.557497230602899	
11.20894790980129	4.707788188946911	
11.927456407007186	5.632228418269205	
14.702556498745947	6.504697843119706	
11.430451317629817	4.0825673574055825	
13.900204434787012	4.41192515243192	
12.400143761732776	3.503702951787694	
10.53853560143519	7.628500847282105	
12.346742526704139	5.784189238611755	
11.946066356347014	4.591682450228005	
12.709220644144454	6.074084229476302	
12.356310834728447	5.409707667834222	
15.180483804010334	5.2225141725714295	
13.176325096989917	4.755538984726633	
12.200079638779263	5.734580136021726	
16.618810443761923	6.503787875366982	
17.75820886071351	5.420000431588737	
14.410379437227066	5.281069572251251	
11.91055065267256	4.276686922538459	
13.698196413837872	5.4995966676339245	
14.112262535346357	5.7476609543715576	
13.134301726082368	6.174314660135141	
13.699209333134416	7.828818604043184	
16.042408353206824	5.624817898308752	
16.03920738841722	5.809682652039068	
14.426691036410809	5.339350279682489	
16.721566843024846	4.2726525398800215	
13.166012164029732	6.439966061070632	
18.55841918180214	4.232706059275344	
13.422438838136182	6.561474540279485	
12.692130540842395	6.049902050213844	
15.45687159591532	5.1160523756612095	
12.77482714300439	5.262121103334059	
12.676740213710135	4.442604526090152	
23.29994490179961	10.583191531092845	
14.299408818929598	4.842018141041108	
13.554660951865309	6.628170655596391	
12.42436211664498	6.12777696491859	
13.453195408275509	3.2859320795348568	
16.55563653120124	4.87460602834593	
11.649807525401293	4.168316604266274	
13.60764424620189	7.757716632901788	
14.728593317912727	4.1932651887868415	
14.255805182741666	5.034906366220167	
12.49930539799261	5.161803923054923	
14.602015297129778	5.421431845461483	
13.565180248719294	5.2316914252336115	
12.36499274547983	5.451378724268919	
15.492820739618256	4.423291834927085	
14.69328182969997	5.721026932648252	
12.766369590990383	6.604898411704863	
12.610802057604557	4.24146235081304	
11.882448561465752	5.211877727272989	
13.313649829231256	8.353718068286925	
14.296743410593283	5.196796348685469	
15.56735243650472	4.56378828408843	
13.656766996391719	4.974185951233967	
13.033753004323323	4.049600186327686	
14.513152440715144	5.713652948436342	
15.629157898042656	5.23791635198023	
13.924452211191683	7.249107739756294	
18.114533852089444	6.794873374884539	
14.842462367445993	6.224183839765912	
13.061217688590414	5.2695306480652535	
13.513198107289579	6.864549112253958	
14.723819560835915	6.924989008395783	
14.668396155256005	8.477032686076019	
14.509706661004708	5.696684181500456	
12.585342493046408	5.164186713934384	
13.990157102480216	5.185560535824651	
12.103141485954433	4.6968752297604395	
11.480553870423313	5.2880210804282095	
14.644107487005424	6.880959722510639	
14.45587025533652	4.986659725696565	
16.73601807755947	8.20447800374783	
13.00088690152073	6.334908756061058	
18.01341898751433	6.883645366647179	
14.216918320359508	5.732620432373288	
15.612019712047505	7.205211498667945	
11.113126228593515	5.447333177450441	
13.01696990043564	4.355679118302983	
14.688175233452117	4.807476658332923	
11.061320727800242	4.652651768425318	
15.713355027314037	6.8685934140032945	
14.779439456089165	4.699101186248059	
13.820615886263269	4.793970606080034	
14.560295007604898	6.244455194586062	
14.191350501133913	4.729517321079702	
14.091025233574918	4.522011723689928	
16.3614647664259	6.847263687783655	
10.506066619746328	5.177814493636563	
15.53772130782434	5.355087559754034	
15.43292567873464	7.30658434890813	
13.615607377137593	4.300371879387884	
11.5888542076872	9.51726077198009	
12.921673003870811	4.487092446403949	
14.914487824782404	5.8382422907771	
12.753550057364318	3.9453764671629616	
14.650765986228784	4.7106738284688126	
12.022588637171962	4.48468947778908	
20.565837686474474	4.585479436650134	
13.471164683945675	4.955723448345271	
12.22519227455957	3.625079380918698	
16.307450514011464	5.550730172012297	
15.188253457276346	4.100616278970598	
11.651896789003253	10.871470432103564	
13.790350858425409	5.248692753117585	
14.804388075048893	7.523316973278009	
16.629092633622623	5.533935940134462	
13.542329419990173	6.110414514960199	
17.094599638420252	6.655031847719178	
14.513311878170242	3.7934717557846525	
15.142687389764992	6.474903468986948	
14.808938991072559	6.328244252643939	
13.712624442336997	4.929311745438194	
13.533070823109917	5.282600382460389	
12.926683452623793	4.323102511536632	
11.671793664116596	5.837472444198933	
13.076434074077897	4.922906559804526	
14.612957740325955	4.64766713597146	
13.84059387832017	3.8892984066804006	
17.107461152893176	4.657966339109701	
15.716400076276926	4.380725331543578	
13.28462062497412	7.3172952135538285	
13.06965645828109	6.483334763284181	
17.111791044585438	4.6274313229723525	
17.939777563338925	6.161845998778205	
12.464693032275651	5.671480642719121	
10.99113569055809	6.532702729536885	
14.715511953121696	7.5857625942944775	
12.307717093223394	5.282731756233693	
11.443863002599201	6.330512793129213	
16.5667850909516	4.423781202499182	
11.573699587447212	5.017315760594268	
13.645573491760045	4.676653054200148	
15.67590041217684	5.069291277727074	
13.60726486591183	6.119351268466131	
14.631866765872722	5.493692280074445	
14.387758016527082	3.4729822064761535	
17.50536575706281	4.654137890557247	
16.10716297472435	7.947112275852685	
15.406983538711264	4.399398241852379	
12.9983791632475	5.630885797557693	
13.035922743982336	5.9957748009916285	
14.32701882698978	4.792687376428912	
16.819232638389977	4.1942431403895455	
12.903002625046458	4.202189105321081	
11.769510099099017	6.749355208925242	
14.244511423160942	4.930533151552027	
13.423084381320749	5.117724520117186	
11.642904108900515	3.84089299671847	
13.117704652526717	4.606949742073412	
15.461140821586568	3.671788009660221	
17.6904996222222	4.3664871393048665	
11.78875391908605	5.342079706867286	
12.171838782038312	4.850895578948783	
13.856978168060206	5.160800372141936	
16.075646997543878	4.316426160658616	
15.486601670105033	5.115485955791605	
14.071122322488007	7.27346474334482	
12.332199199455276	5.673052927531698	
13.615563254344176	5.288312282639393	
13.782133191926755	4.143784440752374	
11.261025497363978	5.907504851620938	
13.148896563130975	4.352634521714309	
15.718063721687347	5.187715144569127	
16.498040850064054	5.115827642714758	
14.796499899196162	4.60147902610966	
12.483325419139762	4.965370840355937	
13.889773953456759	4.651281999513559	
14.455531199832672	6.308318148302965	
15.273770627644925	5.982296757398785	
15.342411653650128	6.040444955655015	
13.274272981104778	6.582873279108857	
13.443027148031607	4.733811046415085	
17.524105934944636	7.53819573701227	
16.420739009156684	5.91079738025581	
15.514447346924324	5.162283816506597	
14.45100127411119	5.001334968293247	
16.800317271092464	6.660083566791016	
14.641187205031512	5.852563928082786	
13.130600833680088	8.12757686186284	
11.15518946247337	7.766153079157593	
11.899720361147134	4.998570060679978	
13.3423863188843	4.9672553326851885	
13.924107048416413	6.97951117432898	
11.959810854055755	7.04006451102451	
15.107012550685123	4.831912483082933	
11.383018565230916	6.434473009676818	
15.436701893574872	6.1409543093603665	
21.932725314251552	4.781686723432549	
15.877845961471039	4.248143346175521	
11.409877420884806	4.670036667328541	
13.297329827935334	4.760157633393718	
13.161629367679556	4.674961951597917	
17.085942098089927	6.484707075964855	
16.13774547757236	5.139549430256139	
14.166812005054641	4.905249591000655	
14.15075108386559	4.557955954805483	
15.565171186039002	6.33973982309355	
12.091681921221957	7.02778029444488	
13.366281819333349	5.326566216437224	
13.044519862186672	5.530749741179104	
16.36842434210465	7.949309140225568	
17.04533249528323	5.579640987447868	
15.21124631251254	4.318627905459509	
14.759967820199165	4.877942717634914	
16.92411764576586	3.4873373224208373	
14.077738981935974	7.451273648798952	
14.993354648392847	3.7555982569663016	
19.62281314616518	6.034006801282112	
12.087869359440788	5.0343060075630275	
15.564212814862488	5.520085244618217	
17.982268865425045	4.537228824849943	
13.168778112736936	5.25363217741728	
15.974441292883997	5.584392624141042	
13.31127468317444	6.281813953094763	
14.762760333649167	6.709748699214618	
16.086167499318734	4.211335532275485	
11.277491173045789	5.258783887824774	
10.550707996733717	3.45929581586059	
15.529603998131126	4.503118737338344	
13.305255327826222	4.498129895740412	
12.504766779184177	5.008755280944784	
13.344127732830897	6.240515847528873	
13.813041071389412	5.442144290642929	
11.077077094772564	4.9856437440934	
12.550442728577337	4.105223945394388	
11.827527944271434	4.3707340152631176	
12.94946238801025	5.171866321395902	
14.84210913205342	4.6410420419913	
10.761696675404515	7.590580402743931	
11.711870992478584	8.181186470353202	
16.199330226102465	4.556203345181172	
12.828546784962462	4.248496607485234	
12.646216904737305	6.372486670348624	
13.726507737616776	6.947678130635851	
16.505535290396	4.43159796377533	
13.90460091565023	4.160853636505764	
11.501723343019991	6.871765244290515	
13.956730228409134	3.919383770046616	
11.455072362966305	6.021181117034271	
14.238652987030584	3.79851512608005	
16.634420269334477	5.79827672361505	
13.238498875531748	4.460775946531429	
11.511886878926124	5.0968448527186245	
11.532060031001276	6.01339964345833	
14.256793025232355	6.482183125049941	
14.648898667765556	5.30141782794136	
15.238173761132336	3.8717517261360075	
14.902850431167957	5.721504394108076	
14.034658279415737	5.336533352446382	
12.885965147856773	4.601597208851356	
12.768244828044994	5.518497279061999	
13.444260963413988	4.935830897796499	
13.990565019822892	9.947450972741464	
16.811014892225227	4.430396916694106	
14.544671883755246	5.400480479095334	
13.518445376684973	5.177236354916196	
13.010379766054493	5.066068088565699	
11.261742625438057	4.192616753070598	
13.319743755245737	6.6725291130800635	
10.595052356677801	5.823527643346764	
12.900790368219342	6.368688022478942	
17.55529311301299	2.0404342690192405	
15.551671952599477	5.666833259415956	
14.899374072390206	5.793126858295983	
17.070095709233854	5.567134509140612	
14.853822541214274	5.306529544413315	
14.588742352243582	4.885047654324132	
17.213978756029803	4.093088655412221	
14.311384624339325	5.034594157009881	
10.722353527885423	5.454041583840426	
10.922960342518518	7.178712200406373	
14.080079980823841	5.70576853354881	
14.236800177189064	3.235890511872017	
16.817569415566687	5.852227680087047	
13.80256836403197	6.354118138723092	
14.495106189862987	4.5898252145440726	
21.35193035699546	9.01162042126161	
16.642901721543584	5.242141617214075	
16.01555819537558	6.551868715318321	
16.412973158517552	4.137318677721467	
13.488232889789323	5.279353015093077	
21.05742195599038	4.7418061808786	
15.302346414518315	6.99997920247852	
14.008210275266967	4.6988442219490425	
18.63226753562355	3.6742157119523835	
12.443917045754203	6.204345996069814	
16.599830267120346	4.220580904369528	
13.795276357199342	5.6659468627925	
15.82488433551558	6.547074715666625	
12.226368269543093	4.50573768558047	
11.734115997316163	4.681628872441617	
12.342534301768053	7.279979964614349	
14.5424886873495	4.714818231752118	
15.329725923536945	4.773872437362989	
14.30865911757028	5.302709047376856	
14.76444156698831	3.809112299098408	
14.455458496732202	4.835992618273503	
12.237599932151554	4.307768407756701	
13.75403641392482	4.36639846780264	
13.360743443443278	4.0042207606334115	
16.85796259334478	4.483067148376198	
19.236561906745568	4.696583685917668	
13.646260506893853	5.606827682059813	
11.415115405655081	5.917342790432097	
14.146807381984098	5.760194791305962	
18.31240009537168	4.536797751426709	
13.923648793072129	5.069374819553324	
16.331528484823615	5.400100928181927	
14.844107429581403	6.078308110175711	
14.695998439717293	3.5633102838914867	
15.491511466828587	4.768337438440503	
17.042339392239537	5.800217269829522	
12.935664289936591	7.217951406331835	
16.3021953686773	5.519867965327881	
13.728444180537021	4.533836026646216	
16.771772309166465	4.999764810810383	
15.278808870571572	5.623926785673735	
13.34365349577911	6.077773433922788	
12.856941871083787	6.133818066356139	
14.583733843992382	6.023605198240123	
14.204343296135173	4.891218245035873	
13.876126038713402	5.24128220042677	
12.116918868638397	4.535952627203694	
12.787711666951429	5.47455024225281	
11.51351627297916	5.201762386642505	
19.177189537051383	5.621070322013802	
12.826821586229254	5.001117315658877	
12.045755363470944	4.258645297129992	
16.431212594510562	6.178483884026465	
13.790215138855423	5.598244847111628	
13.617014107104575	6.2470955263136245	
14.944109364839083	8.105209726372554	
15.06679149638448	5.308625790837651	
16.97983640346746	4.132773750215127	
15.679952116829028	7.889289411232616	
14.323344839705985	5.422743347345107	
15.81467857015375	4.8922867390981395	
16.25393696158713	4.578556506325783	
11.851723780354941	3.853659743105475	
12.359939826506876	4.483436724603877	
12.61728071608308	4.6927868179775265	
12.948589943814271	4.1821955561914095	
11.039110183738291	4.019046970319214	
12.811984581624008	5.674556940977939	
12.432994731487883	5.2358903074256125	
14.134660613775209	5.013397369538131	
12.369362591785821	5.0349633415286865	
14.717390416557453	4.952509434851173	
13.206008962390726	4.886463912359346	
12.4156653321931	5.196242256383491	
14.160000014114745	4.836083376638595	
11.748367952916668	4.6339031778092	
15.982798500044362	4.438597290096954	
16.345430925883445	4.38852883180064	
13.407072880174983	4.70062679990695	
13.048900390225896	4.029025755392193	
14.233327175685064	5.6170333646481945	
10.886888286283758	6.352486748176806	
12.206109421175045	4.160837232288505	
11.554306931049975	4.94962012017515	
15.432496157136907	4.054588717496094	
14.351553054139071	4.5298705748462735	
13.865316565244672	6.6662618986596165	
12.254891941698123	4.726015227344753	
11.76954264117252	6.189114485859792	
15.2249672538047	5.575001467999232	
14.463798954860797	6.410436209388274	
15.091222208471036	3.70986112320718	
14.236394503074601	6.5764117114513505	
12.501959278013718	5.375874908930766	
16.66788536471149	6.261301877003369	
14.610711324173474	5.413074121231278	
12.601290820100434	5.487991409111708	
16.219991912647703	5.260022837096004	
15.977200300642691	4.534281727020621	
12.56682235051134	7.916355729154336	
15.891558138184278	6.200645587247502	
12.36041147485784	4.600018204019108	
19.261895216069853	4.27795959024084	
13.244892589358564	5.620568777812363	
13.15628731130824	4.56791807101001	
15.641743305128077	5.360897158898099	
15.047009041946644	4.676779551059772	
17.084082253885168	6.171356138457845	
11.476071122767493	8.691722189501531	
14.381651568610181	6.927729091255351	
14.141324766826454	5.422119753090299	
13.507813331730437	4.336423908341274	
13.790730604720897	4.762792886263479	
14.324163454558185	5.033624936889701	
12.210834474340654	4.470984262835792	
13.353555520494954	4.838796618050805	
14.558647868323934	4.858669518953432	
13.657370239309936	4.892941864943297	
14.02278694276715	10.881280885221477	
13.285832942696794	4.577759027569249	
13.748682622797828	6.2866971935874565	
12.08362926196672	7.568476079334052	
12.246965753415381	5.1052260477071245	
14.682769671355427	3.6767378346868282	
11.172557320863522	5.54690388378168	
11.730321378916614	5.443668587537055	
13.372986868123633	3.6785774362033274	
9.515962804878658	7.892815924912205	
13.93519451249905	6.326841517725965	
11.674585066428671	6.016120982055548	
14.534457160037672	5.62330139169674	
16.124305685324178	4.775401836174238	
15.554640111379038	4.201086474353167	
14.77466393817928	4.108658465882244	
15.333825660480212	5.689394432685152	
13.86141844984244	8.004532495229638	
17.413851085603817	5.887498039468624	
13.768595284994486	7.904513398207087	
14.969336849017262	6.472458129583735	
16.35260208147604	5.657912493194797	
14.664534060868364	4.510208085533204	
16.232294455571417	4.774549472666373	
12.613367683582442	4.5530788257936985	
15.557321259913762	7.5701500961605035	
12.807088546629755	4.494494116281009	
15.720059889918785	7.079867501320738	
17.674741281686824	5.259712963432916	
12.618872237496044	7.2006176054817415	
15.348755025988547	4.608371710741915	
13.795550815579345	4.6660176543584795	
14.619120155164174	4.470180117129241	
11.811802331768572	4.6135497470165285	
15.093028577172271	5.7408736297089735	
14.359830693407103	5.641215855956602	
14.446350220805304	5.308198177733007	
16.10348698277164	9.465856348197049	
12.323580201882482	5.699383802764331	
14.48800311453275	5.598577112176501	
12.256078138128572	8.633303751521531	
18.278051163108934	4.043166955300744	
15.268698959312287	6.898560981993919	
13.81775648668451	6.820988425700141	
16.817521310622556	4.348846589141295	
9.982128505709825	4.583229259002274	
16.878125132593336	6.02922071365802	
11.672205932008856	3.941006943905719	
13.773720730805245	5.110695897283394	
15.123600976871217	6.547176972220072	
15.918323749526365	6.688026505785624	
14.117288363590319	7.072884655192363	
14.300342670449819	5.575617813212718	
18.475082678876497	6.005374932543053	
13.417205880596086	5.829886216772315	
15.835783776365762	7.104257555388741	
16.61770032754941	5.276456360804325	
12.792325521670596	5.074663446997202	
15.190428537013116	7.190121796114689	
15.429874877544114	4.425145191999293	
17.63730799404636	4.523453494981941	
16.40834438047888	4.549600590398643	
17.97321836999602	6.946894066607409	
15.563467350402911	4.412042850623408	
16.997965115751267	2.106808414016586	
9.78435391979299	5.5301065944698315	
16.20770271190913	5.8659095776083925	
11.493702130904458	5.017393013139136	
13.398115782097609	3.5768768113677996	
16.958289329610007	6.097216366629588	
16.050709144848426	4.1231810753899	
11.289876842745064	5.636764751788412	
15.34268280118806	5.688326851322504	
13.72870974229295	4.337202472103951	
11.043960044518165	5.485656959075959	
12.055721174306226	5.39530116565609	
15.873385818437939	5.045050586104373	
20.35265458626131	4.112282126469332	
14.496240506879685	4.564213515460305	
15.20169713641576	3.9572048647634324	
14.735542103983045	5.906447681502879	
15.264550386118472	6.3136117868349	
15.15996422458648	3.9039048075890146	
14.347965437042214	5.216364761859817	
13.26803082395556	5.686156934513425	
14.218516005618538	6.764193410080433	
14.623821105822353	4.11563130010512	
13.651819558032555	4.401007546099078	
11.812079474262468	4.174478117184401	
13.63663063943717	4.273527962907059	
13.538145045290184	4.449916656161469	
16.364782475101023	7.655418880453892	
13.112778312004908	3.649934761258192	
13.731334248486341	5.548220403744592	
10.554592581273736	5.307036003325036	
12.702062943317646	3.5485136863843216	
15.413743301793449	4.776923808618744	
12.236753506752335	5.062187215086335	
14.386477667243266	4.512379899411937	
13.877910788350396	5.37227749193682	
12.87988843370441	7.371747668775517	
16.536899564808	7.160793530520724	
16.149678172804588	6.179083296367436	
14.146927018313898	5.09760560017048	
12.528501075498628	5.186460658280713	
14.658827004323008	3.373618774708133	
14.381425333178514	5.189483478741704	
13.58082892923017	7.068987922843983	
13.665216803900867	3.8163374317464154	
14.613626411289108	4.926928329812669	
12.718868247292496	6.216154335155194	
15.111122936892352	5.006820401932544	
16.060608359060318	6.741496126094251	
16.31728529631652	16.080866833507518	
14.673455749159427	7.956236412424159	
14.713754178547868	5.977534445446398	
13.845670436522164	4.203776804379324	
14.812208575478602	7.297773602177235	
14.955335435643558	5.20690495220775	
11.375836060615388	5.260825840488417	
13.747981705857956	8.065301747287345	
11.730022009750796	4.581692690612512	
15.495046648413457	5.266038788517613	
21.20372385647729	6.85412097980786	
21.41765296048161	4.7659562221936325	
14.787233290122844	4.27372544145312	
15.251418081827124	4.611894632304574	
