15.438225990181536	10.600781284083162	
16.28948713541143	7.028969964888076	
12.205066758228028	9.046344133958012	
14.326601314619118	7.504613756994921	
14.235794597436886	8.68433564777282	
12.954082859209823	11.725334705381153	
10.174437495187457	6.414416724351129	
11.175051522661088	9.02220613117646	
14.99092509804233	7.700571291166369	
13.132588977798978	7.911668715559958	
19.012376112638616	12.590260023088346	
13.840727960996698	7.65241260960984	
15.233732482275396	9.840392543500995	
8.429947682288654	7.107564092239241	
14.437224234938885	6.779736507626696	
15.66678318498516	10.599398348382488	
7.998801816401061	12.755021252522297	
11.508912730434957	7.161369685734777	
11.456660968005156	7.973623171121137	
16.647909984606134	8.02808638712362	
13.963395273895104	6.2501930028867285	
14.402999746657505	14.859878131512179	
9.568695992683844	9.282438741173507	
14.71468223053746	9.561226329459165	
17.117778246484576	9.736441356763683	
11.194536928535127	9.686081050004749	
12.483911572876998	8.048401657980037	
13.54837034414212	7.6602298531416535	
12.19212971258687	9.515609079732307	
13.073521847447415	6.875030288162269	
13.90410788225188	6.367749058513573	
15.739946349030976	7.880317786451776	
12.673943108202824	5.860836144707545	
12.740017015077218	8.487964248904813	
15.96959174999956	7.4952333844227335	
9.703947133036861	7.790034551662472	
19.755837554047275	5.929146074176059	
11.426347273912961	7.094726036263845	
14.244798741363786	8.504278654286658	
16.913625788044136	6.046951693933665	
14.04271915299073	5.207871059082767	
7.565065173609255	7.728921163853972	
14.560341667620731	8.456218513675847	
10.586665175657444	8.488298315752518	
8.925093040187468	10.566467854260138	
8.637098861017524	9.688061832666488	
18.9081525344351	10.241123938756536	
10.701140179540246	7.746890459611128	
15.215937146020805	6.157622876707636	
7.730560213395947	7.863569225259599	
13.969869828548307	9.62814913662717	
10.779008703227316	9.379701901894611	
18.354646403351392	9.967337492046985	
9.481580614807022	6.8318748069109585	
9.276871899042254	10.85218521204824	
13.30107586595342	7.132370379928028	
11.345510433799006	9.417062712224126	
12.193769062381875	9.770209253260392	
12.412648711700808	6.384760237239876	
14.852184316721932	7.573109118643782	
11.873559877804954	10.603751542060255	
11.046743314703857	8.854578572858962	
10.421503066418593	8.944022455694268	
11.873571805915745	9.404511000825002	
17.43536513659112	8.295940496155538	
14.097590396813697	10.252817299307097	
8.017800405103392	6.9283499779924025	
13.134843832328482	7.283988919810504	
14.055643632828042	8.081519112281093	
14.361892851302448	6.733716315009112	
16.6973177466046	7.367184591464862	
12.410947151989037	7.959911409376781	
7.978243053238047	6.041363428065378	
11.02650676076453	9.002239920867872	
16.839325389078613	10.08736897466034	
9.26762556242201	7.181511400960813	
12.804581105324834	7.826384678754556	
15.99057003710594	5.9063884453418485	
13.133428612975496	12.745748376481528	
13.660356695877802	7.655118064196085	
12.123873152539806	11.173086069205853	
11.653650396404805	7.380145801018442	
11.55701752999375	6.570082027206004	
12.900132446193192	8.507540539402845	
9.041926913914018	6.704273139672524	
12.851858718898082	7.70448131891953	
15.550197363935467	6.099150917761514	
16.090244511621073	7.636857173331732	
11.990430510207698	9.040359517478956	
9.513199074567288	8.102574197670375	
18.06314147941121	7.752544982968641	
14.001024483188013	10.20998372586431	
15.09747513734992	7.317004672863987	
19.430423506197176	7.339084076327216	
9.684015927423546	6.730083566078252	
13.338576569250362	7.144363968865278	
19.380668298095216	8.350832808933529	
12.908542467485383	7.781480676456453	
12.173215501023064	7.253611393766685	
11.144974833359795	6.616448414011782	
8.362905244316364	7.369511532871915	
10.557360691363794	9.051182035251516	
10.483885560903921	9.222265838551023	
15.667951974575969	7.248054228173802	
13.523465229066405	9.162540412342242	
14.772518706221925	7.543906266779432	
10.621230549293761	8.564367979413545	
10.90021067845424	7.232558663793436	
20.58858873851265	12.268640114292948	
11.730136236989368	9.01939661600713	
10.291039248565228	8.5380269057117	
14.39012469131967	6.712899727707889	
12.469118686125741	11.150695046629684	
15.173448786623496	6.989597907725853	
13.254882736864396	9.804094395297854	
12.86864066131629	7.703489731136281	
17.973648755376768	6.568830075501085	
18.192228205122262	6.765121781326406	
14.722506694409574	10.440952430854681	
10.23373390626796	9.05620682088632	
12.9266082507297	7.280019563526124	
13.061092339478055	7.992443659352035	
11.890460234301594	7.626600716310301	
11.823039465015192	10.609034313281505	
12.761625305275954	7.204324366308048	
15.807455449182347	6.719087922532664	
13.409346631526693	8.536126401476617	
13.291261442151498	8.562414266697909	
13.672969163499944	6.352041681577017	
13.605116835451355	7.806868933364933	
15.187888584459776	8.11244913646179	
11.484566032949955	7.790382222395677	
14.856518513846707	8.39508236139535	
16.742904568956142	6.982739578516157	
10.889502929586092	7.062075459610851	
13.312210719690986	8.143858540455447	
19.159586038936204	6.981191311164569	
15.553223866760929	10.617028634068884	
9.445516068088223	7.382338986044483	
14.760687618978931	8.04533932083655	
13.4877290243836	8.679133843420212	
11.122166543935466	8.112075398438327	
8.53123919670458	7.869923261573651	
10.275996212200166	5.9036411990195665	
13.441246832160813	8.049587960677469	
16.799752445971667	8.394973314593843	
12.985891175096256	8.423422947137903	
10.601644432659622	9.253809260877727	
11.247437912861024	8.069666194951722	
12.229182395923846	7.2557531310552585	
12.18719020791865	7.024359192480505	
16.32100342248523	7.6100055652086445	
12.518749160366498	8.074652779734992	
12.508024895289687	9.105930900928076	
9.512110634961713	6.823661644286023	
16.06613416602911	7.067438684714574	
12.310807171631835	7.201571925515472	
9.811386114232166	5.907499969727467	
9.81757711886626	8.441825388989027	
8.318564008869942	9.37133642467385	
11.015761168940976	6.39329190414152	
12.516741776106121	9.856283495922918	
12.495528344358352	6.602049992951611	
15.057599748205837	7.513819991036967	
12.513642417370432	7.25033727100941	
9.550614353301984	7.841778056026271	
16.922211007278236	7.400043179281283	
14.535637426938122	6.063238832830266	
11.00604625489937	11.885631701781824	
9.760204419631423	7.126896564036957	
15.453130612806529	5.533367286620462	
11.328426132296583	7.1116891983754655	
9.95041773806514	8.002578081551453	
17.676358430699466	8.433477649889811	
11.884929578361643	9.347258480915684	
17.5077168312051	9.068214716959098	
14.015981588429238	6.799738654569721	
10.839337375687853	8.556963967401611	
10.943495338756177	6.441660552461225	
18.525637215678405	9.840438552206729	
11.714030837254302	8.49057896769489	
10.855010323149022	6.687745648680067	
13.159045401411039	6.863706216683211	
11.557736433809353	8.113165934926606	
13.04104135519128	5.561138781933801	
12.443286056680048	7.509233713381377	
12.798720300931723	8.733550620409696	
8.891109127521043	5.683858487664613	
13.409533834841692	6.809938175950528	
14.963891752896444	6.790887382728934	
10.363157097303388	7.415323618724007	
9.811431938593758	7.0902727665356275	
11.775223066830739	5.713709906275937	
14.183137916987105	6.240707161279472	
9.803290811832529	5.6586862593760765	
14.7342899173845	7.010636469276555	
14.098793801729506	13.17861547780098	
10.379569516792095	10.759640904964975	
17.089066324905403	7.681070865673016	
19.32311717391488	8.142823564971918	
14.565052046841151	7.304355552950766	
13.113438147220155	10.864111871610104	
15.877868906221401	6.921922738140893	
13.57726153066518	7.531998148017238	
12.932893231931352	7.607228000354991	
11.924037081164345	6.849687772317144	
15.691334321764975	5.408552848330462	
15.684497437628387	13.295961865773942	
16.34646223962656	7.973501504958957	
13.480674761006824	7.988233841804757	
18.477287846409553	8.399172009452052	
11.958951476377718	9.547541148016236	
16.154902268546312	7.391868446393286	
10.546586876781285	7.5067512009982575	
10.924480800668576	7.754774076002669	
16.36349554715801	9.613353782135746	
28.284628168713585	5.010649061760537	
11.868713676949715	10.70300359350514	
13.153866363634508	11.702659657945613	
10.150513908900624	7.13684345852283	
17.371930761022313	13.338981313930974	
12.972687688457363	7.398225871965168	
11.809406189247836	11.715264226064443	
22.485287325554697	8.886240414061525	
14.31389486970688	7.351566146746477	
10.318194573847551	7.7651301778664115	
12.357184741441444	8.713857968531226	
9.099086300176838	8.227392837456733	
12.215626569077555	10.315066224568689	
9.326245217638585	7.723066834404477	
6.082235840551204	15.1243562469034	
11.172427897282478	7.02795239438386	
11.197644580873044	8.725417965841295	
13.096382614396	9.193567815281787	
14.595004450449828	7.994185547785223	
13.624880189486444	6.4640548762835675	
14.65082937516074	6.31579225647714	
8.01633046167919	7.295438813779681	
10.80334971268694	7.191592304080359	
11.962710224547306	8.69461571930345	
11.652493169355106	7.205939613601214	
12.824138357409348	10.982440436158551	
14.878827274855265	7.049589138240534	
13.898658104031862	6.1402277954401665	
13.004612870754055	9.371707878172426	
8.324975463154423	18.617029386648813	
14.588316568788503	8.735681682526836	
14.956667080456965	6.7085914987767135	
10.173857481099194	6.330550697570893	
13.302687321562583	7.458813131740728	
16.59374407028076	5.775395516647242	
15.454696554237053	8.509862402295592	
11.728724422456779	9.0777016155414	
17.341876539491693	13.195060908257739	
10.264607699459392	7.616374661419261	
15.821227668014213	7.972539679080449	
14.325318160062912	8.177834441326628	
16.516215521129023	6.886278559908463	
14.60697778108238	11.353919877320612	
17.013849474676892	8.495548860874267	
17.508279402497074	6.886816037129821	
12.000921841959	7.361385373618833	
16.95563163449985	8.213112306723287	
11.26669655235463	10.42226597563395	
10.395000612248815	8.225709553328786	
11.266951680638945	6.92887833939087	
10.969730541078974	5.317872472487164	
12.07325444799053	8.280150167631673	
14.661598096953538	6.541669420290464	
8.118071188577844	7.460857416209397	
20.067548521394006	10.09891348704971	
16.21478755956484	7.956861299209033	
12.792849932232468	8.236816745464212	
15.761432193154471	7.329449227412816	
10.564777623365266	7.1052261923852615	
10.930942356155679	9.8227311765339	
17.3718854180558	7.26607600751731	
9.0334832034252	7.205826248235588	
12.314207736391866	7.482181272203447	
12.591893998815877	6.960087953774256	
16.59674020231405	6.90382020733145	
14.205194502746636	7.239975959866948	
12.238158058158156	8.415376654641827	
21.364937738827248	8.510965840581354	
18.291260226313874	8.503557373145266	
19.776282170510598	6.954814112286437	
11.838650308014891	10.957889119007634	
9.226429472928684	6.515020201739189	
13.032897741055077	6.732088067832189	
11.066514150670564	12.862831595841845	
14.19988908917577	7.591641522444227	
17.77816814834115	6.989139251596654	
8.979538875960552	10.178315341142426	
12.075666139720646	8.450999724722578	
17.795268303379707	10.555315678625327	
18.358389663024816	6.560300278153214	
12.129133915443093	6.353344501131196	
12.38157282811419	9.309455781431554	
11.590844874813367	7.258218324860657	
15.80143021787958	7.4524008769644645	
16.977654850806324	8.271824065823736	
14.052465883075357	9.760810551658814	
18.281333582147596	8.47742256517822	
10.857115654598543	8.35027720442715	
14.64463102649677	8.334643687700119	
9.093580545690672	7.032257135487169	
11.040584238758424	5.710051808954018	
5.534488284992087	9.87383168189046	
18.20830816197117	5.974810657844835	
11.692871151053595	6.619272407455334	
12.875470924091598	6.92204009574753	
10.782582543119197	7.973656882928765	
10.629013533927647	7.933699649392061	
12.216865660559373	10.061220288355043	
16.142043743138977	6.720580561409461	
10.882256736380107	7.490024094387793	
12.851786953516521	7.357347643937845	
12.281364547988218	8.784806745095334	
11.117119711536894	7.6090003378568145	
11.125598406365377	8.821745148580474	
9.827554411118326	8.451811182607901	
10.683740690415231	6.37817948859768	
12.298132273230495	8.391824786007767	
12.50874223692628	6.540594513534516	
9.631553919892175	6.759457652039382	
10.596277526946974	8.698410907197664	
14.558493044479565	7.611723184643089	
13.335120315217859	7.825305823378255	
12.223788240504874	8.213487004924326	
16.014486252299417	9.01075616253374	
15.850359880870185	9.03896100025614	
12.95830848407693	8.40030903075373	
16.51973679220465	6.474340700270121	
12.497687235304396	6.559905299907546	
13.373503047497746	6.975292114994607	
12.355527966643418	6.997111056397647	
16.107558708138143	7.676854753561431	
12.530166000437132	6.379706661972724	
15.688636330065874	8.712332686847343	
14.763080171515517	6.858304115060259	
16.39736422970073	7.773544808067035	
18.985686414494573	7.437579729677162	
14.387719871556449	5.79164071606693	
19.50634788228639	7.189285791205101	
17.672686100042256	9.351094489965764	
18.202159987715454	4.603349750313039	
15.719359421672072	9.245095755341813	
12.852606258501474	9.715273827451204	
7.232564267472433	9.068207251038917	
16.549326694338003	8.24975863328256	
16.65275190977622	7.2340112158295184	
18.578659855315863	6.024165663950192	
13.554016631408684	6.56891706275981	
15.29095087479938	8.605403813844436	
19.793145607258744	8.708921309817741	
13.952214312663633	7.9227542307287395	
10.207153721140516	6.38565445986603	
12.528597091890704	10.869481021430797	
11.332237724658707	7.608996544745114	
13.885241770655462	6.873634875199951	
12.281807847971672	9.096216588708527	
17.634183057757816	8.265393310880379	
14.851433653359013	9.682473476793852	
12.261628282884406	11.393702597408671	
10.969983821609734	9.232444766052742	
16.481561361674505	7.697455341090112	
13.155577584041405	7.065471604179682	
15.657093004238844	8.756858078766669	
14.326316007470053	8.066385928180374	
18.621451248586506	9.426035102034417	
15.688298115221157	5.331505907748937	
14.90661741625979	8.800933803355255	
18.204797727114055	5.957986785072886	
11.550833096033298	7.826807927327371	
10.276620168982161	6.078783090581652	
13.723345104146432	7.293934189890009	
9.155074081457782	7.254488981028151	
9.464344098021941	7.747077378313271	
8.710863117916741	6.960869249488561	
9.773323673840743	9.196885487005733	
15.582832091350427	8.143109221932171	
12.846625901426286	8.510553247850325	
10.935414887281535	8.079802689203694	
10.21574474029866	9.812377648361997	
11.48518191916982	7.650751363103914	
8.854304631379055	7.9439938147470075	
8.985807067834383	8.830752002172344	
14.835390569955296	8.019312524530486	
14.568494328500849	4.881370126458315	
11.39081091367604	8.883274396267117	
11.375039024503995	8.06384827283984	
15.318901468042135	6.18149632430638	
14.491621821749295	8.678620528785498	
12.67778165900252	8.353183073738467	
8.97413402096225	8.211985150242535	
14.43267317105352	6.390623010545967	
13.88647181904944	6.263707070811047	
9.129810829728289	10.255654816692084	
12.879744870013706	7.749951035123018	
13.340352784270733	6.987972202196881	
13.410901149840264	8.974004706748904	
14.878445664686279	10.149641140433996	
15.911174114897088	7.996088898461535	
13.634368430042114	7.470228248640613	
15.391157950985363	11.039827445635737	
19.85946960928704	5.196894325840416	
13.962210521746194	9.358628255625826	
13.557508211683054	7.3250683220404635	
11.874802127531606	8.534174995516997	
9.561252310527877	6.43392089013508	
12.190936820232446	9.65453547091339	
11.962554287335815	5.952328871008238	
12.093382817556401	6.312536871889448	
13.430720358888754	8.002296373776485	
13.933009187996124	7.476538775539805	
13.892248757305186	9.160633758054137	
12.430209383321454	8.834351978575597	
14.237936657452686	6.552270668825512	
13.44696811983215	8.646101470809104	
13.504879934531044	7.198764092499057	
12.132424354164007	7.47263395876408	
13.582636094463787	8.172203444359495	
13.51218483795918	7.616638920216431	
14.740857072415292	6.997396982266179	
8.994920533288848	9.59938155252311	
8.428694791897247	9.910089626175713	
10.292719822134632	8.563716314712387	
13.039963574643563	11.887621534760731	
14.025389063066976	5.164831604980929	
9.941045179461183	7.905899111792011	
20.182529250234975	6.3698486085437835	
9.45295882156099	5.22801617296894	
16.35099934552634	5.713726892167954	
11.956516697383613	6.828339289565323	
12.411031245897853	8.170308769209807	
12.45511455600997	8.793702390332468	
14.918676319075676	9.869893356037636	
17.169220403550874	7.90711127573849	
10.672705982868576	8.086228615457658	
14.719984267076137	7.972588031333085	
12.848125603247688	9.253635236741145	
15.459354729690164	9.331348778433338	
12.956214561580257	9.65415147747373	
18.14370479137981	14.76210527360668	
16.814424013144812	7.719834123157315	
13.422581208773524	6.689512345216934	
15.347596251961013	7.333839942047602	
19.451242660134767	10.314042549021972	
13.257342911444955	7.231285595086223	
13.558925360786612	11.002043774563905	
20.72925938275373	7.9099353663692	
16.581027620593936	8.264062271888303	
13.124235469575959	7.9733265644564995	
18.152898188534294	6.146671615089393	
17.313429281027112	8.250407680940352	
16.634082228447372	6.726834428622743	
4.570869392012418	8.72638897718786	
9.312849391061244	8.290522720164313	
11.483009193607728	11.811551451222304	
9.981236719936513	9.766323087543974	
15.406885752187183	8.296521833962812	
19.939869516460035	8.071249556240929	
14.686574171391554	9.815842163419987	
11.698870875372002	11.34700773780451	
12.963400455071945	8.251644752563818	
12.601312481696034	7.642225216367723	
14.501191851840154	5.405668061101122	
14.958282484185661	8.31120568614539	
16.29061541382255	9.898272771873588	
17.297053048412103	7.615378027144158	
14.95924033685815	6.164544682296571	
11.510471408906328	6.505303955617305	
17.709323213940266	7.351877718634954	
19.02885895878102	6.45109203187698	
12.813225913301148	10.155524981699953	
11.644527167737845	8.772668089868274	
13.087808345816107	8.369617736431385	
12.874713776450418	7.928127883217266	
9.597289827618793	6.7472031121551606	
13.070128068292119	10.153823797728766	
11.516618080951257	8.376277476341844	
14.358270021692007	6.870281223788097	
15.39807130786997	6.918823875908445	
13.076631147307463	9.72183309569437	
10.07584746638812	6.681410603390346	
17.351961397384475	6.588565084264817	
17.084340861815303	6.040134358142043	
15.551739330191433	7.757929726276365	
18.222797938561353	11.479802553509654	
17.36354982173537	5.807453224482583	
12.921233348925242	6.645413410469274	
9.752127353203987	9.572144636909211	
12.223412845181956	6.433069254751839	
11.048862104826291	7.728739795299964	
12.42899956494391	6.283920446206834	
15.2179708789677	5.676631319051108	
10.1228756753418	7.743213935997755	
7.859384039882225	8.185402651953567	
10.819488932339356	7.589774553557287	
14.069124390318635	7.285191781394299	
13.417293057212003	9.161912117848638	
15.10260197692447	7.893446789198585	
15.17010201536766	16.05828329466648	
15.12062521780075	7.853988395158909	
12.210466210383387	10.593934249764859	
16.2698258514225	11.624547020725814	
16.847976963520612	7.495747771088763	
8.256481032696566	9.668694615688505	
10.222664317211088	6.411254788685278	
6.967681021524128	9.801417753169988	
13.090605842317968	9.870668408286242	
9.891294042540979	6.576527718683492	
13.164667547262665	7.938621851069923	
11.077810847967363	7.465298429979735	
16.60438379716443	7.030882272854299	
16.247244671010773	9.251438988065658	
13.307602205179478	8.949576487648619	
21.13379019635452	10.848236726040687	
9.404497951479025	9.44766799703954	
15.189056901838885	8.037125033090057	
18.22695773719442	10.282917356209243	
12.675217258118531	8.526350179329906	
14.211479729852417	10.407361249166417	
14.065190722646333	7.572225644579625	
13.275977471923124	6.444963272994076	
11.667558665775418	7.315900682349316	
11.86805499051953	6.262615592633561	
16.576991472981277	6.114102891705032	
14.716122533012767	7.354067189024378	
9.897699612538949	8.271128075051122	
17.414793085803893	8.945213401965791	
19.337271496489333	6.142224743001818	
17.92511271501356	8.429791696663473	
16.487081434407596	11.907293532127747	
20.386527608675628	8.164859499821256	
12.158525987707385	7.735577708570201	
8.802637617363589	9.628721092068579	
15.274809263997987	10.842280674968523	
11.202002848662183	7.388828485481683	
13.013888783116208	7.154957458609644	
20.61228950273256	10.779173472894094	
15.644368376716551	9.337108957483792	
13.015246765037672	8.250419780971377	
11.75331539833702	7.614532212081395	
10.635818319992882	9.366559370423055	
15.44340385538412	7.396478245931344	
14.192955878837644	8.503881257766894	
18.64847833942337	9.63682811268938	
11.705782995754216	9.793842035148131	
15.36157879331276	8.737664675626874	
13.626215137402067	11.150258226580414	
10.963132922543515	10.870524383635244	
10.112746588832726	7.493506372705378	
16.572549532231193	10.10014513608299	
8.77954588704516	7.261445169588846	
15.171307372369434	10.48935477059637	
18.81338693506802	9.563008822898036	
14.452580634594058	4.796960231085888	
13.966551378602368	7.660320409446668	
14.448165052585516	7.578109802847875	
13.936558430888402	7.037757737154555	
14.144359451661172	7.370136202497137	
10.574776154158567	8.96716751375226	
14.387293833742003	7.9460807835685925	
10.472688106290374	7.45624765767868	
10.156505239514997	5.834962011857746	
10.659981457167293	10.202181271588175	
14.88293911659968	6.643245080870039	
16.237086057866605	5.819415968863603	
12.021471456779533	8.591541487109547	
11.187988637583029	8.321926246407774	
10.070589192614348	10.532357835304296	
13.311479056788562	7.4268662697171	
10.573875938992055	5.969916711776902	
8.08140876154795	7.687934350547921	
14.701063844995858	7.30763214054075	
13.977141353408628	7.985890965901097	
8.143839726908231	6.65276475564525	
8.236468730325882	6.151191867699546	
11.337621689138725	5.890322052720221	
12.486247396045568	8.33505949206597	
19.057756774167597	6.696599318770459	
15.096592128455677	9.100205337520036	
14.391282916578689	7.474356090034825	
13.47960085665901	6.274634647745413	
11.673237401519867	5.8742922361143926	
17.369046765989957	7.838533456124476	
13.38827888128313	5.9916346215469956	
13.427549588413417	10.726038167169683	
11.780395223398715	9.319257245915125	
11.782452927760444	6.31674276970399	
13.49592594496687	8.4105664777424	
16.259642016135945	9.60337734831045	
12.381799160004807	7.792802392405615	
11.95815512499109	7.988025655824303	
13.808678521212977	8.473846804668366	
13.118219097261333	10.603525009673602	
19.647700905051643	11.617051560754152	
15.065731474273042	6.065094016537493	
12.791045851672864	7.657813617491291	
12.135574320629551	8.165696821777463	
13.782243887972543	10.202934848316056	
15.84040019753334	11.672753900485896	
12.631634746626643	8.034810217054103	
16.93964997633969	7.072290409626799	
24.584402251950415	9.059404099873305	
10.479249245065628	8.782383855862514	
10.988131290221927	7.005411912563883	
13.714782155997282	8.237832809662692	
15.512509880737998	6.594439981863646	
1.0833027843720446	14.849197191743434	
12.836157557258174	7.307145382061646	
10.525631746172467	8.361334837712482	
12.04106626894146	9.486906051910934	
12.669755710808051	8.011736631039708	
17.281984779047747	5.686616647638645	
11.79326773594666	7.864021233514148	
11.352714895762787	12.831700468871512	
14.356279652318532	5.92785579522734	
12.54512037009546	7.99294676136537	
15.171766841730339	7.736340465213329	
13.360181439336715	6.565594933681807	
13.790894293284413	6.728272026873261	
13.262598602593577	7.2644190925143795	
11.393866138418444	6.948061944438042	
8.805098967128549	8.55367496072492	
8.973458715031509	8.948613817307598	
11.211593224158095	6.459516378332612	
12.380346394872655	8.005602447752157	
17.390841486008718	9.940545496375705	
17.38881909175536	7.0671107205640284	
15.109927795729785	6.631258180223497	
11.189123273570871	8.536571296251315	
14.739079627051671	8.601180383418182	
17.89346686438727	10.237685009349141	
11.720192824850105	10.227385179057352	
14.169450491638209	9.440963489755593	
14.370796988577107	10.764412726670884	
16.28153713047095	6.522847081471463	
13.8674176275844	6.4862473849113815	
15.867425506489239	9.388943244514815	
12.81182996443106	6.961882868081552	
16.073910816489526	5.615799011751358	
19.63875911634987	6.808292705644081	
9.216747754178739	7.3278786063738774	
14.278349261934487	5.89000082046017	
13.274044593113691	7.8607206280900055	
8.970532978691875	6.706981126528682	
12.805933402868618	8.471092994653029	
9.624941478629625	7.64358189005156	
14.921831081042429	7.2912129633715095	
12.136438665595858	7.945296541102343	
10.690003246254548	6.409514118146456	
18.65953522032577	10.993520879984885	
12.805071964851901	11.641157936875137	
10.588478833283622	4.914547201065077	
16.909920469497816	6.6660856311950685	
12.778276325994009	9.27923369827058	
14.398185065476998	10.062323987106007	
13.66510305337516	6.528044055765379	
17.150786794951312	8.26921224258032	
14.968495120894861	7.781194579351839	
16.858408697436012	11.75267575249356	
18.610101181873173	7.618936058097421	
14.769956651368922	8.28570941118062	
11.81974590809954	8.87767431300305	
11.113770769153007	8.620559899702938	
10.368504831824842	9.757143417289914	
12.117230718642677	7.9345106213258845	
10.158020037503588	7.2410815530251895	
14.484835940606647	6.8471492044380655	
13.485608415967636	7.223816373554869	
14.573468619620582	7.010249815072164	
14.307603043139308	7.3600406778918925	
17.200136504414974	6.811136831770961	
15.16512378647851	8.640298344329311	
10.805958002399592	7.166294768085874	
11.86621917838981	8.242569312746971	
18.67906916859646	10.265152556723823	
12.259561334736112	6.4749772999718775	
13.529034000740648	8.07633280549029	
7.78783644825767	10.895925534647747	
12.92234732840058	5.929052735918742	
12.811642132334372	7.650552279496347	
11.481709146551516	10.801262264637018	
15.27600838680426	9.926376727225417	
10.9778088564761	7.386183325876128	
11.638475866119254	6.456411807260495	
9.582156935108005	8.087089309394871	
12.412344096928228	7.907599521211364	
19.157755660403144	9.481888945489299	
13.75185356809046	6.5356112983278685	
11.313713657976033	8.783235998451147	
12.783029690508455	6.646773496634084	
11.53165249583525	7.147604419994203	
16.181987148135143	7.69185675400598	
16.32715576952681	6.157185723515467	
13.287657677432382	6.575714696392751	
13.84914971805694	6.499552360579778	
13.27523363811122	8.358573940245224	
10.570020848625619	7.503133664027258	
11.147799026161803	7.1111525668889595	
18.018402655237036	5.498864906908872	
10.95474693797373	7.804212358991853	
13.340645119042744	6.395194685402516	
15.457716829471337	5.626827375400733	
13.705935965689179	12.87583951983031	
11.13394778842373	8.795897729975096	
15.860205688418459	10.573253595538597	
11.704815804277644	7.259706395722548	
9.520571895225812	8.424967376072651	
12.722241176243656	9.260250750723145	
13.491957549008074	7.147000322663938	
13.545802159976244	7.4569567043623675	
11.265364101631278	8.409156689028563	
15.121437869417306	7.294614603414397	
18.93635236669759	8.570047888006417	
15.651749295231674	5.903774247572425	
13.542782827529129	9.179831132291934	
9.819601156743213	6.27481391818551	
14.661582512843307	7.796115835563527	
10.313235329434972	9.719750210735732	
9.831005592363567	7.975797062588802	
13.030896028582639	9.599613523302226	
13.129451912217327	7.1649057321056615	
11.358649972145436	7.236151947297846	
17.031495699329394	7.322958715551732	
10.4859627218991	8.06223729210948	
10.812163978569577	7.60982061116529	
17.047773892916457	6.04275830445495	
12.680494018640374	6.899039613995134	
12.720953475945517	7.37276096221097	
13.820600965465514	7.302921917782724	
12.085759126421737	10.058057526240859	
16.44929595918548	4.928904157869223	
11.05255211183744	7.68143958201397	
12.355179482906482	10.587533330123108	
12.217603973861479	9.382483368859495	
14.392785202923493	5.997200709520068	
15.76643159530299	5.581781423283567	
10.545253173396992	8.617007217313082	
13.423429201155415	9.59472298950297	
15.552625500020756	6.837934105154177	
12.461132810532337	6.869108134674188	
17.2575760562099	7.759065141920764	
16.150405609675516	6.140574300787176	
8.726978157467096	7.172828094944094	
13.34720319537237	6.313511182277136	
8.539702806491858	8.316211563382163	
11.709558922512809	6.79143951284446	
12.550236144142904	6.7981653824383965	
10.376477779143784	6.397885812017833	
10.011882124699394	10.183604371959339	
12.568719478013247	10.007657231464925	
11.792276978254009	7.467186254719585	
13.59325269712533	8.85641777701962	
13.006607638938446	7.101837862109969	
16.892021527287593	7.525623992037473	
14.72751899704733	9.042276932047365	
17.802982097664355	9.150253982800958	
17.602128485520357	8.643365441037378	
15.377285959368995	7.550636881966538	
19.142647764812484	7.390698045010933	
12.142502994379365	9.828245860579376	
17.055515095817757	9.820122228784275	
20.576188971941356	7.497019775654576	
18.2959366214684	8.042825487147805	
12.685695007799564	9.056681159407438	
18.07768750836751	7.537303550375375	
13.312352124108124	5.860620751538966	
7.143346516376398	5.0661514055618175	
8.602080785467669	8.002266260513764	
8.419782702544389	7.081135811215524	
13.936233017468448	11.42848986015175	
11.96225936997878	7.117337075625599	
9.502469313863983	9.680302793369922	
12.332538184131291	6.4549744070134745	
12.704380044939334	6.283746365416787	
19.85088964618813	7.8349418052160145	
18.523021165936786	9.008831566028226	
10.587348960668326	9.113989764685263	
8.564769701299136	10.035910929019925	
10.519459506368612	8.591033555364325	
11.014227338454926	11.437931086078663	
12.748426949756091	6.768029835644977	
9.289538970193034	6.611159442418924	
9.976689677493662	7.612124287773924	
16.1676187683655	6.212380589526659	
8.165334863069994	5.385889846390947	
9.516596370301839	7.544810200002586	
9.07198561725451	7.783112278407081	
9.088823968260986	8.98043195824759	
11.408539168730872	8.120890613247386	
12.112179430596035	7.400083779928653	
12.564914819854046	8.340006508245464	
10.988078564244086	8.548712057977639	
12.721279361490842	5.812936955755804	
21.682697385702397	13.747538087901281	
15.24723861413464	7.777798597429928	
8.672292361544287	6.473332256424847	
10.97222960258081	7.890310333977855	
15.397041897709565	6.88091937681469	
12.022732684574617	6.071437144183106	
18.965280723176505	7.213039695788847	
16.492709025502286	5.26504685076485	
14.219922811107333	8.303227479101512	
10.624101831979122	8.354181483131443	
11.720904896499047	7.252433451384546	
20.03152186995007	8.829869446677623	
16.159528446306258	5.74463280196218	
12.61402080062223	6.939484460679355	
13.211252182465902	6.469747804842002	
13.221149189357241	8.697472642204712	
11.087236336106175	9.173192974141893	
11.676186603605172	6.47431689091596	
13.72453482238091	7.595788623703574	
11.71710791205576	6.482837048771341	
9.206823789190135	8.892510138136362	
15.368539376703582	9.905536603746409	
13.650258568501048	7.1542038179009415	
13.436167400000036	7.067124363434511	
14.727370544187004	7.686570514022248	
11.640639839434096	8.484798833092594	
11.78827609149477	8.114853102605725	
12.491314767516414	7.6084717655030545	
14.524504095132434	9.538106315123674	
11.132701077677789	8.824456340067735	
13.139860033675578	8.300559334014174	
10.408715896191865	6.861048023116369	
13.765064472424175	7.279344005998393	
12.118316418241863	10.998607713969493	
11.911387996470664	6.821676298257054	
11.045507099068635	7.253390921806549	
12.909967341225403	7.714491038779526	
12.036517011877	8.369682639208678	
9.378300093566338	7.41827886942155	
17.099741281382933	7.6520253894821	
12.490966999098541	6.271335893020011	
11.049589349488874	8.902698729673471	
13.701635548394547	9.477416183295354	
12.897305692010438	8.728153381930879	
20.64218991870552	8.553431982842866	
9.859169282605828	7.746281455984031	
17.60928195899593	8.987283377516892	
15.243917324937087	7.39854126393323	
13.119181838107632	8.187116586269646	
16.340817070651156	6.273638173717457	
15.337708388665426	9.122408647498998	
9.673291249191841	7.968882414988064	
10.949886620614476	7.396226519027592	
15.03418665727284	6.730072946920231	
11.342101858281012	6.3432293810503495	
18.27390941809677	11.070872391409695	
12.45448536683031	11.42766359255665	
14.446731729676419	7.497447259172493	
10.615029867601825	7.460130286800993	
11.710820198033659	8.588003794650291	
12.68278393807085	7.269499489792201	
12.006081440087595	7.682124279267366	
23.392670983803548	14.335829555986917	
11.538445289036078	8.45577602989423	
15.586337588983284	5.577353772538589	
13.525978676676147	6.97093033827191	
13.947249765409964	7.902517682610352	
11.203266884103254	7.063043792166888	
15.034956157959474	8.726423118503904	
16.894804970608117	7.211313261009078	
12.244152022514633	8.62518493524941	
15.756727715611259	9.544349787744785	
18.69935023885602	8.512743722978238	
14.331389891807449	7.193757575709615	
8.712443705229528	6.402623356277668	
15.268390788444986	5.992263667722861	
17.314453649228106	6.287553289318734	
12.783095706798408	8.98079938863935	
14.149103271691459	9.676463640591514	
9.685562442019027	7.674834795403961	
8.633877159970321	11.073143672870671	
15.624811696108459	7.631803126525068	
14.752317885492864	7.567859449116938	
10.777674838693438	10.41111616995782	
16.26934384418982	7.395118674204873	
14.477058649995694	7.504786105331335	
13.431847115806274	6.3097931309332544	
8.966017468942846	7.783963483931257	
12.008761519668472	8.197013912133094	
9.030984896335292	8.904604431779038	
19.775635831839026	7.723160670413415	
18.61976387062864	10.080556985703351	
9.408567502376014	7.02025158061697	
9.864279033763129	8.96253800277259	
11.463650577649016	8.637708786587146	
14.514458733792365	8.229251249278082	
11.787416125914174	9.083042577505163	
14.923617576927878	8.668029329041888	
13.521918719178107	9.283563880266593	
13.043210641115946	6.67586950436813	
13.658797141038836	7.6648487466955295	
12.44721656418439	9.334185119171483	
16.836823588757262	5.960221069863103	
16.0989128533453	9.133874898944708	
8.220938576497389	10.162123766086514	
18.569954584962158	7.537182027451429	
10.119413451209208	8.490680397647928	
11.028642415808445	7.57805960143569	
13.104756193104329	8.00271532424014	
11.81229696152386	8.373433964553874	
13.759930610426608	8.384985027425754	
12.046588306340118	8.2380732434713	
16.761918083062426	7.834513733983713	
16.607443964979932	6.492343627332472	
13.076577693114336	8.072315603615314	
16.76204235360599	6.473776772424343	
14.210800365683827	7.563371778296376	
8.87359391081359	7.677166525386802	
16.282948601403973	7.527495669131605	
14.811799520885154	6.55631038058027	
18.476590098096036	7.0914589693518275	
11.914285001765606	7.536601869378785	
12.332807766960947	6.701220490509704	
11.755720309183959	9.363276385952215	
13.033079127069724	8.141457752807472	
13.496765197874016	6.699751782698165	
17.658965932578308	7.824155767961594	
17.14360823035108	9.772103308937362	
21.943627901178864	10.489180956879872	
14.041330291492436	6.979808177739061	
12.734509144712385	9.132286220786966	
10.097251262546148	6.679129370218533	
12.114107591717833	6.058564430023213	
10.503229747916302	8.170255397436812	
15.318999471372795	10.306891661673259	
14.442714023022244	9.72124233510726	
16.189025543063533	8.16728593889458	
9.825946088823644	7.374769855397618	
11.248757926840382	7.435219920387948	
16.185951614049465	10.100345052608713	
12.913297519145349	5.568061344475372	
11.29727082901063	9.116840864873863	
11.581449362480711	9.424778288334895	
15.337270867010579	7.605681804876969	
16.54980550417778	8.402419837613518	
14.180938552679084	8.820702185119789	
16.484665940001545	10.16665221663889	
15.806777956435948	6.966807515189506	
12.489087959474	7.479462737792125	
10.521706662739268	7.3429960838061366	
12.703347768118094	7.481614601591172	
14.2360462827757	7.622938061715359	
17.565697624367676	8.661930340029459	
13.539550410947877	7.7927030243308835	
