12.974613437560942	7.906101263284527	
16.236784720184215	9.903965762739912	
12.672758528748526	10.98697553041334	
10.754997716527143	9.971297381412487	
10.06863542884936	10.620665333892113	
8.585990202040927	5.542253717798609	
12.677009812163973	4.763529299858412	
11.974936636681507	10.392844716734848	
10.970724088820557	6.728669938107788	
12.355606764624017	7.869041881233442	
10.901474792408084	8.258848133525735	
9.859232759961593	9.127426285737348	
13.224512158729619	10.010860740118261	
11.956419277828724	8.556716247961003	
9.97077336508696	7.181695123564795	
11.405661206990612	6.046578635936536	
10.089067305458556	7.229978569099606	
8.383957115962787	6.452675408921291	
12.282413595476605	8.741525434807748	
11.188948466688304	7.947813409368171	
11.743748256006091	7.50310243691995	
13.635965619594147	6.8828413778552795	
10.351150319401977	7.169397862497607	
10.14712211632574	8.93098963374673	
13.29535294494324	9.685121054713342	
12.565920987896002	7.172099449683605	
13.766076112184148	7.828690870757048	
10.540354621833155	8.300194807604845	
8.514669726992706	8.225637170037283	
10.33117211956527	6.071475292373014	
9.823297356151302	5.928842190806379	
14.762708191483314	12.683977769610134	
9.369005526055687	7.401996194547452	
9.722672861570896	6.882204817533054	
13.888478916603415	6.8762487864280555	
11.531741693228279	9.889482982560507	
12.964854383254293	8.097149363318824	
9.155362336512443	7.139870990652023	
12.795444106033171	9.573365775393215	
8.02716263198921	5.069991092283561	
9.744161058941133	6.925597720284944	
10.078081724569197	4.901809562044191	
12.012345626713374	8.128110236711558	
11.060803223591707	8.43526679055827	
14.378386514001802	10.137025331957712	
15.650653139934214	10.086529871796495	
12.210429593894036	7.302584412535263	
8.690679400953236	5.955962444656265	
9.53768397609011	7.989882171163667	
10.575863014639712	12.183428122441166	
10.09361883024839	11.343954210870336	
9.320924932297814	7.590884038256259	
11.875938266376895	8.20748809324107	
11.090648830159171	6.354018449682166	
11.035984588313944	10.679986293354428	
10.186941806921437	9.81373804237823	
11.050370015806386	5.913964354261048	
10.588375701702697	6.068138239798549	
12.09249831118654	6.3181212821639	
12.176659076378222	6.125071835540559	
9.717221638238481	7.228356211365196	
12.675101277475768	10.214561131625572	
9.907846005441801	7.375178150679952	
10.632724358214036	8.456642707979524	
12.398855692664771	8.844338862583916	
11.188845511308141	8.512664818302012	
14.264249712496532	7.330807534696552	
13.003313433440331	7.841653154729374	
11.999730397566841	5.724645617580763	
10.305995738250994	7.032458113487225	
12.839997671640067	6.924361630553845	
13.274369819027417	8.519268652820669	
11.003612425711509	7.277136527576599	
13.641145277733262	9.522675605314829	
14.382311735940169	12.323848769187597	
14.40925050058891	9.574385813874278	
10.068474072410481	6.394422608186986	
10.77841236474666	8.447557321055006	
16.032569769590065	8.226998623120858	
12.511066591248682	9.319529196867718	
15.847766407746118	9.72326965977885	
10.43059158776042	9.580656119391284	
10.448050306489298	10.432883969126289	
12.780721581796358	11.569554683609852	
8.965617739567346	10.868410228591316	
11.249885348668082	11.009960175974197	
13.624392262842388	6.643266273557495	
11.45266451852712	9.243091585106962	
13.653800835722386	16.166934092035532	
9.233380049876649	5.0789027219338365	
12.897447938515242	9.664783690636837	
15.318992079653276	13.743077972806978	
16.535340652833842	10.52297460695769	
14.875452803585766	10.123219754134036	
16.12872567424665	6.760166332549741	
10.773158107142116	10.568032880151833	
8.321898901259152	6.8453280793168325	
8.968076215354374	6.136032248196888	
11.322728797156213	6.061116709428451	
11.558313058943476	9.480094738404883	
8.83719518590455	8.223169967357311	
10.5171023268922	8.209417905703134	
13.275216399173067	7.038526899731162	
14.771684711466998	10.810397005232538	
9.964319018361557	6.4611022961451505	
9.982560381804024	7.045892926478668	
11.046157591241581	5.435020166773523	
12.776338337790946	7.827528416340919	
12.01020342065257	11.814372246078381	
10.67043467811593	7.321708308804448	
13.588889646350891	12.65445092221034	
10.943447906372475	5.528026311646281	
12.54675980729319	7.161614675166388	
14.199512730439428	10.458461565846054	
15.841128481335959	9.48534518342158	
11.359300321728961	7.801759730154214	
12.151845283333497	6.356708621697051	
14.6399480947843	7.1602368807825885	
12.519698657354866	7.745789014396574	
8.886575314104684	8.340429209314266	
14.90589412021232	9.568775800329496	
12.902584837443186	9.842527977647677	
11.835797948333969	9.708794713016934	
10.651081176630159	5.466509654783369	
13.712244279656215	9.990441588493056	
9.610775982066112	6.148478684778682	
14.695530309224226	10.169157560737814	
14.119015304374715	7.863021096671604	
15.063370999931648	9.381695897861562	
14.719421499120115	11.387783001316695	
14.675984426641106	12.882846970712063	
10.653335122743998	9.04875372051887	
14.294329086518148	7.787955134332441	
9.587366315260098	10.482483382516484	
11.320573943214919	7.440482151010683	
10.379373403838692	7.675980260706048	
12.450889471723308	8.664517283449523	
12.202658091810033	10.863011670109035	
11.559099302886608	8.824650803764236	
8.946294133544647	7.07255510843765	
10.370933375177252	9.902485457990062	
12.293400489886633	8.265004346340461	
10.885210930698532	7.1704327508248324	
9.15880665068814	6.495554879511129	
8.560127193627709	6.509902587125416	
10.710031020571906	10.436907783677787	
10.977114303308209	6.587715342751004	
7.971520772572523	7.355968000948179	
10.401799867029444	4.220994649928157	
9.836995509317376	4.725709289100721	
11.614105383477694	5.502297560140758	
9.614242005661401	8.782185170011962	
9.212264490307648	5.8026628467617645	
8.702271285131449	7.598892371203108	
10.318401032961502	9.803540577800462	
14.997704361631989	7.65304432366731	
14.236127427973493	7.045325536398866	
10.211862197277878	8.470920162307845	
11.395145507769726	8.601301181991595	
9.773990597993711	7.776958423440458	
10.319313411206632	7.495652902197249	
14.359500550809548	4.556285870285748	
14.857778040323371	9.558015538838406	
13.01822896530308	8.144966576953944	
9.20562979477447	9.089294204926453	
9.303185471662957	4.845740682421667	
9.658043548752696	7.440119599359753	
9.820477146611639	5.03078348314618	
12.190013929394278	11.766259553990407	
9.615706984714913	6.752305695290557	
11.748080916876992	8.503193478905144	
11.865983999976441	13.55615990621647	
11.780309697952765	9.246795922413709	
12.390885151885152	7.541782480368088	
13.490757012226291	12.778672427106907	
13.71485430879537	6.786074714158375	
10.65446675652267	8.47634898187046	
9.238515223797723	7.312270868167085	
8.391447350761599	6.090873859487276	
11.16629223834563	3.768872082480429	
13.203868750672244	9.671832236386413	
9.054828048277598	4.4072578996733265	
10.222175756239052	6.178563251957558	
8.540739979963842	5.659392176529728	
10.191614625952896	10.16832950035252	
14.270747346517972	12.704551751320679	
14.489565695812821	11.40041157357791	
13.346881082910013	7.424967310743551	
10.48067252620543	8.69817677283743	
9.752663011404948	5.5643559377926675	
9.154237427515223	7.259445821948102	
15.815716128757627	7.1157381411869896	
10.584360786474862	6.001062430602241	
13.968051156894935	8.082740009354785	
11.691919354047236	5.863998766449095	
9.969260447920503	7.355363744375476	
12.442597236999468	8.778404740685893	
12.624736908768053	8.460421660499401	
11.136245093199596	12.300561925065029	
14.164191357897012	7.751215469930222	
12.727486121801755	10.315622860400977	
10.120195561196294	7.4793242346821325	
10.816088152979507	7.745730235288141	
11.925585923889319	12.62269322945702	
11.518715891488759	7.104851820942683	
9.968806794687227	7.334201763442527	
9.827379699009253	7.021200541790434	
8.434022608611293	6.276829099425117	
8.194857270948308	4.70278911490515	
10.746986099184998	7.507573005280972	
12.840858677701226	6.676823914491217	
10.992685170010352	8.183804102067345	
9.68879246700171	7.671312746638742	
10.627348858113516	10.678217282995211	
11.056237178960831	7.019368786339288	
15.998671559754703	8.9882324617351	
13.622300268663492	8.578872607961205	
13.64857958774263	8.89775437730508	
14.371969913988426	10.331631872376105	
11.105266826950212	9.719862574660151	
14.253702539472062	8.092053836080101	
13.24918716907503	9.463975511810025	
10.554578387941731	12.610713142389903	
14.731926101511206	7.484213426442134	
15.471132695655674	7.873739118998184	
11.070462471246136	6.878028476442698	
10.525427620993172	8.27249881315988	
9.134589610554285	5.775223194802219	
10.059937326276575	9.93286176893585	
7.428434167312473	5.714494725023368	
12.932629704047752	5.187753464844163	
11.389168309995709	4.6763551575467295	
11.122463812501461	8.419558664334097	
12.943675668668229	7.034495626561277	
8.823458520100964	6.122739243111058	
11.825874051495072	5.5390351500724755	
10.408493514151655	6.045413859559846	
8.383911974939403	7.634119789842114	
7.980633719388794	6.128805719236417	
11.502398618182706	6.689612292913203	
8.980796801120597	14.869617684818826	
10.064430295601408	6.334906711645724	
11.781716407812265	10.522158521781295	
11.02925256514105	8.143594501798743	
11.35330164159468	7.093237078010776	
13.235648271264255	10.514514467986897	
12.063309673928012	9.738886260969773	
13.59532164518489	8.764562868942582	
14.185736059316453	6.412209320860111	
10.69723479295293	7.079983503217457	
10.187152837418244	7.428260253885223	
7.809912411891701	11.434681992858895	
11.05633575246154	7.105127074452195	
9.698903770946762	6.572236073067088	
10.24110760710346	6.413587942861182	
9.835501927278482	7.422839666319212	
13.071564908684055	6.365296300221221	
12.152209421722954	10.062720358261062	
10.994225340637888	7.681310547567487	
8.217594924218263	6.982210844320942	
12.18789282095654	7.054649290482259	
9.761183333729251	6.364672927350647	
8.732722297268415	6.647900207331038	
11.016086635214888	8.526486788083949	
8.598435528592413	7.446547947372664	
8.12146865494916	5.580577559180613	
12.699687184158508	8.031185633076737	
8.362563008914117	6.36705751896811	
8.817035471546406	6.558371543985405	
7.631376857834	6.187951638382018	
11.61282483706774	4.277835545053053	
11.79339483382174	5.822560827597971	
6.379628564253355	6.4773790179611215	
9.947574178162036	5.128316492085712	
9.339867751693944	8.739990660019155	
8.803018838624503	7.9432399513524565	
15.154140366161478	7.918162287571821	
9.46093365721097	7.273112229710148	
13.934288913093784	5.38567890231211	
12.781842937153492	6.566527324178582	
11.632792096392336	9.591971019604394	
12.1924575163924	6.756179654738938	
9.591168972591232	12.016326459874412	
16.019909438263234	11.93945717234408	
10.34697795908687	9.168962020607648	
9.47573381043608	6.371934153476219	
10.066091383364476	6.379747040335403	
11.604564329264443	6.2368176482853235	
9.363285367990878	7.959496867259204	
12.032832145762384	10.492896212897229	
11.238441730157218	9.33041428300652	
14.790615200908329	9.015425040924354	
14.43220354427821	9.906650830098993	
10.626976499959417	8.589594673001802	
11.412388167001687	9.756250516617378	
12.646064720480384	10.724481275241494	
13.922664658983042	7.828859826012085	
13.032787396911026	8.46728425555314	
13.081506524617508	8.160567643783972	
12.892767829421908	7.816438689588521	
12.974889176482339	8.29086826556074	
11.060115946506151	5.313999474215959	
9.659647427937456	6.731262890149382	
13.081709070348298	7.001312692162748	
12.930578085394897	9.259104539420216	
12.059149102052361	4.598421075719873	
7.429546473063022	4.112099064538918	
9.211910959310119	9.023045172947015	
11.872644964274917	5.26863929451344	
7.916509131529857	4.853015572932679	
10.74730411963645	6.458481286558782	
8.6489701685724	7.159745823576002	
12.092473413470746	10.696254445608623	
11.974405311048152	7.19615970482951	
13.742507023948056	6.994983314725341	
11.313086808770484	5.519549948492634	
11.240736625765958	5.938939928608403	
7.682817066216124	8.601821618305149	
10.381610979623089	7.527107186880461	
10.498016748266677	7.435663803609317	
9.836456178031899	8.258135927460739	
10.277207919365475	7.296106866794845	
8.346076286450852	7.392235320909173	
-1.5050704499083787	22.237957232702698	
11.256801104149572	9.5827502828786	
14.175401834209937	9.24804944124672	
8.182200633466893	7.239028870734673	
11.441699349757213	8.55692394991588	
14.406460728581303	8.813070604028466	
16.551226036045293	10.017359413317575	
17.292763027720866	11.362270014806576	
13.402399034200306	8.794149663136313	
13.176185167312397	8.588007576061939	
11.011071791073471	4.715084688870466	
11.464392091877299	5.7263316949245455	
10.26084708553096	4.85498837701693	
10.653054652732592	6.1113648431449015	
9.5359539356496	8.373193618512175	
11.292790367366354	9.785144172712396	
9.684069043323095	4.5382323242145794	
11.420530561647613	8.528347803132645	
11.01536733715247	8.614881960210079	
8.5869304851836	6.376891700681902	
10.409736396654704	5.9128167233053475	
13.515862777414082	9.02674601982993	
12.638676877059616	7.485819562218927	
10.360774626723362	7.846331697858148	
11.033132598624476	9.366773388765306	
10.082903032973098	8.13139177842234	
11.553187996766336	5.604726683098557	
9.266950410964279	7.9481772375637085	
13.845213171216955	7.900153034793303	
12.534813139108662	9.515016991016156	
10.770487769823509	12.191639879994844	
8.495299849124057	7.285349327665097	
8.27688634601887	7.2188881846137125	
8.777135724252846	5.279304955624379	
10.98802304215033	7.300903463568519	
11.395756316944349	7.74708483581982	
18.538186948110827	9.248575019291916	
18.507221076888403	10.241680936348198	
12.060740471200956	6.973264388013212	
11.556344103744134	7.445152155065122	
13.19506274313447	10.330339704820892	
8.722276599648435	7.102510397382466	
11.66577396832113	7.765638892207839	
8.97546851639547	7.448329205459382	
9.452754483024421	8.008929640437557	
10.028315611332994	7.211663982323167	
14.800453633757634	7.25564814785963	
11.52822305580846	9.056140199311331	
11.40411207304324	6.6404730116653665	
13.520014042997778	11.528440032890183	
18.07230492987582	18.673011242892855	
13.414861554908239	9.111855199103985	
14.94156121695953	9.716667608196392	
13.540284342719193	7.272999651219652	
15.722948669145856	6.842416833915218	
15.421956557775502	9.008037748316173	
13.651000117829907	10.691624517353304	
14.033178116328964	14.057147352965629	
15.894740113670078	7.882067574572029	
11.428046464335598	10.429658511804966	
10.552613683237162	7.166896475326032	
9.497135390181747	6.567025516907839	
13.504057799016211	5.700076511638423	
10.553510457587668	5.572660023250625	
7.379141079691482	6.733831952861105	
10.35112809306939	5.596290642059403	
6.851778159336424	5.415923160803016	
10.142061833204968	6.900444554640979	
8.939990323997515	9.78680380292228	
12.276451593744573	9.074367309069324	
12.366597067558903	5.246538759835563	
12.398828657161474	6.718588793084196	
8.581647151763262	7.238062764801836	
13.20356697636624	4.719147601656681	
11.481869613058779	7.3890592630409735	
16.665208576057882	9.572667587860613	
16.10719318936066	7.603568008815059	
14.899042798351292	5.0610329681564075	
14.364171065954586	11.666991583691066	
10.311315310150523	6.73754339232992	
14.727231436789593	11.031547033575412	
16.346218126816105	15.075996818907768	
10.253104824596743	8.230641467604753	
11.89838710722027	6.89022876232204	
14.519123390104827	11.317093132521872	
17.363442367822437	12.83098969355414	
12.49325931127096	11.234027972930967	
10.793910430370886	8.547419676668408	
11.414630878481413	7.055264914710835	
11.791531239195951	5.131491122788413	
11.922872881652486	9.635513098291504	
15.664278849107156	9.297595744907296	
14.771228168424813	13.330363282217808	
11.490358378455046	9.60532075710552	
10.155772977343032	8.437462794112365	
12.878696847942276	8.350456802645093	
12.456037075874097	6.086956415191235	
12.557386614202661	7.889844011237808	
9.997952895265563	8.389981150057864	
11.448529742835046	7.534318407802743	
11.159017921006223	7.082269638468843	
15.016097378413974	4.807042329683975	
9.52991530342002	6.3154880536392195	
7.828524345206088	6.262866676246512	
10.825936956075639	7.197254520705144	
9.14665987569912	8.016174304825988	
8.339463079913672	6.611672895437805	
15.83675201412704	9.714809844288018	
9.50408920172841	5.536147556545139	
11.180348091476018	6.025438153509926	
9.871502458122308	6.428693777771034	
10.908968778231442	8.041048450997724	
11.85311639771715	8.200248134862262	
11.99135474642695	7.57705735958179	
14.402195044643317	7.765697732187901	
10.575095190033295	8.790843332141193	
12.14660373869077	8.415990089230458	
10.80938355146408	8.557066717552303	
11.118420006992496	9.78331212667148	
14.813343564093032	7.931004350772068	
14.871500622389801	14.627883233718302	
3.990231207909991	28.34923574565161	
19.04140273009349	6.961137917238038	
10.90991581813946	7.632868438862226	
7.427248997719028	12.010208894466267	
12.18715612713761	6.013845650163113	
9.63976190488309	5.907715542739895	
11.877353598269801	6.228450779288124	
8.7204739439474	8.131418452104032	
10.732434820719332	6.469610741410344	
10.55918196306377	6.887752880092484	
12.65348969111838	6.720494029174472	
12.909143099979074	6.574197297936339	
10.31300427122461	7.9512122912200205	
10.540647807981124	7.808742833478956	
8.481075247322538	7.325731852726588	
11.832480888371474	8.008181749220308	
16.241040378154842	10.51714862326886	
14.41645112213356	5.558535151904384	
12.063108659321799	8.906598563632535	
10.25420161615513	7.326327110897392	
12.609951140922185	6.086382286794573	
9.175129562637274	7.381341362445873	
12.986358140574847	8.587677412884847	
8.992320432847619	7.493080689105743	
12.949848080658022	7.533022001483294	
12.856851438955362	5.405323828682363	
13.97469454437209	10.019647084488593	
15.115104296841666	10.162663848673501	
12.066182496118143	6.284333837798185	
10.554093745356408	7.44067039973887	
15.354853817934522	7.991591072442912	
9.927945385272483	8.965051935976893	
9.19026036255315	6.204008389103156	
10.172671828483493	6.396114140620344	
9.124905242712982	7.743735233439041	
10.48099656181134	6.821442579550181	
11.350282620126263	7.7200568092065325	
8.097381356078932	6.903990744773226	
10.911154860173005	8.796913484545119	
13.919929323151273	15.974335972957427	
8.879578924152705	5.246191689070431	
14.59312613779172	7.967205101442464	
12.281829704576802	9.42708556731364	
13.49854974925897	5.677809831518139	
11.554106494258725	10.425369522769532	
11.121490278257989	6.9549785682704925	
8.185729199064033	6.029188021456432	
11.073440551716857	7.548860657244311	
9.127695456383938	8.919466883644741	
10.382967667392425	7.9296444126559535	
14.914486399432665	8.911207590384276	
11.540222011914404	7.00474866842094	
9.560774973890515	7.334811925495206	
9.804072134582475	9.797249927583152	
9.28851074884221	6.154912092120259	
12.853427183989096	10.631765814397927	
11.126196255513273	9.450512440495748	
10.277430564095834	9.531396595504605	
14.079639553661869	9.440585899112984	
10.790687421138767	7.138343197606342	
8.991786412640142	7.198961774586711	
12.937009106520295	7.378951666583429	
15.578956001948862	5.990307295553458	
9.670600626554863	4.774748732405541	
10.835906308681794	5.393548954427629	
10.230870356833442	7.018394673798727	
11.469527738996216	8.67475063064641	
8.67664133901691	7.3480135034381755	
11.604460143763935	10.849275079689008	
9.942769594930096	6.592344811331056	
13.277681171718154	11.039780255340172	
9.901079979037727	7.847069553747871	
12.130083026660852	4.78245824202101	
10.385914569288639	5.791629619230243	
9.058416925108013	8.883343333516315	
9.323017466672024	10.71238216493389	
10.482125830856756	8.29790705318079	
10.568336366653089	8.230221022732122	
13.650865676024353	6.5208496836010745	
10.552501893279334	9.3395378329666	
8.737973530694745	7.304333370991335	
13.258477375177142	7.394134698304734	
8.735995401507173	10.466301651177835	
11.883152491715238	10.15188741559664	
14.741034082825147	10.442803562381844	
8.618223228213479	7.255380081076965	
9.962929445471781	6.123412465708923	
13.332114134573445	11.090056492276432	
10.282786783524134	7.202056806984713	
9.548758523681041	5.397070608693743	
16.28055196339599	6.1125778425353845	
10.664493058882782	7.0145593861996955	
12.10135135154773	6.306726058671419	
12.516122954636161	4.2180838579826085	
7.759087976316807	6.825880115669555	
9.690598947417016	6.468364007767656	
12.018875340617617	4.849733201070781	
13.320823098678515	5.748179629718935	
8.782287016671628	11.59465715736516	
9.406343352522775	6.918188375915138	
8.23982241841077	7.596874070246509	
11.887994858525419	5.854099494128768	
10.22980110629858	6.697422304196501	
9.434623009513057	6.251371398478553	
9.480450295487813	9.184451720388882	
18.39745835504816	6.26656713205521	
12.213797219147208	10.271776775444769	
12.420888754264404	7.580684085075338	
16.12533627760825	10.813156737576978	
15.325109728400918	9.182623218442831	
10.76520216034158	4.440926687588956	
12.544546391432677	6.865982647775348	
11.730353722992158	7.529416493871003	
11.719555165696997	10.070004408107167	
13.239447157682688	7.7143633275800605	
15.495610613469964	10.941549368314867	
9.37251658160699	7.253972877177713	
10.056672167170717	5.961052026624229	
16.80461198122211	5.44588963564527	
9.113412582730604	7.290356419023906	
9.618955480850891	4.7332342898357025	
9.043611221078056	5.544308168621471	
10.688572177534269	7.115999991701044	
11.753233446973653	8.187379219968362	
9.914843319556992	8.554219224823804	
11.846186780212928	7.033555537303394	
6.867826028700699	6.591596795524444	
10.864232398075641	5.657134778155365	
10.116572788977908	8.886385208727793	
9.242026804578247	3.805942577569892	
8.696163278395826	4.839298136666959	
13.247862408860389	5.4160303306611155	
11.761444414079595	10.35621225297754	
14.408292191078036	4.49809932247761	
9.010923902092406	6.166464823976553	
7.804906664442659	7.673045344850462	
14.582332179479153	13.61062665347615	
9.45357831832516	7.795980694811293	
7.199920373018219	4.804950528511595	
9.273286865937765	6.342120944492349	
8.98288391669688	7.485896431452237	
15.574342892815404	7.817252337628053	
14.326172182448932	11.004360236026615	
12.228680372455994	8.467526560053562	
11.392260962637492	5.009355464034321	
9.796744368824877	7.27716429386624	
14.13827028322953	12.73408809529258	
10.740745193780278	6.955915310304614	
10.276799493884518	7.950882146074858	
11.481046169163264	9.31182968189173	
10.334574808774525	10.331035607740626	
12.37474538806413	9.83353794940531	
11.499728443403393	6.272225244024085	
12.020188964589106	7.3466476714338835	
13.515071090323735	9.896567506568463	
12.648785274916397	10.091079672690412	
12.334258639816136	8.471839428039933	
14.614759751247384	7.167620345214206	
11.536034183044762	8.98944382344052	
11.061216718000228	8.83637201734901	
13.040768491468068	10.428190562861861	
10.458402272326136	7.298959003758914	
12.110024069791878	7.913682757567207	
13.866583649355976	9.03544682376051	
11.508316453722074	6.844050452780331	
13.031546938687107	8.976086076614791	
13.562301449296088	10.902389483922626	
9.671438468392013	10.45918796178143	
13.54946744334937	13.519786418574347	
12.056802900513889	10.148392293791057	
15.715423817400152	9.244265136092249	
11.013648107577287	7.738385659452832	
14.752021184758382	6.21915744210021	
16.067350568580412	14.0205297381611	
10.718922096978543	7.108838328988946	
13.350708110131762	9.299381522908957	
12.595435115877947	9.898140333247927	
10.946346578406779	7.385273721170498	
9.175364392417174	7.028144852638356	
10.451658053969695	7.382162610023967	
11.689326843710969	8.409008045657991	
11.145722389214999	8.555969950799756	
13.10835183389806	9.837300448213218	
12.724434237414329	8.7075583983842	
14.04524396356362	11.085466726771395	
12.404256714875432	7.936161162569454	
10.964397788217234	7.13269721592687	
10.393797282394592	6.923457382166906	
16.4561705791195	7.750990385859793	
11.75892168564447	8.923915629535887	
8.533467529633624	7.804603111135755	
11.884962043614665	5.951618063450394	
10.47149624241911	7.059437556881456	
13.56262418373433	8.686087314581457	
15.529700471578423	7.893318915248517	
14.84182372336949	9.59235829412771	
13.81169003474935	15.834038872785124	
8.971133592596441	8.293971856862402	
9.734106177757315	5.713223440794751	
11.822241183449469	21.001798299246992	
12.114126803262488	8.105794573413663	
9.58396959101312	8.23993425671577	
10.113115057078769	10.311135425707999	
12.098341757457831	9.605758254043055	
14.053937721473755	8.815376266270265	
12.20162770601987	8.816632400959476	
9.998024807260665	7.684907055476285	
7.220866489767828	8.247420797154248	
10.896364679103899	8.626103279467094	
9.559538829080244	7.379839284255526	
11.413646407656708	6.61448756987173	
9.924610357131684	6.308422593117037	
9.38869035053276	5.67722976718734	
8.81396212375941	5.454133778041352	
10.509539411880795	9.500281628394058	
11.553775938586586	5.520594337631021	
13.86610548018276	8.04221322219649	
12.913304826408485	10.765074467171274	
13.13663873221963	10.213204152822852	
10.876977647869902	7.284595931439167	
12.819029863039669	13.40861874508497	
15.829615254834875	14.667060027177762	
11.870521961424906	11.431726619497848	
8.647726893909617	9.027498805522372	
12.52215428604845	10.257140548265149	
5.411210353311377	8.039185566846601	
13.364164614125388	6.948108398540253	
10.214325949446852	8.610109629361666	
10.261409789458058	6.880642134836494	
9.802572291537215	8.954071384072428	
12.846372751517869	10.856651991621533	
15.77568057944928	9.372574625965612	
15.027250754970323	8.482955273812387	
13.363290806682627	10.019634853792196	
10.768896060453404	7.152995704866691	
14.466268952263073	10.166994472164655	
11.57004637134767	8.906959822092366	
13.533072177841667	10.832844395293685	
14.846575224595544	6.467641722701823	
13.96059197399334	5.325412111817259	
12.342308282227526	6.95866406304455	
9.724276056146703	8.195849512174524	
12.068528926639313	9.214455972355982	
7.538666848135392	6.13692934712474	
11.090449478756993	4.509074633096145	
10.576059073881613	8.032639036773356	
15.297542624349678	7.428120517688677	
18.580194128572185	5.720054186756901	
9.211942709803255	6.0577954334654995	
10.444785060818678	10.445312333495655	
11.472443377027327	8.399189268629442	
13.034142011292824	10.164165859208683	
12.925792567236583	9.243878406014675	
12.500009009871011	10.420137543943001	
12.123470994602933	6.266943002646061	
8.859286163127464	8.250759242464751	
10.066059787445946	8.151277523035121	
10.469795247269051	5.568535405389248	
9.231144407562358	6.396946400639398	
10.65080691418571	6.161531569852801	
8.321762827470227	7.940126362940133	
10.235949408906318	5.8356261537876595	
12.351240919994178	8.972870935524222	
13.184988442884507	10.96870415674849	
13.357990473922968	9.584432900237076	
9.983805601261844	10.167436805414477	
9.396690665594056	8.15796123565894	
11.982009214904224	11.98982279730781	
12.201681796048799	5.538811548716608	
10.61132940252653	6.992801692320341	
12.76382669739811	6.173248901325808	
11.086401781584028	5.554216084052163	
15.909971252337685	8.877198631022342	
12.007524729961712	8.952308977966664	
16.353052241423597	12.091603164347532	
12.242502229539818	8.441843704712161	
10.982256518903212	6.699741202248524	
15.234596803644584	6.045681908497681	
11.843172218741161	5.497697673748506	
11.623343384428875	6.200726874272023	
11.018044798685258	5.7878710487975225	
9.050959938764706	7.495393439786977	
11.476849628818083	10.869210518895951	
9.183108440987272	6.033629494313016	
10.123977950566601	6.586335944721301	
11.555491203712421	5.61095993108843	
10.000516137897163	7.351109545161751	
10.47949287464716	5.551194018863275	
10.803581355725747	6.890493850269271	
9.702208368625287	7.394101532029185	
15.93952522231511	13.041546731613096	
15.550537685703247	10.805109517133083	
10.709437846666896	7.635083218948484	
13.834406031681755	8.4407121998125	
11.680526446522325	14.326797281511604	
10.812263228275407	8.637172004381538	
12.430876934075519	7.266345048501826	
10.911918848371718	7.11963945244285	
11.236841380839893	7.637480919311009	
12.058979035601293	9.523486173008894	
11.724974539142494	9.397005585647113	
12.144199269339358	7.675705743738933	
12.268228973029743	7.073019882425423	
10.383176792753458	5.035896756248643	
9.89090491056654	7.444944984747542	
10.419038236573707	8.340376364420486	
8.682989090354294	8.763847247410473	
12.54191259057078	5.576668568847489	
10.520149235176017	6.977966292870669	
10.517991230516367	7.164663160305283	
10.824268209816582	5.812575737450014	
12.240202824847916	5.037570248889941	
8.885910399927628	9.892147559377442	
10.161544253360667	10.639195237214462	
6.725645446991879	7.13443413853043	
8.812073626973726	7.453452773056291	
10.589691605020212	8.052260500353965	
12.808529785046256	11.183876003258947	
10.919401946479912	6.11491590648781	
15.328985087234477	13.555061991833119	
13.350827656558373	7.873061393965364	
12.515847807155819	5.511687457540233	
9.794824195149133	5.141173036785988	
11.12963790223079	6.192679245619916	
7.999228451247324	6.022168132990703	
8.791462844923577	7.185579262196863	
9.823555942731568	6.962688298795969	
8.503074528069138	6.610095323105467	
11.053267450497058	6.052851629077899	
7.511783724451903	6.105315204081334	
9.773782203875887	4.831117091054904	
9.054839878882337	8.312855992005344	
9.100858927974143	8.056492254730077	
10.163775599306854	8.372094906322394	
12.986909750492716	12.996292456720884	
11.373639018710348	8.336053851391322	
10.017002974700043	7.415781032771733	
12.397028106615222	6.3461944426689145	
7.3218931070616495	4.831847747447961	
8.393049477663654	5.860751633572096	
10.575867998390246	6.168199181008808	
9.727509908555433	4.5390844470698015	
7.94479094109999	6.701021932342585	
10.11748307498751	6.566532603720769	
9.846402168529128	8.322725693789652	
10.2524029200145	7.347036228983435	
9.80982689903694	5.06563748493686	
8.372324110723518	5.820463696657642	
11.197886846827364	9.115697559307675	
10.830890480205944	7.2558138767507385	
10.846482344507288	9.3544425522066	
11.259193270847453	8.092817696247183	
8.640749528589199	7.584626728228841	
9.125178913632148	5.243340144354904	
8.857604521730147	4.532493133750816	
12.434049330233098	6.867030021360006	
12.140906869947448	10.907708614468032	
12.833443008072019	7.656667313881823	
10.609553577327707	7.7981520246721185	
10.275821067690343	7.558700002819654	
11.910393590524869	10.668748900980505	
16.21213838745843	12.46924586783042	
10.610396168267336	7.920642219825978	
10.648415964219899	8.422984206644394	
14.418089089437572	13.119323458520347	
12.732686825646619	9.77289281784708	
10.117911805972794	6.924322361150492	
15.13047896015739	12.51924276962611	
15.075392196360486	6.575432974724494	
13.856477965233221	9.71222447134374	
13.82266132246666	8.632058203844501	
15.264118869339057	8.405373936256119	
12.427658237094931	8.892186956834648	
12.597889860571511	12.081878222648633	
12.982739158793072	9.499391961671208	
9.277471789764014	7.884600672274123	
9.166276368492552	6.683937475778145	
11.591930964114653	7.012605041187549	
12.160591329308717	5.096594344612942	
13.068430273219883	7.130541429070401	
11.292071549938754	8.729011373453282	
9.318528100079016	7.299879313900779	
8.811899742086537	6.332547605690669	
11.495991791084398	5.36474809502471	
8.06306793163269	7.836546079898357	
10.406259894347915	7.79338296769687	
12.023727923350524	7.723719685448197	
12.557123104812828	6.668763095212176	
11.52862945014739	6.947760725987246	
9.086138745996127	6.336595195023007	
14.318547831159409	5.881019852543353	
8.720656064651209	8.43438283961579	
11.5227726167048	14.028156348688904	
11.630622802380984	8.265649930400752	
13.927056604359363	8.95474172621862	
13.73227180285743	9.228737816787262	
14.582539066868108	11.692919369003246	
14.038400161971126	9.459216082997099	
10.210506514675764	5.633586732243956	
13.4610047180441	7.175653908309666	
13.149701428496572	7.618521363732934	
11.506037545266004	8.367866113867363	
11.218222036611541	6.515143228595296	
9.285656526034042	6.777342936436454	
11.12249582923204	11.461550526076568	
9.688844744718722	10.461382673381884	
10.946832856150477	7.409662350620466	
12.332115522811153	6.949428073457349	
9.82464369780919	7.945548355870331	
10.478028231789141	6.157543406687915	
11.659765191744505	7.666099383656509	
9.223678125084813	8.949753871122947	
8.927671184354775	7.152656540429752	
9.999224619090674	6.645482522800672	
12.294958794120042	4.024103834032329	
15.146574364320884	6.742261966760264	
9.634037223189202	7.11353046895139	
13.436612200352283	9.821384453381672	
9.044470034922016	5.99788940940276	
10.622297180710659	7.457866168710596	
8.74171546268657	7.305848210123915	
9.734834425089762	8.572728870197128	
9.377666329670946	7.6312437157206725	
13.328599889105027	8.381894724102255	
12.662795236774906	6.423165369726117	
10.21739819986649	7.286006107158634	
10.707535172710958	7.188480118915691	
7.999617004056002	7.066062370230741	
11.227113703557366	9.07489249308809	
10.99891040946939	8.606951244722424	
10.84484395706447	6.137451088877829	
9.462007322167198	5.502065577689988	
10.759778182887608	5.130029001356319	
14.689057421686325	7.668595674028833	
11.52520648137632	6.071685826896924	
14.738555079674304	10.214274959340386	
9.726218944246765	10.388032212821189	
9.378914078107345	9.799761862931263	
8.146413407919226	9.473976891570995	
9.454749021298754	6.422675056570171	
11.816307662235761	8.831696351476044	
12.214434356262489	9.105746027974332	
14.939054307521651	7.160272117636011	
11.795723966646452	9.202402432731963	
11.707803623008799	7.010909816556928	
13.057748433220677	6.618036230566036	
13.717085281480168	7.311654078577182	
12.209077957516724	5.89744385684552	
11.48792815805932	6.672435200261366	
14.130376297620113	5.780562188376386	
12.33219563465335	7.622114268204575	
8.169900729696375	8.11687412039591	
12.987839488697066	8.47611253808531	
9.654891359756355	6.6199051363091845	
7.927535382390334	6.98642037016265	
10.37304818930607	7.95676042887726	
12.879286935542686	9.70382537529897	
15.656812967033034	7.301734945695852	
11.846307533631684	8.4855289317156	
11.171128752527428	7.56765618124045	
12.088928458151505	6.680867715130443	
13.390862696481296	7.357552106982985	
10.13158646156409	13.303362288643752	
12.344807158031664	7.7635828575790065	
10.519777695845525	6.032583797014412	
14.046664317649297	8.621826307626115	
12.608241836075958	7.8181728808377695	
14.142495379879808	6.234550775712816	
10.788000730207013	7.000300120505433	
12.511806062314616	9.729286211678534	
7.840016437384741	5.88896599389374	
13.097023228631741	11.731604690138507	
11.327494759199224	7.790510404398819	
10.688597633552469	7.409667246076621	
14.134931230358875	9.812428114276969	
9.936783391909596	7.981500537968477	
9.648630050707213	9.01339971385896	
12.576522953221277	8.368911947732682	
12.238193205383249	12.596175452116869	
12.077770703446005	9.15752160808181	
11.224860850827717	8.307735105079093	
14.066300564418905	8.208367968467769	
10.116788790350414	8.149392312611134	
9.007903011971845	9.940935777703935	
11.337155455710246	9.260886019293952	
8.084955769076956	6.432326797073926	
11.004723191872662	6.3920565584444375	
9.427822573105784	6.8330846862484025	
9.97200552789484	7.873722389883525	
8.755562957241153	9.08723614258275	
8.706909991075358	6.502270066928245	
9.559610707338177	6.620859219459347	
14.885378509444504	11.93345084749666	
17.77015839608259	15.332018333478382	
14.304664887650635	14.558886556500394	
12.938684722645508	6.625338635181449	
12.794344134118475	11.77562499657611	
10.89338447110825	7.212452560885297	
10.35161243771506	7.363326437684548	
12.215099009281868	7.1046643954489666	
11.7681255951402	8.036043272946914	
10.001795424821436	7.326376410140128	
15.82263313404799	7.611960839870975	
9.687972682209088	6.826185851057878	
11.411057569220262	7.59913092000921	
16.65641782192529	10.919642485589508	
11.511427979903313	10.045810372202812	
