14.100047184196681	4.194151875009373	
11.864095697132846	6.623022762600078	
10.013178768314908	10.12379514411455	
12.91627323294758	3.8608585386210192	
13.477873055254886	7.393635733125273	
12.856532298519495	5.941401413812814	
12.481814497058496	5.209823821587606	
13.574799847760127	6.144058244452836	
11.64491511688496	4.805598485109871	
15.594041387120251	6.968140946751522	
13.674659916742584	4.594324329783483	
12.033245336821068	8.973263301998534	
12.619350408926381	4.604469025847315	
10.801393287230779	4.814767091209229	
11.835105555839952	4.808470665904222	
10.524155668768808	3.7588311140062665	
12.127341743642779	6.405043487384751	
10.341294740300283	4.058787600758031	
10.200963747039317	5.8728305141295145	
9.747017160226921	5.526844957167223	
13.209960445661336	5.379048181762484	
12.437988427562765	5.109970324255313	
15.721601517937549	4.814024165285806	
12.022489217870199	5.534385413227221	
12.518574233651194	6.605364827147611	
12.87018903059099	5.455199332167949	
11.506653614251867	4.510306007697758	
11.611778973988137	6.841383929771829	
12.185209139211407	5.997085053074451	
12.81552047994554	6.038645773564364	
10.229647495996355	4.30118001307904	
15.849936935327747	7.325891775333136	
12.227158580804451	5.23239550589216	
14.339862524683163	5.666690859912323	
12.567110472868599	4.558737930915558	
12.025593374970521	5.017336816119839	
13.711672281911426	8.218404484571746	
10.448439981719686	6.822568765696494	
10.964040159703016	4.297780245918268	
12.483565440282003	4.821286520019793	
10.57413984907737	4.140294923150131	
12.901978430124602	5.987243638093859	
10.896736996141273	3.722503096423718	
11.056392018243418	5.81599547478004	
11.83986484507134	5.380814842332171	
10.599679086283455	6.39150491638635	
10.360466661639697	5.7176039033644805	
10.781872932702795	5.078907714386253	
9.733558653572459	4.652523495279566	
10.36498403208024	5.818917902176336	
9.858072804011265	5.097998990468193	
13.275394074231025	8.564043793190393	
13.0125958699693	5.8844860262271395	
13.62571982117746	5.864177294697031	
10.207305792862414	5.21390001736456	
12.240407993306956	8.617582342566426	
12.229502766346279	6.2823680562151925	
14.182321290530803	5.176031704942692	
13.111097490727671	5.3099915505734	
12.095389682080365	6.413123197645789	
11.49268943301835	6.365341446556465	
11.025331486638214	4.962792767811479	
13.614144963193036	5.560061553218987	
12.051111610912754	6.334093868912434	
12.041474303277012	5.897401548112613	
13.909214675347876	7.739240775080733	
10.841054684304176	5.799806562048569	
12.428531959490709	6.215897189276236	
15.556808658341442	9.75544654371542	
11.01409839458805	5.099576624766561	
8.872139142118224	11.081089304653604	
11.705918003779797	5.444586117971939	
8.63367943126598	5.197721776625867	
11.653318080731324	3.892249167342916	
14.035807306536388	5.454385910798202	
13.655323317832261	6.317286550009649	
13.482257910838344	4.877167115583845	
13.65563230870834	5.980737239759394	
11.458058635570767	7.032480441035905	
12.037451912307388	5.769647324207141	
13.096018052221137	5.514785023101734	
10.52095955497216	3.9988234088801056	
11.44262334096145	5.494016474090226	
11.022773111669157	4.427374800574765	
13.676107712991152	3.4007493090985905	
12.478226127508531	6.0001562449695625	
12.129208252446336	6.993740812689435	
12.552438187047263	4.96880177956488	
11.943859308227413	6.566889114601619	
14.84524924967257	7.575455037423405	
13.968491981183755	5.522135417179871	
14.116832895948612	5.088972754439511	
11.75290418126778	7.203952695239817	
10.41816406342805	5.340949972006423	
11.14341823972177	4.923498753112295	
10.327165907975902	4.424959875411933	
15.394736474662858	5.732681693447788	
14.530629328456559	5.378323615993553	
12.366351066646386	4.802985174875765	
8.606343296111536	6.123522835362335	
11.819092957906884	5.737634906004719	
11.518140602952226	7.881719945040836	
11.940067791837807	7.025296177853521	
15.072129762393317	5.849916455128249	
11.646845233443377	7.54357544632122	
11.909511500563397	6.688032247394199	
14.229825267265102	4.533500466719524	
11.824646163620532	5.197240843124147	
11.50466698873623	7.430511874593225	
9.52106539093661	6.030959132609216	
10.254429285641345	4.967658078219763	
12.53616027253896	5.427584246729432	
13.001510200352142	7.51593416189902	
12.493639607985987	6.327367369069677	
15.109442209318892	8.26211473827748	
14.835827460289599	5.484792573247835	
13.505423597183773	5.465596958724439	
16.127653713834356	6.2163202506614725	
11.937973906329205	6.2869018898593865	
12.549370090780675	6.311794231706629	
12.638748550443209	6.266359116427573	
14.066488003827393	4.842871818174323	
13.677228451932503	5.6516645834536865	
11.751235992018827	5.589657136487731	
12.693425174221527	6.143089395473173	
10.787382689841868	7.011314542478949	
10.521316940998416	5.705166279303214	
11.046781145701935	4.439223986398567	
15.511264914844249	7.590162892113544	
11.850399035494776	4.653628466665241	
11.647599211611874	5.534627235603427	
13.4264472298457	4.535636711312551	
11.28843708959279	7.2292034053380165	
17.822402555378194	5.064062437074653	
15.302491299885286	6.489547703019267	
13.537015394752585	5.833849169845817	
10.984570948479012	5.413901467828525	
11.99230483419967	5.861466882417606	
13.033646456558921	6.8044643288608855	
11.877246049429663	4.729138731644768	
11.748651093142463	7.846614409328297	
12.767621303930188	6.102055871207029	
12.886204449864392	5.333750741215249	
10.555371132421662	4.604984478782662	
13.192366784346987	6.508595799189517	
11.798229084618976	9.158521376547933	
11.682340241992788	5.861086074709917	
11.544806993475111	5.429483744776502	
11.600432895496082	4.3890066512167545	
10.276831187478981	3.987471777732399	
13.159819468634204	5.946904344662359	
12.213852599119324	6.27680798144826	
12.17305479978402	7.881574479862767	
13.641554725895865	6.208427355125961	
10.480566863780302	4.625020362286289	
13.00344903330828	7.644844120854512	
11.121121419096331	4.661290808495127	
10.67742858340344	5.766714745357584	
11.55862309309178	5.278338277985001	
12.314590532102315	6.554351984892398	
11.668383404862698	7.308455395367733	
10.1217075038157	6.29762673703845	
10.021127147250242	4.550620556895059	
12.9353912157962	5.740557490717615	
10.263989087742292	6.506059131967665	
10.83321715359596	6.532272885611903	
11.844536446039076	5.018144929445374	
9.617612899965385	5.111015691281129	
10.749216196230956	5.206833552352389	
14.700985554048433	4.162987570714959	
13.549504938740261	4.988178343024472	
14.390900840831526	4.827126067921619	
11.317816939491767	4.331978237177331	
10.940016758784429	5.117026156192886	
10.052314744816764	5.492250947955407	
14.382735189404588	5.408761900219845	
12.689152766071944	3.97793181981688	
9.917388663751234	4.703617081390462	
11.316173270067877	5.841199316868809	
12.426378513987478	4.462901391323931	
11.66448784454502	3.5230563089137563	
9.49207285895808	4.799194584589007	
10.069253932412032	5.555638763305778	
10.65454872292718	5.299675822028686	
9.758213151154452	5.060711689962234	
10.864479061997674	4.6423071414870805	
12.685890227133909	5.169129523145159	
10.316795675782878	4.71458456622684	
9.351903895023021	3.834440569878859	
12.594177571575369	5.04591814623934	
10.221577885004342	4.716105792906537	
13.407515424827526	4.1523154540675495	
14.830432784318484	4.184028461030243	
9.438931768614443	4.908184548946563	
12.487671986347271	5.582346051024338	
10.847190890180363	4.1980247712766126	
12.087409592375987	4.828497080245511	
12.405452341894845	4.588523739304993	
14.211138337178166	5.309191606884813	
14.7933864649412	7.632063162482498	
11.549906001461368	5.213679234652383	
12.89710328236752	5.948905147983514	
14.052022644044563	6.796240747694931	
13.773748260852464	6.252586102947402	
11.822433251342867	8.53721498319844	
11.369680559225424	4.999100851073462	
11.577469463387658	5.202910548416196	
11.094556879312842	4.793570642870768	
9.692252205506847	4.785871284174969	
11.077657453344791	5.148706363769106	
12.611416553179092	4.710053672161138	
9.678424255610667	4.716605309692218	
11.338950266584341	6.57222808067758	
9.833939669230588	5.194591898483569	
10.958794524115104	4.180864621565415	
11.723020749385208	5.851309174626157	
13.042204862401464	3.706260910097231	
11.394759299932879	7.770388903721724	
15.734835394760221	6.164699679818927	
12.031468324075195	5.183464339949234	
15.00381604176664	5.36481786137739	
11.52253073004468	5.365110084855861	
14.348912814898572	3.9780419915634924	
15.991037576751594	6.859240066001299	
8.97850815194653	5.039575372516749	
10.549629483770682	9.76636881368019	
13.227902767773294	6.926527697228177	
12.123151865682098	4.376895730956043	
11.893744009977457	3.8151913182950277	
15.585627281103687	3.548993682987153	
10.075053571807663	5.647719698623128	
11.737180826182492	4.847271235855712	
10.857117655729489	6.22775355048156	
13.654886461876236	7.067301839387546	
11.429410694878925	6.357681808970736	
12.423771445020853	5.7977477313738595	
14.762804317984349	5.874566588389768	
16.80433037788647	7.16503806457771	
10.192238250785167	5.416601734340512	
13.187004039996177	7.214609622766023	
11.575315858555072	5.165289822638748	
9.81940589758026	6.4439231572845745	
11.67691090925399	6.422304179371147	
13.190718584284307	5.651547107684812	
17.20648083570368	4.151961875238209	
12.531731891245514	10.328579140127198	
11.794786646848285	6.23066381637323	
14.362555358675495	4.640722894633205	
12.064245096429	5.723489275116622	
11.309957623823577	5.411829082388373	
9.97853179157659	8.064810105248917	
12.751533863776237	4.842602175370794	
9.448895253480352	5.439259719650961	
14.32378886233601	7.072623454088821	
17.25964960955107	6.422851568776241	
10.0542929152626	7.854280451529664	
13.690582119017547	5.002626883032698	
11.004882425534433	4.195885632699192	
11.721515416147374	4.754411275577177	
11.306934242970907	4.8816861253427835	
13.081314288957296	6.04864391725292	
12.058766699694234	4.862913150666115	
13.530454454619116	4.791369565022045	
11.929487633970702	5.667793843081143	
10.678801212433516	4.057744549007371	
10.64859896920574	4.836398182821167	
11.16110589881251	3.8810010090657325	
11.12999930438291	6.490642265060607	
10.32036667641022	4.524098965024308	
10.032739919760674	5.827884297285166	
12.132500232478982	4.634735936749088	
15.958596268559635	5.295234357814338	
13.968361872930176	5.943523462636482	
11.446513050820128	5.973333710428848	
11.472249458921665	6.014563509743183	
10.218359215127805	5.7455221798218945	
12.810663742343005	8.503637067407501	
9.699968067681759	4.6451415271059835	
12.7842224894252	5.021551365153914	
12.542279078732369	5.724430908524137	
13.60136917500201	5.3810725397625045	
15.298663739151959	6.962697954930136	
12.6929549151174	9.356662516066404	
13.033369811479636	6.381806549582185	
11.15586479946084	4.227479731460512	
11.524595522194494	4.767515774113766	
10.975176749383987	5.750356802634499	
13.420464236442713	5.507532888379858	
12.134234185261521	5.1877468220342555	
11.38415975793882	5.6370446627725155	
14.20662277601896	4.723334440330025	
11.745107672124812	4.496258983222737	
12.320374427418049	6.12743458658124	
12.6987163527408	6.563336759369055	
11.10016340071058	6.137974507377704	
11.567454671630829	6.928988617305158	
13.439646818033038	6.054993726017898	
10.920490139403212	5.359512684299356	
13.326833565717068	6.276081204532525	
11.926588147777151	5.187396126704256	
15.759139267341286	7.021089603699483	
14.265499796238787	8.84117273017449	
9.764568126435561	4.818775854011062	
11.760238204462718	5.510090253459332	
11.550895001853622	5.39394809840228	
9.336239893855355	4.037009295519301	
10.11050750744309	4.668022515451573	
8.93755219626786	4.079098028182573	
9.442824716791826	5.97549217362188	
9.817063600581816	2.8887261766232073	
8.914695218113014	4.590679116348258	
9.032556037344719	4.5412290216690225	
10.15493594668385	4.892890231245364	
12.476041450014288	4.284887471823592	
11.538450238789238	3.2383079257813816	
11.9848254445484	4.435180388708865	
12.40973262878586	5.076814007182511	
10.707720186398726	4.598608637276255	
12.48650950200572	3.620682777503808	
12.08056934646987	3.003122249679184	
12.230623970270589	3.7126273872077786	
11.043032775649253	4.094635822531249	
12.212443282835943	5.368448783722203	
13.214436616562946	4.115913580719555	
10.690697888173737	4.213627374219249	
15.22018368027404	4.105981374004031	
10.749129354578054	5.2377687228382	
13.49196367803546	5.723349087947019	
14.084425170151885	7.872488480361308	
15.495302404490834	8.64868660912732	
13.232680682868665	6.725477427568878	
12.538201150207627	5.783417571209687	
11.689439133008388	5.015763411842019	
12.523060016918782	6.148797240355505	
12.644079692148315	6.718718881344554	
9.824471828593278	5.811020178707857	
11.312879115847876	5.188538268713319	
11.961267958766037	4.962187530843125	
11.448394806770864	5.413472348939076	
12.498651801628776	6.936888183274269	
13.951789021444888	4.657385498420085	
12.074361849161205	6.9117993184816875	
12.978283586521496	5.44722730204968	
19.39252738734059	5.625810920253046	
8.793562595599864	6.7808999547005815	
10.455371289327072	6.2315687643204996	
13.39404055851548	5.208465901193741	
11.777515202356689	4.534155649427116	
13.838300813902245	5.033170527846827	
12.494278373936698	6.06902193457675	
10.65268430345	5.935182488504225	
12.018443443666555	5.776124775975198	
9.93893718803579	10.302940956189758	
11.154140951505816	6.469742003130341	
12.400398372297442	6.211977208048755	
10.73515693272123	4.5627947451165145	
11.6562414422346	9.225690258068342	
11.478314725828541	5.203541746581845	
10.940882172348868	5.420727612675259	
10.676536425094032	6.5754257067002175	
12.63092229758359	6.9006809283738	
12.389165342651246	5.86066593631181	
12.320252179706644	6.422488608521992	
11.983057220268778	4.97941623124676	
10.763358579115804	6.149105493002882	
12.217333784058328	5.063417811476013	
11.52370979260075	5.273199396578956	
11.526661009171594	6.228226497375559	
13.417094213851897	4.280466914549551	
12.70621341519906	6.703634211318308	
11.403121792459448	8.41645751819809	
10.772342549896047	5.084703000422707	
9.748814652654245	4.979850828680569	
11.304829337100006	4.685789105645378	
14.419961153835153	4.842112751573097	
14.39733437250494	8.297472220697212	
13.468987913040621	6.187492072010129	
13.11733266433118	7.4796130898080415	
11.979299740555339	5.436096957155504	
14.632650375280743	3.2171067893791814	
11.867562736909866	6.533836789168672	
12.407211186536063	7.578120824717397	
10.575317738592405	4.942184673744536	
12.094387609607264	7.661802501099649	
12.403442541668188	5.594314227920024	
10.137219654834063	6.552468962431796	
8.880616082408267	5.175449393002952	
10.035567357090057	5.458436875777191	
13.976506882412655	8.385338089459793	
10.235434633641393	6.060610938592382	
13.452925349483117	4.342141161758304	
12.254136255948923	4.187347374175632	
12.880714035471854	4.373556893722432	
12.421356788949861	5.257236328525282	
12.614498598722115	6.096534217256089	
10.598053557656813	5.4407706854878395	
12.096803677335235	5.404363348477385	
12.875006520565309	5.568575303371245	
15.0832300549223	3.8897776194325036	
11.78604630477625	5.064092451275351	
14.337873471522348	6.009920567470592	
14.087958447045562	5.8364635840504455	
13.962494568331719	5.126284880508788	
13.12491471385965	6.2283855808758375	
14.89992108959935	5.8733757035234575	
10.904875554590886	5.558423005623635	
12.874563410579634	5.600243947942502	
12.681215589692979	6.0115857054845	
11.418154628635454	9.456372532055894	
11.81645398685441	5.04282110076546	
11.973561654648934	4.877943252175125	
11.331079305301964	5.495166145364445	
12.172430821528234	4.385267572850204	
12.604378762900016	6.523605347283578	
10.802738802225033	5.343023064920547	
11.711577957209851	6.04289778669965	
9.761106273586847	8.018194484480546	
11.578977792272587	6.7323582528340005	
10.133167767983009	7.9558463653361535	
12.751337666096553	6.046951276215604	
11.445103500737407	9.059356804859265	
11.88004470288259	6.7978510326723685	
10.960349307884433	8.546232559838979	
11.788070706018381	8.109837806395948	
13.396349716836403	7.525955656445126	
8.890212613136573	6.122840001574627	
12.158109441732279	4.394053235202423	
9.677880700549562	5.3388972748917976	
12.390423892777934	5.2806536786706975	
13.120712216937907	6.324299611687643	
11.457770909414075	6.704414583846822	
12.804127946123067	5.537953905550437	
10.608313186003308	5.693016436828151	
12.177073365403997	5.796798614412435	
12.902101934978731	7.401048314156164	
14.68463339265299	4.600186821716325	
12.238601460174012	4.735137219715404	
14.373543626423693	5.487758670468356	
12.17857084198109	6.432413583274889	
9.75064658098524	5.381070351623813	
9.396591618964758	6.239232698351225	
10.435657597190383	5.216081598858396	
9.79578806000077	7.831733413817682	
15.451261159916776	7.020551829566679	
11.814374898844159	6.5363038650486605	
10.292317013204674	5.692341579942619	
11.183135225393437	5.79966986998696	
11.019142269711164	5.75192773295006	
15.641578823288883	5.3783347610893655	
13.198702911857477	7.909277801369542	
13.43236215789924	6.337544720187822	
8.414552362355375	4.807084637340768	
15.205292733585472	4.74299162368929	
11.706413032835059	6.3561987625831184	
11.853178601738218	4.617175929133764	
11.141604170293348	8.264218697843294	
14.78737340528728	7.4417200024687675	
11.426523433464677	6.01480810086642	
10.693898907557916	6.577180082362149	
14.268097490310254	6.172672482716943	
11.47400521330256	8.29010960884704	
13.560767514594447	6.205459552571204	
12.141069877317785	5.6365448834280985	
11.060008413566099	6.574561297413111	
12.418599250984586	5.407348907538687	
13.50695971517715	4.520923200550557	
12.079030763632316	6.0740931668617195	
9.142434305245382	5.150501546828295	
10.221334466536375	4.578460938273434	
11.685707100798641	5.894560307092604	
9.598574238911295	5.199239468908859	
9.395345043460004	5.51758913216471	
11.922579401077636	5.39210632306922	
14.34412028043435	6.094314113435929	
14.242959498103694	4.453302397856192	
10.189025440816934	5.21615452963531	
13.6916825507057	8.614136483739829	
11.599476298187225	5.3715566589206025	
10.982812420069644	4.928120584361853	
14.562387033499682	6.695805595110459	
13.477280716312915	6.111985518518679	
10.998954096736782	5.392795796009618	
11.197219590396786	7.190621174172779	
13.82404000914399	4.869302539282454	
9.853400475516786	4.678294090934753	
13.019594256230237	6.5044134283209	
15.120764265832474	5.3053602759405205	
11.890733357386564	5.5160757023058045	
10.760982805398156	4.35864797837612	
11.717662776952725	5.961168198623942	
12.958831110162496	4.785352361967888	
10.984534708350917	6.53294113994197	
4.967463324386816	12.66103382574483	
7.410048830882535	8.281607309154078	
11.949246316692891	5.5167575380067015	
12.331463579237472	5.225625102493086	
14.076199967444062	5.82702982158595	
10.242859597168751	7.89373580497076	
9.850412868957122	4.555959253390454	
12.276470850530973	6.867423947301906	
13.927142647213081	4.3516955891534765	
14.075909354354568	5.78225297036434	
12.025168143574176	15.442693932530325	
10.617938780222206	6.040155267589417	
11.423443912801575	5.771123359010513	
20.511930414440748	8.637190647449827	
17.308380697060237	3.056604313415163	
13.447738424272531	5.481328313817058	
10.132748422532195	5.038399543568763	
11.64055066178648	7.096475182968467	
12.028586502281597	5.940016827450291	
12.272708482128621	7.462845203265502	
10.998741079300588	5.588861071424599	
12.087517860405091	4.824868702314794	
10.243926216975318	4.68206695883755	
14.236309374938946	5.519979070937829	
10.916326051197668	5.023059832186011	
11.43502005074692	6.683847137924939	
13.073942667989776	4.333867263946898	
10.084712915047216	5.288491851886139	
14.380096515394829	5.899020493961603	
13.613591869398148	4.9642508778767915	
12.099606397917725	5.099882205411526	
13.493712571294362	5.3893552990488285	
9.25333440383961	4.741492624353624	
12.676197773641874	7.462571241266226	
11.922949730773015	4.849835222227938	
12.39803525423906	5.8538840450431024	
17.374601441637292	7.55173149344076	
13.074562387239279	4.750489454300862	
10.632224871010202	5.313379816933702	
11.7307218082094	5.882398310855174	
12.093419726360143	4.459562272452162	
13.2302349376323	7.814838130318172	
11.591584978062354	6.022499478390159	
14.012836169659	6.037330065621346	
11.971172775459344	8.596388830696045	
9.311573900961713	4.8124204915876545	
9.631172091565249	5.46024624081748	
9.866600970387895	6.068453884344084	
9.679675857493473	6.486745603052174	
13.016332983656504	5.483970025815961	
10.195089346581339	5.131733848546831	
10.783153003685074	5.766958826947362	
10.869042916438467	7.2419310914391675	
9.10857005995069	5.743392190011293	
10.831647428409056	4.491503656602395	
12.403566998606522	5.481492319673831	
14.698738801000571	5.207990786835078	
10.257904351144147	5.059294999568043	
12.353313386543585	8.403296030990134	
12.871876296520973	6.147629324863397	
14.27159168219545	6.0761510136100885	
11.41732064546716	5.139212035871115	
9.535773054259554	3.5953988982119283	
10.994924361567039	5.863148791050186	
11.621189050177145	3.773479988165147	
12.780870812708823	4.62562674961912	
12.300885950468036	5.036749613914659	
11.170730556973792	5.099420954750539	
10.180896670415358	4.316950768262371	
10.914394282953113	3.9315891274182606	
10.222156329807348	4.742197774964079	
11.668349304604815	5.524655702783284	
13.059967824530203	6.379778164070132	
13.582419979688341	4.67437159884748	
9.897479824740573	4.483104203560954	
13.776632792737061	5.374246174469053	
11.943252802452859	4.997764393861284	
14.087179637663844	5.300965108661059	
12.25962016227134	4.802083339276157	
13.735533382922885	4.7208249572236864	
13.740282530221137	7.589369274749513	
9.800911856077134	5.394442281384207	
11.958221758612133	4.316053828673655	
12.352490007785642	10.079304367856148	
14.020137295928262	4.101295166225716	
9.961822121135516	4.284039607575545	
9.8721801814405	3.9333652092743283	
12.256429956626402	5.7382280902585086	
12.784658716751006	5.709132638103341	
11.798187650537722	4.3641891971250475	
11.259794926728834	5.957866684920908	
11.123772364842369	4.479295447155375	
12.185899182093502	4.896240819113822	
11.621081600925232	4.141022302348749	
10.440971372334543	5.580573187988753	
13.29829153180335	4.989803751328105	
10.530636170353375	4.589021170705515	
10.531603674350816	6.785307510904288	
14.278770459332703	4.008553783065902	
10.856708084431746	5.125999607837705	
14.538358320106859	4.823907906422856	
13.205288945811436	7.3609353636063375	
11.281636336510061	7.1197262738284035	
13.613775640858107	6.134803673026755	
10.783988049061438	4.921374772955611	
14.511610512975233	5.50559120504169	
7.476729194214111	10.788621636725107	
10.77448744491639	6.28183510689534	
13.122225851182678	7.031406790824998	
11.367317485268774	5.745014401272659	
12.182648383458009	5.181168660958472	
14.010297690126011	5.430968285753978	
11.586918494572858	6.1955251132841065	
10.651895217825976	6.597837750244046	
13.128832247616089	9.200490308953547	
11.182111382559231	4.903957731073528	
16.407838569085612	7.280339291794449	
13.086075431019468	6.127985294676837	
11.426067175695755	6.388113663020999	
10.105482365783981	6.819134499358771	
12.093045132424907	5.236411467660414	
10.185347305882006	5.368238681984601	
12.66268526048156	7.036117543171977	
10.946544155686752	6.427019010575442	
14.356708738866525	5.400351508168754	
10.845989137452468	5.642765308211293	
14.495742606833103	4.010422866746506	
12.489748801309988	8.347567818811704	
11.040305751761137	4.794663603024854	
12.221015783382583	5.281310426554196	
13.21085910579201	6.566678225403288	
5.545941285275017	10.598411375968162	
10.72116009750234	6.292182410696309	
9.899059135752664	5.370682756681593	
10.13770231831083	5.00331403401974	
12.483662028275953	3.924099091294449	
12.649355676322104	4.396879375611092	
11.83518642249258	5.67853954081258	
14.77235860879646	6.71380660707762	
15.710633270237066	5.912034272765244	
14.958736139257852	5.359479898866194	
12.910527876219613	5.064656431791613	
12.558584548412941	7.594038996645445	
13.796893886453676	5.616419493192284	
11.189304915295683	11.319518048920315	
10.376148572936428	5.416200145404886	
11.765062622469625	7.007787513731548	
10.976193997345781	5.401925444578786	
11.726519766770995	5.426839571145937	
13.781936214555042	4.4261875245049005	
12.268652392912832	5.7322526174411745	
12.702561211081077	4.66615286240476	
14.20395817008868	6.140674800727833	
10.45543277872119	4.106265135214978	
10.332892099403272	5.181329062679699	
10.803099867857055	5.099373262335702	
11.834444800936271	5.582602653141566	
10.88523801817513	5.366381494941599	
11.70086462074223	5.113856244641911	
11.081712090490946	4.021723716661679	
11.006534080571718	6.131769264499755	
9.186707837865233	6.593473685575663	
10.194179070338079	5.405286853925473	
10.748073544085695	6.090170676094113	
14.263925190482706	4.7845071203297405	
11.336109665384765	5.048996761110626	
11.800281183812961	4.764751815291758	
12.530369150389895	5.363167792320584	
14.489288852790938	2.773870285339521	
10.35708793659393	4.036396383528724	
9.859751968758017	4.389941062932525	
11.022561663380626	5.179960760528858	
12.537310518762515	7.322482547863705	
12.545495307412802	4.822026725590433	
12.30242590250228	4.6399815076157545	
10.463545270539653	5.208456152346033	
12.340741147211608	7.193716615732838	
12.842156538419177	6.744594005562181	
11.46355721895691	6.51009975992512	
10.902964638128118	4.325706808714334	
14.521043820053729	4.777220545934561	
12.066619879000044	6.914338611698121	
12.743052570279872	4.3525709753685415	
11.989318830634874	5.001163893515129	
11.540601782438358	7.638375544336167	
13.268557316509801	5.2487635792704594	
12.380856928626851	4.378694031697661	
9.830379910931445	4.4811115552001795	
10.779159095311051	6.473078576078558	
7.5898816754367555	8.083190841961102	
12.795703917706357	7.324438035133972	
12.668550155820046	5.574694844058445	
12.898230925976705	5.686127806922568	
12.241147196026489	4.578914035723412	
12.18843132655523	8.923184416037856	
11.21909544728991	5.003179810646636	
10.88454270595474	4.796649443313143	
14.021282935385672	5.583230551228334	
11.541665983954143	4.6602408460991915	
10.333884346359993	4.587524429591519	
14.664253181870043	5.554227734615896	
14.0677612719392	5.658067733279931	
13.70305337399628	9.282033156758938	
12.964051140897633	6.0547289120038235	
13.348602202912696	4.341374165085057	
11.690359112750865	6.230566854979004	
10.5586079367607	4.585354502440898	
10.88373638387932	5.766362362691327	
12.677489070831253	4.843809463693386	
13.026170163542682	5.309983525702851	
13.087130381420856	6.422266841929054	
12.254367510666386	6.472899656203664	
16.655995907694532	4.754079395444097	
12.02998732447636	6.319000495899513	
11.571339393769042	5.411450727735605	
16.85678221086198	6.163043754215276	
11.076534283712018	5.513184277401941	
11.996653020204192	5.817754376001467	
13.951273438974962	7.48000800439659	
12.310862544641985	8.695430335515358	
10.016188771552489	5.77317022929743	
13.021386003501807	6.225002917732881	
10.464558339954852	5.5864713250279445	
9.94181005792073	5.779365736499236	
12.519749749893009	5.210774875582245	
10.412124254396758	5.337246214931883	
12.440160707676121	7.384753973535507	
12.33596824606637	5.004024506790015	
10.608064425686925	5.834450540565821	
11.71581933566428	6.728585542295438	
12.291843439316343	6.160142246497997	
14.62241555585454	4.998214539950049	
11.78780517213498	5.483875951475962	
10.985133240791086	4.812135506968641	
10.368193826608893	4.8929752365130845	
11.0488797653104	5.998488017834052	
12.26899694191413	4.54333624115145	
11.210944412216818	5.321010730262821	
13.201470308229453	3.4000048546597474	
12.754518011237737	3.883349710887594	
13.72851245354291	4.869015850064445	
11.715315724553882	7.2299996087516005	
12.03027187912974	4.868358652741691	
11.625965238115347	4.349974301449504	
12.20719445467267	5.035276836531847	
12.537303391460766	5.362183883826618	
12.52847487324557	4.465576784022846	
12.643758474067868	3.958028425976735	
11.610474961538838	6.94534336343475	
11.197902112345053	4.616109288867959	
12.28447419942773	6.908564134207359	
12.3651752338501	4.52762299634587	
12.245131550155358	5.9337205072331525	
11.76054387713858	6.768794781223471	
10.876648937101402	7.292690090634264	
13.108116688811192	7.092831846832143	
12.408477894542338	4.173594756291457	
9.930919269328202	5.13689539070595	
12.342021503618344	5.3038238430424824	
12.026502790084749	5.945675990550678	
8.977940887159752	5.54405632607765	
11.09367858366388	5.142671116675792	
11.733773668216825	6.558591239703931	
12.52884975955329	6.011235903705067	
10.693302138262906	7.595615322509948	
10.234841280994019	5.990375822530485	
12.391520334586133	3.7071550863810474	
10.18412108218591	5.2518918579536775	
14.979792268785511	9.411967534729126	
14.140309250552885	8.937716707108411	
16.050647713834227	5.386046375246366	
11.78338199343907	5.07062350621423	
14.632853651028535	5.708483728795832	
17.216655031866036	5.219230060161406	
9.83220331112044	4.780141267211827	
12.586237359290422	6.423360133376064	
9.492596099354618	5.620072110011785	
9.31500016703938	4.403313561955986	
9.69721247420373	5.466659377358128	
14.378239640441977	2.2824392926181307	
9.295144332978605	4.375868727374737	
11.308502090757075	5.210785011684665	
12.535411338979372	5.2729759241050465	
10.38403341370315	4.682794561773345	
10.560393918201315	4.753593725616227	
11.403226746881781	4.591816855286384	
11.900141315073466	5.127232406117458	
14.347699595202073	6.589405365894896	
11.542729579986556	4.591216562305777	
9.491718952178266	4.510478600211462	
10.329786199513586	9.005047140096151	
12.486409225773262	8.413990728434985	
11.908873748664277	5.635114259053876	
9.247018583576128	4.6403004891028585	
12.057995675515299	4.374774053863155	
10.836123640202498	4.527452349748019	
13.090327569587627	5.359139770930552	
10.86247778552837	3.5625603045860506	
12.49248066922828	6.651872392958779	
12.228731925903666	4.686759810511537	
12.135606181839199	5.3570607648605675	
12.783139667716322	6.715542885052665	
13.9311217803217	5.367289388000663	
13.188431872876878	5.808435115791555	
12.71749347452706	5.817797645953536	
12.987776805666366	6.097712803043017	
12.41711954423992	6.0873075140563415	
12.331584856410224	6.338558507774154	
11.026759949187397	7.277321489173526	
10.55701099157814	5.067470622811151	
12.59728732312225	7.770280969522143	
9.998152713377081	5.290073112040868	
11.605669448653481	6.707499969592164	
12.065642951386296	6.8195954818566	
12.498150494533629	6.0151912272148165	
12.611927537068139	5.488884998456959	
13.361207374934525	5.7702397490150075	
11.147194489129346	5.341090023079868	
11.326622410560649	5.099188215781505	
12.419805277022693	5.199599768583913	
11.404809680201016	7.248732244772421	
14.748945560904893	6.950551916047284	
12.007350270036287	6.165225373956888	
13.3596373729299	7.61978552918283	
14.612719283838059	4.714224683940885	
12.642366559138381	5.918595945428643	
13.87652097645341	6.711128886682298	
9.794048725135108	4.749583283079933	
11.702882778185725	5.738767819979806	
14.283594380292907	6.351476817847761	
11.301982869456966	5.425188547697424	
13.042613996067418	5.679187604673046	
13.739411034572255	5.37771097692071	
6.660005006778257	8.929494894919857	
11.29617397524936	5.643659558861031	
10.36650812687312	4.509799282238239	
11.848164455766403	4.578770367098379	
10.968542067850887	5.313470059263202	
10.576608494141468	5.313822750429831	
12.09492781811244	5.678883639157426	
11.562101373864186	4.056704173701682	
10.502724345850714	4.231333817650505	
13.529232954540367	5.867296325719993	
10.03388373383725	5.446558089533328	
11.477558922467313	5.877180519190935	
19.129232811785325	9.123402860768184	
11.477085159820748	5.070889060398896	
12.537188033598289	6.480417220246377	
16.968578110964348	5.878557537608589	
13.39523409741018	6.406673363943896	
12.374602777019433	5.047031876663439	
11.527470839194237	5.313494467817993	
11.954072520168154	6.626320641616432	
12.664101231531248	5.94657575492326	
10.209551334879263	3.9476738626614707	
10.496443209097638	4.9609274239238585	
9.844004683102375	5.077439288691976	
15.399621468548848	5.111367441663797	
12.18217826722447	5.140702713926109	
11.821053340038619	6.414552761759235	
12.773940722396485	6.697696122443225	
11.314029620452395	6.440008882587592	
14.452379014624185	7.1200937947220675	
11.808997808764348	5.937832637181829	
11.946718141157866	6.8737985338745675	
11.694868680822154	6.0404727738128745	
13.063167516976607	5.312692892811235	
11.476542199056679	5.257799245573452	
12.0845271463165	4.643712032601258	
12.82255761291714	6.915178325291378	
12.60650490242952	5.831411387811228	
10.730322351759668	4.925480274572941	
9.86456276595058	4.854790759077034	
11.603343731913553	4.302447184307596	
12.175251342374068	6.106386010834657	
13.019552106749579	6.30976173566693	
13.399396122034666	6.186190156760833	
12.909560020557453	5.8917085048941535	
14.514724745138944	5.5362167674031	
10.380947000262129	4.433761491666626	
12.424123964016715	5.411455041254107	
10.627482161801025	5.867521975491495	
12.313888270222806	6.892653842293231	
11.297683553358528	5.656796060811302	
11.287031109120996	4.987251349628601	
12.240782071454678	5.815674860510526	
16.036918755217965	5.321852113714229	
11.452684568514519	5.385394232456461	
14.188102970855871	5.426068861363236	
11.952537778731182	5.321263353432601	
10.673772180801778	6.734420627912183	
11.232753846801554	3.8627363510759545	
13.145916517521222	8.317529805227315	
9.972376418588096	4.440746307812018	
12.105690667395342	5.451628447007031	
13.360163654881895	5.182258671772632	
15.506207482917944	6.882282793537546	
14.792423228464635	6.182424223600129	
9.718053927479756	4.41915165724853	
14.15337121356917	6.407501322116328	
12.779401407106354	4.880342877867763	
11.154767892321967	6.980869412890989	
14.452366850917851	4.787273427412598	
9.437490900188925	4.913388209932619	
11.756675108154646	6.759796653353646	
9.446919149619694	5.2051758024913175	
11.77292002928625	7.499171759722802	
8.918326118741525	4.632781342745599	
11.299194185214299	5.009455016631796	
11.789726678944833	3.975830823658591	
12.5305932518352	5.219431726471917	
10.685167461973874	5.602947365660273	
12.550764599800752	7.486802230772548	
11.746132892830785	5.195270414806152	
12.438836528527984	5.1718119819130495	
12.089181342956124	4.9228744019032264	
14.225253282382212	7.149937095601348	
11.321441134378466	5.730428427379746	
15.066444503516637	5.454863775438017	
10.84259740146039	4.260012831299979	
12.182423818325715	6.938982285809803	
12.816488755566967	5.171305227261803	
11.07266071224738	6.220747260251742	
13.295016887882483	5.815765990444996	
11.905612380243687	5.570127746692785	
13.71617824179136	5.10661653369661	
9.190964509898306	4.300010376342532	
11.711392842898766	4.931706004933917	
12.714955141322575	7.676445361598608	
12.054839481999158	6.259169179273831	
12.173352790663543	4.930374423488037	
13.162336457925164	6.6121919370972915	
10.323364897185519	5.439852249812301	
15.924740311642918	7.130815488486378	
11.127051847400814	5.645635708997068	
10.077307384886211	5.00392856556717	
12.545322343231959	6.04793943566757	
12.254166312121722	8.108578091663306	
13.91701718964913	3.9959834242762686	
13.189032810077638	5.579226417725049	
10.243046928502292	4.532654013926684	
12.464976054421506	4.81714312171884	
9.80281925059196	6.9412001796026335	
11.21853509417219	4.714172912385752	
18.813875066274665	5.1643640998862415	
12.271942769027515	6.5705750072685545	
11.269414396141405	5.050866882788426	
14.854434611418991	4.8733648712609305	
10.536360627037489	5.207940775153575	
12.165770268328309	4.966245668155998	
12.506893403159095	8.06800229379996	
11.170949827157544	7.308711051858812	
13.182357964881305	6.5671842435290895	
14.306934189999675	5.758090104277534	
11.679043813456472	6.327515529594886	
12.33588808160569	6.870301568363029	
10.536500550478038	4.990783250177843	
13.290865315601579	6.431672169169294	
13.304702081573486	4.9568930756813305	
