3.543670368716082	17.37226409175441	
11.981684949292042	15.479754921775474	
10.845521619697125	7.323297764818521	
8.20580421297545	10.930027006500096	
13.944620306909915	9.03510410204243	
9.560828448367895	8.184777942219174	
11.137896660738908	8.23596771804099	
9.66785604097726	12.964507457645947	
9.273616526865581	8.731172361171902	
14.97861514165082	10.771269836995932	
19.184462501975673	11.642514965677652	
13.989347046926191	11.300200596641378	
15.223311440956659	15.317999154161418	
9.839387843940806	9.891709705853389	
8.91911504219764	9.888664058114879	
9.338795261443364	6.762241848626617	
12.067152325348397	10.06310684991713	
8.702983652844539	8.481658293227992	
9.374912694504678	9.124857093901964	
7.171716403731741	7.66004267305022	
10.412155261159981	7.3921244262146235	
11.014837553121966	9.08740761385798	
9.462347673790369	9.118831760144925	
10.84266451995175	9.845882449919111	
10.376967050297955	10.637662705776071	
10.42911223289257	8.025619830005823	
9.20649949215174	10.507345638983882	
11.578494591884184	9.890043725133184	
11.537350183888584	10.651138057534025	
8.220296682636075	10.272258573819434	
8.622382101759214	9.887827183678196	
16.41874465503681	11.235466122930648	
10.104691088511307	10.421118741907202	
15.750541726026038	9.297264474412286	
9.363716331930553	11.680061458556033	
10.007963383356726	9.283334400171992	
18.925055708126948	7.613412770583039	
11.152447731994439	7.551337020743282	
11.288723821051077	9.230586319245951	
11.192225862424122	13.337450718318607	
10.37644624561769	9.733673793114495	
6.569150213339265	8.95101027927979	
10.196822502586935	9.349579732195496	
12.3385851094576	9.991222380508365	
16.481991817310032	17.77896895642968	
8.67696854862969	8.741245803638474	
9.611086685025928	8.572212470387004	
8.901894745058962	7.973135276409572	
7.045061353817692	12.501976190221303	
7.962502828143924	8.452126749138376	
9.879832806325402	8.733631522704693	
6.209517641166104	10.759998216562147	
8.43308291748561	9.535341497012407	
3.5168084526978567	14.204134711713959	
11.715539501999352	11.065916853754384	
8.488305370838999	9.187804200940418	
12.912898902388138	8.809737886795192	
10.474390604316445	11.334791406060063	
9.263175496993101	9.883642152809221	
14.487239185638755	9.97389209030285	
8.933344055072144	10.80013527072232	
6.766193156837994	9.091918933493579	
10.00629887010039	15.522031326799565	
11.202233686286668	10.077363299346798	
10.380881883589973	9.359757739445577	
9.658697052788227	9.934964706061292	
13.277474915558797	10.439938041049494	
12.775630055405767	10.76487761286557	
7.670911995094098	10.937049293120415	
7.85787275279161	12.493906186727838	
14.501369252415278	6.705891932268278	
11.46484004476777	8.91322742702738	
10.700913516029656	8.128435277134283	
16.21706189362885	11.0057434108085	
9.572684661734069	14.109468934194481	
8.109093514676777	12.704614856954349	
12.418093202092983	14.320808198739423	
15.202455881310337	11.778206786348237	
11.444738170135645	10.39326397509119	
12.746994067005886	8.69908069889745	
17.844990910784134	9.424728630841864	
22.067639447331686	14.273474373244023	
9.147612446603238	11.624221965818892	
8.12784618963548	8.188582003580631	
9.842787584443077	9.992055246053452	
7.838982844973292	9.735155486037819	
10.81187267352505	9.687810332004814	
14.128107168867508	11.873778790168268	
11.072417524811781	16.740293836763165	
8.463927052107636	11.37318863496048	
8.817559164765951	8.225286486007137	
10.659045887518271	8.108182204214431	
11.544591278802535	12.522584818699974	
8.524050300311142	9.038768525819092	
8.998660468303624	11.115474892912637	
8.480654177026981	8.21619966023865	
8.058193461181203	11.934512506447001	
14.204843698430711	11.573967815007565	
10.020812134899478	8.128091644306291	
14.423954722726089	9.158870579378018	
17.557697899000093	8.479626369899878	
9.425662808741254	8.605746281095408	
9.957999167062852	11.658991471448246	
7.072907622908143	10.070720673662178	
9.253498862555897	9.057363119980927	
6.829920022493387	10.307860338065014	
8.55702087102571	11.717089984116134	
10.40076170614832	10.026183890712812	
17.646150096401865	10.457895147886243	
7.4046481557310715	9.699282674285447	
7.339355749522982	8.247078446796559	
12.201139273120518	6.2138308542766465	
12.964633519342273	8.631573916023632	
7.017059372101501	8.548370339549743	
7.202008016347007	9.619877304717496	
13.005949567034618	14.811449130696277	
7.8152979767796005	12.966309687162859	
23.36627932247251	15.071216675111634	
20.04428136764811	10.535465701149892	
9.14205879623528	12.584065181629505	
19.313330605290783	10.08363723165043	
17.63331850665488	8.513169602447334	
12.610981238129975	8.937329288412032	
7.779682812153541	10.450709662362883	
7.615869989010427	10.829721266330981	
10.43730501615097	9.581532583526881	
15.780412283456764	12.65118871224283	
9.069643306042636	9.603719842355202	
10.875850081037221	8.668681697487619	
8.540983558123568	8.169510093840833	
10.803410622700094	14.134062544529218	
20.879508096770294	17.39708707509249	
17.81530840224447	7.11670042372508	
13.995713265743284	9.194182348246757	
11.60530695518806	11.167833827466856	
9.54032046089891	9.465772937440265	
12.259200867127966	8.60076243915042	
11.818619247808236	9.83119993486613	
8.201567023403728	8.81437077415346	
8.828792270517821	9.483911832329177	
10.012601740072547	9.235471616270216	
8.683331902105078	9.119976692123208	
7.338216586830389	8.084233252551545	
6.733558478150287	8.167343524890555	
13.09326100158855	7.154591548167791	
9.852046561636978	14.426837009480666	
6.764062628531949	6.336669573483737	
11.461485619742271	8.25156735003429	
10.596729295363648	13.744412382431781	
11.591952163151896	12.019010173742837	
9.555195879849258	13.80144265315126	
13.993349328054	13.407697920025484	
10.626912122995734	10.03498285818832	
9.632515294409657	8.11626625182771	
6.97398499009874	8.341664362123366	
11.455678397804652	9.037889169442087	
9.42229440161837	13.355053763636887	
12.17974354135318	10.342412045580904	
11.997785791229328	13.806750959845528	
8.256948497618678	10.976751494171479	
10.461145025341908	9.250186969380273	
9.411213284813815	10.706752395432652	
13.528313535242306	12.383083067943815	
7.911965876728621	9.225399032447372	
8.598845050936653	7.225355313404852	
9.860714420780399	8.964009438062767	
7.557366105158618	6.440556629537056	
10.413418097649215	9.372889170856201	
9.075202565635283	9.348628314991414	
9.420223391650868	8.255507061584254	
17.340699517338944	9.829327114145357	
11.649130064281602	11.57802064379712	
7.552592491163397	10.18760652730607	
8.578472795881513	11.927398832266647	
7.903092785540796	8.567625292636372	
14.741225378748778	11.18230230562647	
14.948261765539739	8.898850861335317	
4.609270336672964	5.856224365898775	
9.480941349297385	8.199871993205443	
11.416603891215654	12.13892440230409	
6.779368489374748	8.926203139807088	
8.071952136440432	7.998336227066722	
11.381022056953414	6.775984538829119	
8.045511047889933	10.42107853298979	
7.951997994699571	8.718042847795935	
11.702963092905119	10.71612213171217	
7.424463522128677	8.957673393095757	
9.71047984672566	9.042689383835352	
13.051702675568757	10.26291567063589	
8.965629689323013	11.722415646638508	
10.950798100430687	9.546053569106817	
10.489698799067646	12.459050995789761	
18.314515656600125	11.03821764246994	
6.166722462103675	9.913582590268074	
10.152991038309604	10.154908232987466	
14.115045496045319	16.282153117034692	
8.235376955110645	15.83923118543044	
8.629271279312253	11.115801430104355	
9.572595818852422	10.660311042292072	
18.93801418774598	14.868685685504706	
10.833567398078298	7.31839032019974	
18.551899026000015	9.751591774348448	
9.823027403096765	10.771777680437797	
8.408816842327342	10.72557307996798	
17.464859095820113	7.841221086015949	
12.397099928704755	7.6739221279121015	
8.167422681250608	9.461818267459414	
9.827256343650419	8.803929856363391	
8.379513033940992	8.714530688163581	
10.593940717253881	9.350477338132553	
15.34863799692023	16.331058273421924	
11.645431538856501	17.189649094703014	
16.78763538392206	11.053755537985383	
10.018249531091337	9.882614947778599	
10.095857205761982	13.559882930954586	
7.971171039664677	9.055055075049205	
10.76957923640427	10.035105497923569	
11.063982837712485	10.165862061293806	
14.54313690087395	10.889772011785377	
10.89087513181064	10.401940616235239	
15.608767187581948	10.776775450374457	
16.558331609939565	12.192828926296789	
21.571638505063444	15.012250390770697	
10.511396685882376	6.832157987214524	
8.695704791388092	9.264810496779358	
7.314376628893161	8.016303563817068	
22.446038674866053	11.600439628319524	
9.153986203737128	13.124735998656373	
13.318948965660457	9.858592898126465	
10.22967790524583	8.149963948523572	
12.520890653950106	12.073593215288176	
10.880660272668072	7.738618282838047	
11.895918896052125	6.1314316123545245	
6.803362469380135	8.2233973743079	
8.6409117834247	9.81569761802734	
16.034329454084702	14.196341886567271	
8.694666088344489	10.073518835265299	
10.912253834010244	9.643126681303537	
7.467795718580931	11.821273733848738	
11.960625946518038	9.497621328430798	
11.615608724638372	11.87667516202962	
14.85516745576697	8.50521879512509	
9.464143540988106	6.686531120155988	
10.878039076953419	7.793192899417394	
7.354548488332768	11.306635524675373	
18.302120645055865	8.890316622347468	
15.337170835609365	10.708068975250297	
7.225911079749243	12.219345925802942	
13.113207880124488	11.502104181320536	
13.634116528850882	7.965636268612311	
11.491987222405793	10.38816640623018	
7.914331623893905	9.457267285998238	
7.001592215492051	9.181971717893328	
8.870114989527119	7.819306515939806	
8.548430018364744	10.921777596328809	
20.05365339711611	12.192170009238229	
14.004583163098992	10.242630822588078	
9.362003132416165	7.731657998746836	
16.27425722525696	13.576024941992804	
10.131670066427054	12.06374173204586	
14.49003809618097	7.77552073133762	
7.083964249343596	7.7576057288035845	
7.972499231913303	11.452863867412205	
14.349893904801975	6.8685399018095	
6.992758691581605	8.215394653737661	
10.267176722573081	10.635012211041987	
8.417944762926817	10.607208769654187	
9.82653198666074	8.651990402520898	
7.750916652064972	10.030669937519681	
9.082830012044544	8.346320754302207	
7.840328743521678	9.567707473233623	
9.534078622257264	8.54377173202671	
13.854947679505866	10.749574090760495	
12.00246375919697	6.219655268043438	
11.323499922731012	11.157717336795095	
10.77307402417899	11.216679928486885	
9.562670438030642	10.687936174775103	
8.329246935784926	9.412018431008198	
13.599175078302496	8.428290649145646	
8.585263595025772	11.080707383585255	
12.062075884702052	11.736626578676306	
16.94579608875637	8.660016062911915	
8.195095208297854	13.036911675012561	
7.860491273319305	9.725082871810452	
15.15532867496524	15.110729680507513	
8.750401915963137	10.011050464615765	
10.2718020375137	9.347913832581789	
10.723120996407934	9.698547547641539	
16.842618585631957	16.960748982559437	
18.43991816635685	9.4742132016502	
10.067341906150142	9.9387920782142	
16.09089111289876	10.731548334213917	
14.329048192839293	8.724300985164717	
8.338646801145938	10.144117935527014	
16.36626737685685	11.680439933150097	
10.159115940944679	10.21665197892302	
10.018637889974796	11.190866856159303	
11.525276835391196	8.216287607594413	
9.977814437061106	7.440733409911398	
7.735901789251812	10.36091507232096	
17.74814429646674	11.038567303282877	
9.799034549785958	11.941495702458978	
10.937991364864745	11.063344971456985	
9.795269880082055	9.724532782056086	
7.101623460737914	9.986119952537866	
7.484970675585048	6.037854003690939	
9.965231094379245	10.973982862765869	
12.510247780620153	10.475017961086833	
7.2157860542662196	10.66870085437059	
8.499329914657052	6.501818596191114	
8.203548616624762	7.128299225955959	
8.802011756044728	6.963986754988323	
10.74633628076075	10.916811587735728	
15.011797117594947	8.941784587182006	
12.780065543114267	6.729683685568494	
9.950252943421912	8.710628096702582	
11.525527446590447	11.52093350729717	
10.088490483622904	10.053755085003383	
17.982641357673028	9.64878176511921	
11.579501521094889	12.717906961064118	
9.381013410937319	7.084921409959924	
8.480216170643773	10.758882708230415	
16.11357094963844	7.873395990864277	
7.874628414039494	6.7030214060187	
8.097506905747068	8.130529249373328	
7.966144200225943	9.133461240963188	
7.84938738009452	8.884223559685806	
12.69865301439638	11.75292112559518	
10.470711595842115	10.49322370283547	
14.519119564786347	12.512447366866255	
8.693442545194339	9.238371732910714	
13.609080523499218	9.703204564898444	
11.022390758952929	9.31695417029771	
9.415868994418961	7.9892371092696	
8.35430547036584	8.314239742049736	
8.609101885252667	10.437508278878317	
9.869469460256017	8.586143053117995	
8.547058716237961	9.764195299040248	
11.97072902371522	11.927539024268444	
7.97754048656544	8.84824786191073	
9.6357428391409	6.253403677617518	
9.90284148407022	9.538652968019669	
11.716877768594841	10.059161775280243	
9.600476470466598	13.236831115322653	
8.449017817492306	9.13639035963105	
8.480252964461846	11.653184875768465	
7.20971713970944	9.8274145349157	
8.439559246841812	8.317864279438828	
16.014843197648553	8.447515457141796	
9.044213165957038	7.903322621317715	
7.517195089489812	9.524992530497144	
8.879346242474421	8.045409882947459	
13.150185246915562	9.284667469327236	
7.149528960022518	10.30645566734631	
7.461765487287172	11.287965257495433	
7.479164375647493	8.794662617796128	
8.449206671849844	6.908251167692797	
13.19216231513466	12.850712179512085	
8.81078558776504	11.803505445496482	
12.133430219066547	8.684358499280089	
15.162378712512462	15.846470803183552	
9.921728855482732	14.286325198801014	
11.899328999619025	13.158793172441296	
13.421072847216339	11.887690432518081	
10.876075998526982	10.260390525511195	
8.780935764769941	9.863732630217607	
12.07484946600346	12.648239540774398	
7.969506821334364	8.350925043755597	
11.182515455346278	9.972251607705484	
11.472647771121357	11.371581793006463	
8.760868255240403	10.23520036085368	
13.666016089777937	15.311257545469788	
18.90646688017881	12.77694069203882	
10.938169519343338	8.788514153749547	
9.62583985926524	10.456775747242268	
8.014656705188573	9.364360921480902	
16.661178091527894	9.433353126575208	
9.915996312745964	9.714313290256321	
7.691304055396321	8.007199310747414	
8.839217675556425	8.292704264488005	
7.945214378696014	11.805104252132912	
9.686140193389171	10.48620641570304	
9.886325753735369	9.889024383989744	
15.200258461020088	13.757246242845284	
10.59275583467672	11.575095203607011	
9.806210165228212	7.760889751693414	
10.833403443830921	11.616179579843637	
10.014250742807157	9.382501920616363	
6.565534396107173	7.917151509941484	
12.18537360179527	7.517462695405886	
9.170457311796442	12.648036607249827	
8.521910321362439	9.504427079517066	
8.30671160047306	8.06981517591007	
11.311177804805046	8.770368204246251	
10.57205152311252	9.460025339121293	
11.321005924253207	10.096464323508988	
8.843084014508424	13.309681998648474	
10.77000714257455	10.296890385854532	
12.552543635190064	10.041479999718153	
11.273361385322032	8.967626839763893	
11.042920741441142	11.161977473368164	
8.50597122829325	10.547136291882115	
13.792923561683473	11.791455392422055	
10.489046011075231	13.360740095019919	
10.534306081382912	10.253636584756089	
10.016299617258065	12.049400555098375	
20.075267994652307	10.140775155591784	
7.513218728982917	15.1786405374674	
8.796569214536808	8.353320869237399	
8.00923384014191	8.50503491939131	
15.46224828578831	8.46006897179079	
11.977378105755854	8.533650438237727	
10.451656541744422	8.967818335956007	
11.288652230228648	8.861117798408191	
11.156773411879557	10.586873680531566	
11.827745354961534	7.21008466948418	
9.423218644493351	10.820336712341756	
11.781403091167434	9.440055889474763	
12.367625020750017	21.730094351320624	
10.388530678086843	9.610082613572263	
9.274760723256184	10.76618492026412	
11.11603928941477	12.475059635871222	
14.271110323051891	14.157958832878451	
11.861214184618111	10.18898343919113	
14.919102350038663	11.175251305069231	
9.40875674145954	9.305689370359378	
6.848815217084022	11.035138605634494	
17.443980220883926	9.474967072846205	
8.823999650343504	8.759473845731018	
13.23339959521359	13.129281321407891	
8.944916760795515	8.16272741778959	
8.925160058583169	7.406329871243079	
10.75180429877926	8.322088552854838	
15.079763260486096	12.419420548388642	
9.681723590321521	9.502201524674636	
14.650992633681048	16.69013374839293	
15.751067564437028	7.560976959338625	
11.295602419807947	10.718403776978771	
6.69712737238781	9.365410593815811	
10.393156995085084	6.820489861980293	
9.270521562738962	11.3170861018078	
15.77357051635828	11.482784496563564	
13.547757007499813	11.890440154057657	
10.532712120426321	9.33330906493596	
9.209343973374605	12.987685893493786	
6.682207234666498	13.604842837395207	
9.478697065578528	8.69107335383521	
10.870281757578587	12.357810177510295	
12.871534211648488	10.037396998966775	
9.857315130145581	8.610454714613168	
15.007894805368617	14.37327795745718	
8.632471721597774	10.625235376194464	
8.739088179033685	13.24846233095274	
10.75407708065457	8.119518918368007	
9.688167157054936	9.133312946329308	
13.984877373713383	9.272522763031501	
9.80879375477048	12.014974689523244	
11.273677572896368	11.8284042889497	
11.569723058744138	10.367734595607548	
8.572784480146197	11.55207205952512	
14.515685516102536	11.444667588699852	
14.6873650676523	15.574347962272473	
12.336455278655174	14.82694342173052	
11.538106609208182	9.3398175616506	
7.954228266937825	7.061836487971918	
16.241451383715198	12.419493424246633	
15.652699688743574	8.34044791344381	
8.164898222258916	9.962859391129873	
12.590689613804253	11.757591538809082	
8.691046643042565	11.779378619358829	
7.917711811022554	9.349661044754361	
7.678851313286108	7.966611964226587	
13.123150459990757	15.03394676136516	
10.766105652618775	8.121769058343137	
10.133149328447022	10.880540673057272	
8.251541368073857	13.094592430885768	
6.746680743420073	13.732398253683325	
11.152213073118833	13.52186721502918	
10.698893325767386	9.014297605372988	
6.165522570471984	10.198259276909406	
10.455390428444959	12.470941002442904	
11.956698185725562	7.857241940117336	
10.111608155259713	10.014079881473242	
7.904779230092589	11.5699792195037	
13.540847976717352	6.390548474370706	
15.00539939328461	9.65338928822605	
10.426357180733609	12.208772079248726	
11.223251597936692	11.329757555254789	
12.349099694807444	8.604108411314156	
12.436064487735832	12.399717818426666	
8.803002150564039	9.231164749367862	
7.516833554516533	8.166859887744678	
9.939654026806293	11.254336189078549	
11.550782031881885	10.139845919776237	
11.609721383332415	8.939432498700558	
9.927113975960118	13.051697449511636	
13.524051409861006	10.778378947030715	
11.886513005150398	10.663372593858178	
13.594053897204684	9.403144181418622	
9.434021639250746	10.782168376724231	
18.547635681491144	8.90315513537217	
10.59911646657597	10.938910188352073	
8.413971547767988	10.144553173428932	
10.67280982947242	11.382257170947147	
2.1057416451517117	15.591018399009476	
11.936231824434492	10.028930500493152	
9.413166254617305	8.775087109451329	
8.354700005938534	10.2015719376871	
7.499723844497544	7.3643220593128085	
11.09214216456463	9.617196706803767	
12.058921962792914	8.047290135836066	
7.518781546330021	8.6744477622436	
15.910262403443573	9.580013872760562	
9.588043743490214	12.428237708492441	
12.471122072115135	11.756416718881423	
16.240381508338775	16.10065617811222	
10.362617071355219	10.980006473841298	
13.298407118944937	11.412646194195789	
9.847792831272793	11.755090275346971	
8.56095511116691	9.358028174457495	
12.135507425145137	10.25676888800494	
8.764397147111463	9.613760272876243	
8.103325038623872	12.078167369819363	
12.562206691057277	7.55835194491475	
7.075729024823855	6.575084125596457	
11.862103412578053	8.661027572793813	
8.769383877384339	10.62577649815508	
14.274455877397958	13.231896242619168	
9.690912985825832	15.827176001992646	
9.734401445988265	11.208350482063107	
14.269079540383126	7.87079427795735	
7.33987703600494	13.120627207994387	
19.199150487624383	10.929069263735066	
8.00173664612398	9.132538477528284	
13.827709266212075	11.001098955220384	
6.701930238967146	10.302141667619122	
10.016678214731265	10.339172089446523	
9.484192366254408	9.510138906089653	
8.10780521060628	10.311697402051335	
11.421919291350916	9.205500424647784	
7.331700947777411	10.83880885919737	
6.851858732356149	8.563651810505169	
15.85880746451925	8.623640628168554	
9.169341893711783	7.191614862070421	
10.889237952529994	8.458199663853103	
13.288616564680114	8.303306072384851	
10.196054513114696	12.216639363009504	
11.839390132821077	14.06521878958176	
14.501677106051389	12.024189961698607	
11.58760489797637	9.035269060198383	
8.030772837712	15.788691445258737	
9.48012969557112	9.509817318591287	
8.920058091466451	13.171852332292152	
16.28952384694674	12.86236386823388	
8.294490090587251	9.99613725230807	
10.889224578686127	13.649528938947904	
16.155721761898764	9.856828455155776	
9.654051006869242	10.912760229836833	
11.205326197194685	8.88552284268465	
7.889886759957546	7.298716826951769	
7.1378015751904975	11.242510355075842	
6.341298766686692	10.394877125794512	
12.536441440370663	9.507961877219223	
14.445444444871676	6.738989894675842	
9.146514005142581	7.517879184085506	
7.311768703865947	8.243821134037542	
9.547129399068838	9.297236442022628	
12.498584893058727	9.994048059712386	
14.168196295959076	8.485875618556339	
13.30254464652056	9.053216091436925	
10.032289204907023	9.185059246837348	
13.148180310655452	9.140013925643732	
7.367854289911466	10.577302898776471	
11.48123218634561	9.12346775012304	
10.999023989913926	12.56863170093981	
6.979627006838832	13.783044475850028	
10.939808317500567	7.830320861525008	
7.454161522220107	6.354404525955931	
6.951435424987928	5.550365375816896	
5.97726462071245	8.951528998534062	
7.473384417476488	11.663756023555615	
7.594010557508161	7.550368587602382	
19.366221078288103	16.004247612052037	
10.70115246123409	7.440665901014307	
7.5891229858783165	6.94756055360324	
9.224433134750894	7.4430954222787085	
9.581757661352944	9.906067728315206	
8.485236673815045	9.895850384326076	
8.659398979097995	8.826487101088324	
13.402447909144545	7.436172737974984	
11.472915876939888	8.075904353420073	
7.4380511042722794	11.750901363857617	
11.688946506539503	9.012211947565229	
6.775322896316113	11.449525699182551	
13.902953152631202	11.207775640718253	
8.382688219093799	9.140698605466882	
10.843433548094563	8.52603945000806	
10.877917272957118	9.090938575068972	
8.995883577484848	13.314809551371239	
9.427051417078005	11.547737698238835	
8.985981575776316	10.58098827410099	
17.002198141131363	12.135230841402109	
13.577468959137466	16.33150358452136	
8.062507936104545	8.284725130543254	
8.906860001809939	8.12576172116565	
8.007710743011817	11.429268887864723	
13.477800734988532	14.263887609523774	
15.665485093562964	14.304450910199536	
9.366827040272122	9.992534602299335	
15.690557608973675	10.706775358038865	
9.920183989082023	9.497487805501612	
12.979851752355854	8.09608847408961	
11.235353300969903	12.3286593282814	
9.87217588324596	7.267993809996264	
12.230817577313534	8.86374232301005	
7.200598309309643	6.969252092019024	
10.02283722669285	9.111787835479086	
9.89706711047489	11.472951842159215	
14.590577562596724	9.700893312956119	
8.690162130285426	8.053302850815198	
10.391030735242373	8.421946712039196	
13.85162618177697	11.367512251975993	
16.741460990703285	7.90827981974251	
9.999111049302712	14.806060382250196	
8.32790801638773	7.6157821835860835	
8.456366396146093	8.116219708530064	
10.327039365192649	9.352983393114028	
9.889369395414745	9.366602711605687	
14.4818891847709	14.285316517948282	
11.121104230029452	8.467068865981094	
13.121496362942619	7.096369946885067	
11.010966376833695	11.445450637181434	
22.915286154534932	10.599308177859777	
7.4039721601738195	13.972490078018442	
11.470178885618694	8.786208832894777	
10.934452761522959	8.7064225787548	
10.879608030306175	8.79747641349887	
13.987214505855247	10.05886848578035	
15.672131407180244	8.205387883442826	
9.7559631724507	9.618801741905273	
9.098842485716338	11.188572393535855	
11.423639388623	8.705313807971896	
9.389279566665975	8.583260856168405	
11.240888865467086	9.389733687620291	
7.834959595456264	10.673414199918067	
7.903190220798622	8.065883285782787	
10.471546114419079	8.215540643422319	
12.680448740536807	9.66543834725185	
12.893479508682939	8.61178104516994	
9.172103518984617	7.608834002049429	
8.269017850734077	7.748931481152641	
12.17122931509154	10.674785983414148	
10.19806458407067	8.484139154122259	
8.669497649055112	11.12561826187397	
7.7913472314244405	12.798628868441543	
9.097059239721686	11.248178025517074	
9.213223758271333	12.892582605529796	
9.715122566185906	13.340373626781732	
7.826103703593753	13.33646628509907	
9.086934742896087	8.72460487461338	
9.011841782495184	11.886755791780951	
9.6617387093802	10.000919169911857	
7.811491741213372	9.067557248748331	
10.414276661477357	13.12093758373282	
8.453336841622189	12.362092371096699	
8.183871540714325	11.265496349625124	
16.481119348953214	11.738740773411822	
8.04827282357041	7.769979569848866	
12.407067974863535	8.999654469645414	
9.567905649510335	9.747449612611094	
16.27146116628221	7.984175366205834	
12.84407489870836	8.925794502932645	
9.502767743747183	7.303148630847474	
9.416563313637957	12.39467137112176	
7.629351011858598	10.33367056433476	
12.020523266374584	10.687745556641469	
11.229341556358404	10.030655519209498	
13.906370585299916	9.39434645559456	
10.878773719591011	5.980841494313896	
11.4449091086653	9.871556296793496	
12.236155840812295	11.573078796449305	
9.7431983311447	9.585214986897528	
9.155181895832246	13.55788840999931	
11.758880336172398	11.083157149571251	
9.874017599606065	10.83293841213902	
11.65599767148314	7.707375333421212	
13.951598808872797	6.579907420648452	
9.723809726464939	8.943333728906532	
7.007840109463362	7.5723349344728295	
7.129825506719224	8.230615829197388	
9.396736077069237	11.168371817479976	
8.159486967192946	8.291916218081823	
8.900319311406653	14.874344404103137	
12.530390364576215	14.488486700091194	
12.401876211050762	9.609386875584448	
9.481398969027063	10.05984177124633	
7.476133183708078	9.582182652271289	
8.912890284414736	11.794651225693292	
8.35718325618417	8.359523663403813	
12.267331322214192	8.24511347672957	
15.662767145200117	10.34047539091455	
10.660327274416563	9.521658816048285	
14.62267524911704	12.54029334593428	
9.340691737221178	7.372211480469186	
10.292844524108025	8.25123002171745	
11.867160206087954	7.579192982439122	
9.245927978747211	9.576756759148228	
13.302084570699664	8.813638083268014	
10.152343667824073	10.248024436050578	
8.0717264589331	9.055621334865021	
8.62762002879771	10.008280814564124	
9.327296167618668	12.834412574638092	
14.834910354541533	10.73483162894161	
6.7463200876308305	7.917316168705116	
12.104500055742891	6.944009314356856	
9.444498340780706	11.985346374740665	
9.533320350264336	13.340614410700082	
5.382435292606905	11.913441894680043	
12.834655757010445	12.58697906505283	
6.144302131746066	10.758027409592382	
18.704116015925784	7.206564435525533	
7.8032005561810145	8.093270764454473	
14.1558545932109	18.71329458857554	
11.275376952356106	14.31596236943626	
12.432929508037533	12.413005350249982	
8.854536013203226	8.885504034357167	
8.181698568666611	9.176463678062012	
10.393755294500323	9.489400638297335	
9.590528245968779	10.182722464676326	
13.783650829783427	8.898410839224859	
7.179975273032358	9.984141406963579	
9.828655498433328	10.09144118948268	
10.952495954352822	8.573612034641792	
9.310940980865476	7.983618070525172	
9.933989198533139	9.148101252085374	
13.964542302765288	9.697619775066295	
12.157242532190832	7.934060427930907	
8.905048170762173	10.831820889955726	
12.107932468929707	8.249839857343803	
5.945012957910479	8.300673998085186	
13.388270052194816	7.8215682623881335	
11.99473416302954	8.67270378477783	
15.117444173577692	10.03355530600883	
10.103692653857047	8.091550774280131	
8.598374096855805	14.82533013978709	
9.174652396152677	9.804431366513663	
9.135528252550662	10.870990244310068	
9.775660205946274	7.643648695384818	
15.61231141752726	8.42781603341588	
8.613869339593409	8.88089841472648	
6.663479581207882	11.599601330409351	
9.106709681133093	8.665806247048613	
7.317391545666951	7.787627794706158	
14.197290498552588	18.63645623395619	
12.76175435834707	16.908967302240903	
13.217983053417088	10.612198037026184	
8.324524896555776	8.805903273132255	
10.441499260894483	9.10270768734237	
13.837314962025127	14.83706185706989	
8.479300479471016	10.985538283887186	
11.39864528805163	20.021764742929744	
11.715787030286574	9.694939097975492	
10.474967963654326	8.17588665422003	
11.765224120023968	10.183450314389493	
13.640601765393416	11.038856369021278	
10.39904421294441	9.788041734997389	
13.18719845764268	7.743033222785442	
12.816818407569658	8.850972680862712	
7.423709425051254	12.22966517773114	
6.771460938523651	10.320698076851833	
8.4792290265335	7.2383198804927735	
9.1952707255197	8.236061464109934	
14.145737705582313	10.989453553890364	
6.433397214904252	6.237593639486768	
9.304575055054736	8.291341614034273	
10.134159454824573	8.443613689222513	
6.788651009369034	10.739749915688721	
9.980573242844587	12.921628464403222	
9.685388648982057	9.964170149441161	
11.630312410694618	8.930243514569899	
11.286063217311774	7.363010875985829	
13.415170917325476	6.579190405983692	
8.838201095751996	8.205699159638801	
13.954351993804268	7.223265645799983	
10.168035666688233	7.634108907143427	
10.287427782240606	9.712396114859391	
9.241200179238826	9.538987944238613	
15.091653049877339	12.279798207716128	
9.282019007660946	8.414538602292595	
7.438021416180925	8.571851507014362	
10.514562580761151	11.289904733899863	
8.22069808278147	8.868742298647284	
9.325206752983718	10.631113084472162	
8.642471300565939	8.212598342869299	
9.750690446422867	10.387474922163676	
11.286823939006277	11.413484952696253	
6.772396677255033	11.275385664116866	
7.938432157354876	10.025452484458782	
12.523662711138053	8.768620234219854	
7.4625069012664795	7.481079352283265	
9.750084805790294	9.533865012992834	
10.027374958463698	12.207334786128682	
8.60186750713946	10.505763948136643	
9.456370661844334	6.983585665995752	
11.052035670980048	8.344338757578981	
9.942515827592981	10.371400180190259	
11.871351741780119	9.937734494839855	
15.788760857194442	8.59558302276819	
14.56638541858847	8.939370076128512	
10.339055769990832	13.159213722260313	
7.496315839245107	8.777789842576803	
9.791398272914305	11.315101460937486	
18.036896822092523	8.630390401679247	
8.686813340933258	11.853319706143248	
12.309003872265066	7.96445190747713	
10.228783695150115	11.813022423222106	
8.157911052270537	15.135646778473836	
12.264206277009707	10.834103212365537	
7.074123927784847	9.433700953620956	
6.67239639934851	7.37608373444788	
7.5512066156842454	7.495123932576881	
14.633622267353944	10.816450833707481	
13.980330900827692	10.241786453231581	
13.011791389636551	7.643924435818167	
8.68288646847943	8.759349076263517	
10.107782751550504	8.204533728934587	
8.58506707170338	9.760326250284171	
10.924844980165195	8.932099397796367	
9.035455259797924	10.173530904359449	
8.251159087441827	8.743104228274547	
10.833664607509338	10.63406658387327	
9.60901466664336	8.028835664771757	
8.626791083908094	8.973549653369492	
10.790212996238116	18.47983935542095	
16.53028122468968	14.169933333570976	
13.233593322925124	8.787449921162208	
11.740745219894908	9.941861561260042	
9.516334584273649	13.170918112700493	
7.395942785690448	15.271817452088827	
9.830276070616373	5.4325146295655795	
15.862412112576422	11.05919492486089	
11.932208458727294	10.78665448110393	
6.799065046990369	10.873615097449477	
8.394476737493195	13.535711312083297	
8.276976597215867	9.338292393553905	
9.822945817748552	11.758808718865566	
8.388115588810349	15.654613761508621	
16.651619798749195	13.101249745335313	
9.281857890541797	10.632144405585441	
10.588852368388826	9.06492042890946	
9.776270165837436	13.384801985768787	
7.620930601444091	9.690249100148334	
6.4413591547655304	13.527050083961464	
7.291121464287636	7.071696506345935	
12.114693608510008	10.562694844349666	
8.350262811833847	7.112476221355189	
12.687860317695652	13.208321785735329	
11.783972149155812	9.66806376525473	
10.446892191707441	9.698763709434365	
7.0083299868415345	13.417643010286945	
13.03966675363124	14.400387195466813	
8.760716948449545	10.864422062149952	
12.645637805326869	13.458753863290845	
13.366146869857536	12.366704212698146	
8.58784911304352	8.299761238443164	
7.258178290128784	10.649574996759064	
10.838936420001591	11.114773910139398	
10.132130376374555	13.047780245261837	
9.89011966718962	11.405994050983974	
9.86919035766445	8.36856385181116	
12.30379951247726	7.653043362074377	
8.372057749441458	10.027933187206477	
14.510949124271436	9.74641630288645	
9.057635150790196	9.667789345258441	
9.749117044473683	9.062617762381876	
14.129439205550723	12.76593947091618	
10.029176845148374	10.311536847709746	
13.02252619540671	10.400307909312543	
12.701314741120909	8.724838225883904	
7.585803584710172	8.370530885838741	
14.137544374366986	10.279123115330064	
15.057954965646989	12.699855172482104	
13.085876587484625	10.962704094440463	
8.96378751762005	8.549422679596159	
12.256813186951641	11.388100441968824	
11.21111103761124	12.402586053840459	
14.267105898164075	11.073945270254642	
9.338925253887252	11.96285353564672	
11.043909252130229	11.069506584879216	
9.0582795601764	5.6899586589552245	
8.07998676643378	12.365853265385928	
8.88700766922978	9.834793399944871	
16.592748421409105	16.975182231675117	
13.3674112925216	8.955667645222142	
8.637382062512687	9.45533930364384	
10.614799400421179	8.140757033397403	
13.201478525079667	17.318164803556847	
16.046704632165444	9.570769498374595	
9.063214182729018	8.695145248566403	
17.141206258395005	9.006917960909837	
10.783270085650646	9.440686240552655	
15.269978430023757	9.568939142439621	
12.382883797984077	10.39395556428379	
14.341572504081869	10.268537177901218	
10.917835835896197	7.5811132203880165	
9.384710542348056	9.803205350364202	
12.532634838177767	10.305525816012842	
11.572824413300854	11.166648063976046	
12.202428018248415	10.741625186828353	
12.346030416541312	11.7783259585356	
10.864944166013965	12.868042205334959	
12.901650281714858	15.006816517771426	
10.741340474729036	9.702596263992161	
8.401086019421488	8.884586866417212	
13.390300871534723	9.615894092603487	
14.252990827865654	8.799111661403677	
8.057065468922135	7.85070753413229	
6.679040988483304	10.888828461687051	
13.884293284359025	13.42931691191085	
11.632431592262904	9.550174876300447	
14.840914354907856	8.726451998435598	
10.219889022140492	10.425855140308038	
9.350709164355013	11.843892590985995	
11.684491670386445	8.877108530064202	
6.662908228980137	10.021883076143641	
9.637775227854554	8.806938747294671	
11.086190139311762	8.317097493312637	
10.124743431108007	8.586118633239007	
15.927989947477036	14.31021901470412	
13.304452900716212	6.911739980415142	
10.93894045735353	7.012918540307236	
14.561789792994395	11.176330560306939	
9.657211789495754	11.371727206217562	
8.82638328181609	13.560489764240533	
8.773086077560226	8.89656811875172	
11.551115287712097	13.955152395993128	
14.701891231988805	11.047686826051159	
7.8315877357838914	15.573170545362247	
9.483100219586701	9.910978692474615	
10.33346884406695	11.171098432762713	
10.381469338165667	8.899742445025886	
13.804642572443942	9.332265851904992	
14.180764208436534	13.798554607477746	
12.170363245985865	10.191054659323108	
11.622827881097935	13.267409171399816	
10.36019237365004	8.481892907258992	
11.842485606014215	8.721748966658584	
9.094142170073685	12.254524153506425	
9.310476872445783	10.470991895331773	
8.393730500740665	9.037633178059416	
12.225603794031098	11.427394543023304	
