13.480019769119734	6.061786517212057	
14.929364810447389	6.756763891063723	
13.36393101217204	5.880019913834572	
13.297424070649557	5.1783508572438075	
13.379787604622488	6.579777576706903	
13.780323200557286	6.732527549734731	
13.224059312686816	6.681038823318458	
14.273048655524127	6.70923385748925	
15.133401756538984	6.313621680507368	
14.894054760280117	5.438519273621959	
15.501789685848467	6.338100790076266	
14.08409088410053	6.114481879284488	
15.384495285864029	5.454316238837205	
15.197088543090887	5.457277947512954	
14.407861239111478	5.4730747231924575	
13.842986815847336	6.148123081319675	
14.255315711919987	7.157743424868041	
13.571806404599206	7.703467401431382	
14.456939075314033	6.370429570334766	
13.589260477395218	7.287460125217095	
14.013337675150796	7.69867942950437	
15.52628305914071	6.7588604991482955	
14.240643119498303	5.856424260761636	
13.395985973464107	6.068452242276743	
13.450156462540432	7.867132585448838	
13.713691454153318	5.694539641319592	
13.047822209098852	5.9859422501305675	
14.38993216955299	6.345625117549031	
13.417274341000331	6.5236544383895465	
13.560225142777304	8.935115026088026	
15.075761002379924	6.320390740666633	
15.015309969832655	6.973655194238516	
13.681260597738511	6.824262056781844	
13.686782784545095	4.645762430191645	
13.522833369254021	6.5567582626215355	
12.506853356630657	5.374651053727498	
12.166365201595132	7.2701132097944425	
13.816529798198426	5.498657886841691	
13.154316069556609	5.759830926084602	
13.012909129953785	6.575255518762597	
12.70203503657379	7.537141149261749	
13.580146525457204	5.971287861974345	
13.681776658159237	6.010798541453239	
13.155451020403033	5.676869523653474	
13.923687060592146	6.949791152038433	
14.250826901531319	7.1098736660164485	
13.208128387806696	7.620672739979327	
13.215870705463768	7.037021937913105	
14.950597760019543	7.5859399195696975	
14.306353079417036	5.035500352761062	
14.463371858148092	6.901723130747276	
14.377780671826713	7.704041983747301	
14.126635554083794	6.405277160349708	
14.686441477872698	10.295807006202475	
14.15396786565903	7.465059404071231	
14.744382272950153	7.289371513820499	
15.746556235661158	6.765335309020303	
14.017535346019637	7.2154083665167805	
14.595846951960638	7.836766944069705	
13.141221606150053	5.681188300137899	
14.549253958250072	7.978172118331903	
14.521609726459964	5.446060192332775	
12.593365988814083	7.650209323476553	
13.524206220635666	9.27172874498191	
14.206229584433775	7.531265286205576	
14.599019707914627	7.33276773519648	
13.643668433460515	8.964259933230904	
14.65295456917206	6.966490159732325	
14.01184086466541	6.896654813225181	
14.538754693901554	4.983149905422426	
13.575675302892032	7.683546966818979	
14.450117045800086	8.252914528262163	
14.07202793116482	7.637046980353813	
14.362741230857054	6.757123017107107	
14.814632206118	7.948950194394116	
14.331127233074888	6.408685728646663	
14.573369051820519	8.735959545377662	
14.939985144996418	7.319994061416477	
14.174007938582864	6.446452723146614	
14.411507686786718	6.6136872510541895	
14.451109714663755	5.234700100438206	
12.778393041005804	7.22795042248707	
13.112533709122959	6.7809831008669335	
12.987960660971977	5.7071266149123625	
13.727646476378629	8.079700566416902	
14.029950334719137	6.948208791483242	
14.541839889090467	7.2709994801040425	
13.304082890342674	6.962215514471929	
14.193886600841024	6.057643373762727	
13.818911548024902	6.160831590189062	
13.706148366832176	6.713360181356934	
13.453166852685813	6.103717430560827	
14.829292946618414	6.564566039014162	
13.46825792758884	7.286344883192155	
13.728424142418229	7.249461362718147	
14.05765508952509	5.892815821667798	
13.055127130675737	7.030355169896066	
12.75967049111737	6.144833417578464	
13.39194691499679	6.117722376153963	
13.78963544901213	5.440406465113483	
14.031741583133488	9.732994259741266	
12.286930370800698	6.949706721374937	
13.181895963909374	7.810094229715608	
12.646253253525154	6.959996283972257	
14.175109852699602	7.278882606407541	
13.327932273529402	6.745731304057397	
12.7585160401082	5.85180212003544	
12.576298212389302	6.1716795317052116	
14.131117657095036	9.638840380289906	
13.58870362555292	6.445539258007919	
13.135517163333262	7.2050047731167055	
13.719662523326827	6.739038169264966	
14.825400557894818	8.467582977378287	
13.372571102151895	6.202408347845137	
15.401094132497967	5.37666037314641	
14.7208166860133	8.597485285670068	
15.132248413401191	7.315223820903044	
15.149599288597855	7.238751581567807	
14.742073769093858	8.314011032202941	
14.806144356162745	7.3352547894262194	
13.379753600633334	6.264669996410354	
12.84401324538266	5.780254908578984	
12.421389103105247	5.665592945945715	
13.071856694870178	6.053718006342513	
13.357772738209345	9.714370663229456	
14.095716871949733	5.888493312903183	
14.076880036360496	6.439876274978698	
15.091749558985008	6.676607120454427	
13.665196866016807	6.540580643603529	
13.919742606660252	4.785555215488165	
13.573907541478164	6.581814961055334	
13.405172656351414	6.370539662545068	
14.330398844493816	5.856028061106596	
14.53722362260104	5.904323408691444	
14.449058018676817	6.7546426764433525	
14.236349694399204	4.688146844235365	
14.722103937515568	5.875935003063526	
13.827250428860097	8.443720886437296	
13.231835600452916	6.590881467723532	
13.123454556044841	6.851140473809553	
14.026840620825585	7.914915645907558	
14.307299133946401	5.360628261000075	
13.940826518884865	4.800433376778733	
14.097921743602122	6.345756893449992	
13.836681707434	7.572817673557755	
14.767209696582231	6.297663946873551	
13.518285775101994	7.41345343608454	
12.811905967057854	7.105300696358565	
15.01016267648255	6.959404171980596	
14.997926143507069	5.1288127399725045	
13.03844186951158	7.1537600044611045	
13.126346997202392	5.9145632433096464	
13.828136617141327	7.405847821703945	
15.209295837178432	7.015527693693806	
14.20741441658592	7.862742278474315	
14.004412779770107	8.381020764350499	
15.295612993562525	5.646385016447269	
14.308607783956912	6.27882912455967	
14.23435908830443	8.02449040791364	
14.38319696462177	8.490116746652635	
13.02377717535321	5.912125423550725	
12.724031472008017	8.32765772996202	
12.03853497302811	8.257477232768332	
14.5057645533411	4.013508621192662	
13.710711008283335	6.270091042304485	
13.754113628748328	6.304196257827173	
13.534519692854632	7.245250879721401	
14.304611071086638	5.7690568164198135	
14.695992426856973	5.52779096206777	
14.524368685511874	9.527063889236084	
12.283298233300945	8.945904434432034	
14.427185476746967	6.298781174446993	
13.883078717941231	6.957822586105819	
14.367032348239366	6.6585912835467544	
14.309060734607527	6.424713871487675	
14.165161796104842	6.109822458947718	
12.07764285148049	6.616840391190545	
14.381459341424236	4.41219210383124	
14.609917284087564	5.520778789332863	
14.828380869528164	6.443509522789143	
15.877400100370453	6.396400218157189	
14.986764080135847	8.712818294911063	
14.703012875807252	5.442171617082935	
13.679869342178428	5.593938575479131	
13.927876485979493	7.877259867929	
13.634587479437595	5.530153678626205	
13.792691422308438	5.827817585798653	
13.923859346401018	6.04482616020985	
14.14391873314751	5.920462189889432	
14.17529901810003	5.0323778761097895	
12.6689664571412	6.1427326226225425	
12.897606402423701	5.705630128299586	
12.918372586517066	7.135687588680411	
13.656550529777363	8.423378927795103	
13.67058501248981	5.195948334845656	
13.767856590661737	5.116030153642063	
14.290173276604637	5.072314446970125	
14.386061551135533	6.843421306147559	
13.821734302151103	6.158548196413128	
14.838101439789146	5.825801731471509	
14.350397568222249	5.68414063428079	
13.593911362216891	9.012574914530274	
13.930431369862157	7.6185579159066625	
14.638224812514768	6.789087160366893	
13.499576390014443	5.491722690091998	
13.749188939601366	5.709839344186395	
12.918843097266487	6.333747134432805	
13.308966788180724	7.61030454510685	
13.367626304191601	6.77189031639752	
13.805309508044623	6.718229871537712	
14.440124825813944	6.475266680444554	
13.759019278171293	6.222779255553477	
13.789529789858166	6.503266788956897	
13.475023573491782	7.047291397048903	
15.363839463655202	3.8555213220836104	
15.674066294226755	6.591396849728131	
15.020989271882069	6.826925209241641	
14.424448514689342	9.438384794950801	
13.5151840852205	5.433269331656286	
12.809426546899818	7.73000824024027	
13.218488175357903	6.410746239665188	
12.252393310344644	6.6215839579750515	
12.83266660698845	6.727558900552158	
14.805513396668037	6.925436187212992	
12.912770459725044	5.88091751182715	
13.381348555830861	9.882838920304698	
12.439768950654594	9.804328303910063	
14.847602172205503	5.247704486407854	
14.863915895254857	8.190095321336097	
15.903272335224244	6.475130776805416	
14.505059831690918	5.677921994116492	
14.650605418960799	6.111715369949952	
14.819942410753415	8.088094523046252	
15.435074584610224	6.578596508435028	
12.910329776174782	7.046592750595473	
14.622581675356459	7.520671707915445	
13.818944154374451	6.642896787315885	
13.997825305595196	5.5567933410419155	
13.607595267301557	7.261142382164673	
13.24425355844552	6.2667613586487105	
13.312114498142456	6.4681730720477395	
13.170715246515975	6.0747046655433925	
14.190956765592563	5.7131202451582075	
13.781688582525174	4.026657206159889	
13.582795201731159	6.240357630945064	
12.868853273547314	9.900132497504831	
12.549582295084706	6.3453828379533155	
14.072364633833043	7.598523387797633	
14.012864490060984	6.601913845225341	
13.984271117205056	5.803383472351207	
14.177236533088509	6.6887805315474465	
13.179641742901474	5.595409907409536	
14.164243266021186	5.94738423457967	
13.613754162541317	6.120025137037453	
13.625245263647034	5.62033275915748	
13.006762586485676	7.899527670052216	
14.231682467710941	8.156365779863608	
15.086087107626753	6.86392002151478	
15.082570651776582	6.627365689661656	
14.506897406226857	7.31444962908343	
15.30485441926457	8.663869497096952	
14.56336115719962	8.48829736601758	
14.012138727845878	6.647136545591133	
13.046466037693667	8.815883599278207	
13.38469515684754	6.614874067779097	
15.02188676673527	7.332865226744325	
13.48867857195336	6.014652724440372	
13.654683516948351	6.6172424303227535	
13.88037830125228	8.517116776782403	
14.76754072942737	7.220198333419544	
13.878595369805556	5.436529201318136	
13.862325348900798	6.7987926293465355	
14.706168474476476	4.743370159483735	
15.574562140755674	5.697064680189227	
14.611449041376748	8.380718010161862	
14.403733411679886	6.960956375575411	
14.644958285667917	7.413349223558068	
15.287911636769516	7.160502189843456	
15.829751687075547	4.782237628416085	
13.035307661163717	6.130082404383684	
13.95773379796094	7.972940525827744	
12.888408102056376	7.88552205570187	
12.820309187774136	7.974802308768145	
14.441845725336602	6.481457477853368	
15.818992249171565	7.543114669441698	
15.032064750079593	6.427196453204446	
14.488551572033968	6.7696915240802635	
14.702145410577106	7.426661948001139	
14.681518376151002	8.10921912966492	
14.664497221206952	7.6685502062386535	
13.783497078816428	5.711720918624305	
13.098216156572937	5.028039952048143	
13.164801469838663	6.990441306032096	
14.201829959469014	5.909595742977864	
14.45374454116003	5.24033412048223	
14.236011558858246	6.613872975485425	
13.991104971618274	5.247484804773986	
14.789467718155402	6.039215535714317	
14.222820750644125	7.958380875546023	
14.5295711557257	5.9328475461989685	
14.906984194413115	6.036340740292616	
13.1814193310313	5.827937296005179	
14.536450076293814	7.6343116547523175	
14.34366941181913	6.137542573572338	
14.169756715637918	5.835854629999003	
13.693828591478912	6.4782694819761195	
13.573343647985455	7.19498753956147	
13.704713751025594	6.585295931150032	
14.610827454381635	5.710487388743837	
13.481163085196355	6.576060399710432	
13.67974988395123	6.393253058676331	
14.754361927757564	7.006045018181019	
14.04678348932925	6.943228021385905	
13.05671572908141	6.355294233109746	
13.850138605777707	8.04822950626141	
13.508711782722918	7.708294226339723	
12.661615922995098	7.861786220924748	
13.556753905658633	6.51511297323399	
13.197986487003428	6.47956938239824	
12.105429901454562	5.940669705349583	
13.983498886476497	6.774467708857916	
14.036858382245804	6.492720163883122	
14.17568673472152	7.878226159774119	
13.869703724046444	6.004030011093731	
14.622119583180176	5.951445039375403	
15.03599980569655	4.936352427636947	
14.708746895780676	8.393131965658277	
15.231887080167033	5.775976981455322	
15.87259710421088	5.770167523840012	
14.889020875112934	6.937516828894815	
13.11678851505683	5.498734187896577	
13.462177648332066	7.492885149947978	
13.759623789937306	6.968174503896484	
14.382568705589387	8.162396305476221	
14.91210112592505	4.697205336310556	
15.219846616092434	5.851099205467886	
14.074921653081304	5.734759645035943	
14.528310488810284	6.597523078528002	
14.47760745606939	7.090518530802004	
14.746753648530902	5.643868833282656	
15.619845518344633	6.664703471921721	
14.543646060946756	6.7003219765400255	
14.34467261920733	6.043217922426984	
13.939221467870814	6.360893405818445	
15.076202760124476	5.497067511967496	
13.598365886635348	6.0077939754546215	
13.340983419476318	6.0064515241227046	
13.905897342399545	6.621634210524007	
14.975305753042678	6.318827719984157	
12.806609167855472	6.932651554779439	
13.993496154151792	6.1022043481568975	
12.730826599279599	6.22758874772525	
16.13783048463765	4.8844092227541545	
14.877341426745572	6.150963048080368	
14.999364132763978	6.639394252994959	
14.626569930743047	6.604901030855355	
14.12623506691758	6.275020250058675	
14.334969664913984	7.3366214157836245	
14.943074262511646	6.718150524175207	
13.051672343179446	5.55160537939066	
12.582095003777805	6.1986439660593025	
12.439247274086403	5.970657268743884	
13.327245094166921	5.810017083700658	
14.682654247751861	6.655394203416112	
14.514688257961824	7.3922803652975855	
14.163782773779001	5.723284510884281	
13.533658647884826	6.621138988028494	
14.816791012780385	7.078115739174925	
13.666406404081755	7.821206727500148	
13.307092445348443	6.392406205008127	
15.169612174230803	7.083333443901471	
13.958181712217584	7.892114260308608	
14.870280793050428	5.391763382221367	
14.93971331398161	7.535905910432712	
14.6778500200768	7.04368102318992	
15.490484110771643	8.289590089968593	
13.847209006337964	7.3505630036987215	
14.411922041243226	6.055107680408198	
13.508765173573648	6.176560186783975	
13.972183916366616	8.473873590377856	
14.096163506240126	7.642055255447658	
15.404185440673066	6.19682382733831	
16.054613330215542	6.989349946769784	
14.55093446343849	6.496553397853081	
13.29139064079404	8.018340305620375	
14.07047048748244	7.159649702819585	
13.632784008077115	6.293870446811438	
13.726254301562115	6.888724420923552	
13.935233418499697	7.96136593247678	
13.056509667504386	7.391417954417576	
13.125381164634392	6.259849095631161	
14.438367486056189	7.503592116991904	
13.769671450665363	6.193155034972859	
14.904321059859663	6.92910998429786	
15.04827485624386	6.314969424984555	
14.094209640249199	10.117177198996924	
14.851504970220603	8.080052739344605	
15.269550520600003	7.109949078906763	
14.680165546315513	8.478677022130233	
16.2429947679852	4.830329630071145	
15.341237745759575	7.214456191376205	
14.451372704340901	6.735470624850711	
14.448502796390096	6.7117387917312685	
15.281302974491025	6.675695864880998	
14.580914690142428	6.62714010859825	
14.812935057613144	7.934514422685697	
15.625388440132431	6.529297629744481	
13.906038028891448	6.985908288881475	
15.842050983419178	6.696152873593397	
15.357714684956386	6.682488083032943	
15.952727920060259	9.180661762953996	
14.410590725269401	7.914987117753643	
13.789394403863584	7.57736674107247	
14.899731964180965	7.469843233228658	
14.348794383720495	6.859979632939688	
15.39888055911492	7.068801284153105	
13.687589841975777	5.8550267573248576	
16.041408618556176	4.505978086620556	
14.60417810410881	6.3655451344491265	
12.934829861934267	7.540627602098361	
13.673328129070564	8.266912742032938	
15.54156294898054	5.587112502093248	
15.138657983045356	6.81159704344772	
15.095671358764816	7.239191765283719	
14.021054326776412	7.445840167910986	
14.253465000123919	5.416838938525069	
13.728168863069564	7.759771125895442	
14.929562969748973	6.114669927021155	
15.150585655483399	7.004241679243492	
13.935594501420955	6.106944880799664	
14.501302435240943	7.817957165560235	
14.839354352657576	6.671408684409111	
15.048335432876486	7.42934319407419	
14.812566303138714	7.260269123005462	
15.284931597277058	5.686406619632535	
14.9449260276594	5.61060072911863	
14.188488994688603	5.677815437914365	
