18.172438707803515	11.860743048290088	
17.925772777742747	10.080894959401071	
19.32990532627667	9.708542608468765	
18.094776250705586	9.852556642460565	
17.690981019962766	9.303440751846578	
18.19805567548385	9.469081893117826	
18.426451478591027	10.807484394474438	
18.91788648094566	9.953277436851675	
18.779815296679214	13.783558537617823	
17.76616720552681	11.541789097076522	
18.932486744211033	13.074269528837027	
18.561958929723115	8.63252862728002	
16.520148590779876	12.557678602351277	
16.804010046571637	7.857658305857684	
18.797887948230766	7.6314272728090415	
18.44858864247018	7.5852617742982575	
19.13274749642371	10.183395701567287	
21.18859911266539	8.897145394499802	
19.57910519353479	10.461650052392043	
16.57803196583767	9.401867843669374	
20.204452042839513	9.857760055348363	
18.962557191464274	13.010589687279381	
19.30307498117371	13.271077900545212	
17.58199954619388	10.636141557096073	
17.585388078402495	13.205727935651751	
17.581359128858917	11.098213052914929	
16.74796629122076	8.5822759990493	
18.481158067362905	9.04245708879143	
16.900589695583857	10.26242430314004	
18.374796861865942	9.190324189502357	
19.323951923591483	11.101714806489854	
20.15882851102959	9.45828717003145	
20.07723760255203	10.118505398130726	
17.508641455960102	10.00512292093927	
17.450745860728684	9.503145763896335	
19.024133767910644	7.715922529630663	
17.34373424596151	11.006798238790639	
16.99654509088199	12.272565868629878	
17.22545928087315	11.153800524043058	
18.66679091959137	11.618283123162037	
17.914147825467136	11.44805573741688	
19.50472770779648	9.82733373914462	
17.460205789245357	10.637509975913666	
16.811283784870763	9.098610943871245	
16.31612317999619	9.84699366862775	
18.118493190961956	11.472791805507443	
17.19046235622183	10.079468025021423	
16.030613408991602	9.646226695272766	
17.70825517569455	10.428849670269019	
16.651866994852334	10.179804949298456	
16.82270840917628	10.909930052511449	
16.956051223214025	8.221949819394727	
16.396170539673765	8.029660369998243	
18.144803801728976	8.313690970762716	
19.10317645935075	8.859166647320798	
17.977880851313664	12.336839594835284	
18.6497031528274	9.630991484415407	
18.080714081497863	10.289412939383054	
17.40636334561916	12.14636415717935	
17.894910827742684	8.955189582269968	
16.475672249192908	9.825529282572418	
17.553557318897315	10.569042257134095	
18.92783216951928	10.274197593223514	
17.87416042205045	11.135661207822876	
18.152301579664773	11.00273430170335	
18.538990908765047	11.289526304146069	
20.007894818067015	10.055187147331672	
18.738317770899844	12.620215736859604	
17.506035096027297	11.364460030775124	
18.475379786368826	12.009387534454959	
17.547072149069834	10.138597634860343	
18.263602104402207	13.560556465168238	
19.617204368361776	10.845092453428089	
20.11087468410209	8.888709320206107	
18.275649368573795	10.534441798053154	
17.08946214483766	10.685647299775601	
17.09852771137776	8.096572192543267	
16.811988320643803	9.818397371683737	
15.939352023954035	11.316968126155963	
18.24525929378987	8.087897105756792	
16.48821065428465	8.831140976986164	
17.797002552805793	11.407872066730196	
19.235128889019755	12.280198019908251	
17.38135118751464	8.528732708779078	
18.275500295294353	8.023236383112392	
15.991187151920924	8.412565571194417	
17.31507902345181	8.917276510893837	
15.982759820085263	8.812838968367453	
16.721769464642485	8.581187521251426	
16.635608563863702	9.944991376165001	
16.105955170845736	9.215637451571741	
17.039254662188984	9.393304513603804	
17.76486659544074	7.975889158993608	
19.131926068028662	8.246423675239177	
17.94217565997532	9.329155094781763	
19.199146961627118	9.102870714538719	
20.041743226449384	10.19151482559781	
19.63965767077819	11.159401143089704	
18.425409979070707	12.849477468246413	
19.974811775618367	11.20943938419989	
21.219295642306907	11.150417677164546	
20.844064729872457	12.710542284764896	
19.981348936111498	9.899426696236155	
17.6851662798418	10.163512916412792	
18.020472460364154	9.287777900788296	
18.61437791920918	8.954044746485973	
17.49611230346179	9.004457802260385	
18.876485205941034	10.519945559012944	
17.72025258612841	10.292991295770966	
16.89411052044742	11.369589713150159	
17.666379740484775	8.272343145475181	
17.414202968332678	9.150169724584908	
17.41533791370146	10.682856280951833	
18.760896306516337	9.983445237968823	
17.809580749854657	9.685560972528924	
19.076280712246383	12.053677231896202	
20.024072214631744	8.684792748064712	
19.18872126965805	10.289127400334584	
19.575064369045684	12.376539402184829	
18.116259070451786	8.98173591916993	
16.677728003739695	9.90050064436123	
18.43754185218115	9.969492535251112	
19.702816958764533	11.409783355494028	
19.33278240612973	12.58986910254	
18.709972242275157	9.34899220955381	
17.732241015642195	9.347675317527395	
17.858951321494857	12.25417909952479	
19.234166013389498	9.643693933224494	
18.059575549259787	7.865371177119404	
17.913378973042924	8.986669206282832	
16.17308057924623	9.533002220683725	
20.548552647780873	10.42821381630811	
16.71027354292069	10.833005857832932	
19.095058907202816	9.408743714068999	
17.938847812551302	10.207557011002246	
17.690264396423945	9.798094636242006	
20.023674322145116	9.557720682839536	
17.875170251330754	8.921286717463715	
18.26739001818074	11.119215640973188	
16.802581354952757	10.86831011424622	
18.250420016878003	9.56968852379027	
19.80052860270811	10.119806125451248	
16.95508833195805	8.258689942761183	
17.217181143846744	9.305946744803476	
18.078368949127665	11.143459195050538	
18.95643404359156	9.384684649377943	
17.733728860328018	8.615444173238938	
17.75401879523635	8.73794019437341	
20.473539386095325	12.142152465944038	
18.459311592164546	8.71982325220246	
15.972682377526382	10.600671128588168	
18.755560339004212	8.807438293723482	
18.823489768022018	9.103128214518227	
18.594237367150885	10.051798556720273	
17.96875517016469	11.95993935664993	
18.91996074617061	7.358244701880654	
17.17434938594942	10.824698662274113	
17.97887650344437	10.952449925724327	
18.969590077655113	10.329463149126186	
17.751262562966364	9.44828910298916	
20.371231447699664	8.842220980875664	
17.300370124252588	10.069973622223575	
20.058238624588494	8.89981336716573	
17.693518025493372	11.378517223816452	
17.165306700095915	7.958189510702645	
17.403970429022785	8.83427162063807	
16.78795667283303	11.258622005770663	
19.19218050520749	8.837497323680575	
17.56388376843619	10.224333368646743	
18.333175689711005	8.958149786872616	
17.76192084025162	12.403327652372417	
18.887849267993715	11.180600153489255	
18.92235108459924	8.894741151217207	
17.567521145269144	9.792700288368692	
17.26933524453177	9.92073889900643	
18.861798799313934	9.974212766886168	
17.265075158247665	9.504145478261904	
18.088512172231702	9.132126186781438	
16.874403465003297	8.650361945546763	
16.99644652367612	9.462943744341867	
17.28861094470446	11.06523506216838	
17.712473331549074	10.286831352876701	
17.898759484737123	8.874242104340754	
17.83330540306885	11.828307718209068	
17.901922310758348	11.168313570302034	
17.43654436345231	7.890805569138146	
18.504331284606174	9.284545871202495	
20.123040319861108	8.096308189707127	
17.311278838714642	9.964589910587193	
16.304736230803687	9.975799806366153	
17.409358959860896	8.961560067400367	
16.60953700685413	8.770276140235012	
16.30731973181806	9.41832702659449	
18.468233296788	9.172075859109368	
16.940009138487177	10.88883758251243	
17.194701484839964	10.977848741517944	
17.164531000308333	9.721284590372052	
19.14813106253777	11.164292195208937	
19.273353865557937	9.297581464053424	
17.751730573986077	12.1658712209175	
18.322023087646084	9.821246211046478	
18.454300453153284	6.9312650006413605	
17.85925393538593	8.93500990595106	
17.431293246467728	8.719702716685548	
18.521015962027363	9.924538661089779	
17.70584930921843	10.206801669989686	
18.296309755555274	10.453388558712351	
18.23613079541349	8.902986015603393	
16.80522749317078	8.774537929378836	
17.933867249630207	9.7472580604856	
15.576874064240531	11.284192556947437	
17.610067470512014	10.412418777585462	
17.530363666915864	11.343330976503713	
17.470677596341005	12.691998497151717	
18.825363429776257	10.06533896828574	
18.124401780151562	8.59708833029848	
17.850174385402777	9.245005553212089	
16.926745169435417	10.21554619466826	
20.076032738791287	8.077053653730962	
17.688266774620615	11.655993682225022	
18.799615425875473	9.52840187027698	
16.886612152974905	10.023036442024651	
17.663316767225744	15.572719455785343	
18.270731045697804	10.89952372275205	
19.20799430942888	9.93444547936385	
17.952607945087543	9.73539538476591	
19.95033880664336	8.779700919040412	
17.54504880605471	11.958091061539747	
18.803100680816033	9.030378560158905	
18.48421149464129	11.30450163139549	
17.761097870666678	8.550501538818537	
17.975872184681077	11.266268529144522	
19.487021330089878	9.53066028353521	
18.362985178540164	8.910366023886496	
16.857234833190866	8.968084358206776	
17.986759933148058	7.924788662185116	
19.501115344211964	8.903612113649672	
17.620161462960173	9.18276154568042	
18.01056591689134	8.65479009404811	
19.402276919524166	8.477237075027272	
17.662943717309847	8.489020946579627	
16.90976946857351	8.64356891733468	
16.513085469175742	12.28379701821502	
16.478803932634044	8.925253981457868	
15.9326085480807	9.347667811207106	
17.68653443818136	8.799330889274023	
17.217832705772263	8.65446486860039	
17.505971622839894	9.84650360565121	
18.16670624763957	11.922638293407932	
15.706079428408414	7.455362253964544	
14.704541899464246	8.995252048389712	
16.2392228195554	9.080453228730539	
17.0147480963541	9.850250353245869	
14.808091696668763	7.856303207912836	
15.068851498801724	8.276755332211295	
17.20679353752438	7.791082345786549	
17.482878342818662	6.990675457396204	
16.90296607032133	9.531343822468331	
16.16611347060043	8.873991891710293	
18.50307366672082	9.588778557289535	
18.326563811399744	8.945624237233536	
17.685373201066962	9.038491531472596	
19.01139311767587	8.539108273788333	
18.10836423416461	8.673789942106119	
17.722328267119178	10.369296941545514	
18.140829464054946	8.55502394718585	
19.199264815943817	10.133359395100092	
18.89329339115697	8.642306202836446	
18.612369346281564	9.531025930200975	
19.643794946735564	15.935595181432344	
17.96335543271877	10.590851043399649	
18.609935943030777	10.452438193195269	
20.545958530088512	10.493297661000799	
17.951869164852955	10.250763915177636	
18.76736957414526	10.26788502332446	
17.038138352706397	9.15306591382532	
20.18794585393719	8.434430095907041	
19.16140384451106	9.087550776770978	
20.042288986236287	8.69017733163499	
17.919617886623524	9.604413687597422	
18.760895438098803	10.265976988312872	
18.37853114563866	10.961155925833165	
18.23710605133935	13.368429362923234	
19.19338430044426	10.191327137055039	
18.952415606729993	7.85235334264042	
17.58927043955273	8.83659956399704	
17.001304875358	10.697374101648402	
16.793894436339478	10.44619010105613	
17.92906043080718	9.367857597963459	
18.64515152384148	8.67361851178008	
17.6356822840231	7.960540709832035	
17.381434332401497	8.678219784139658	
18.706129291489923	9.871909899108415	
18.058977839724193	8.847577384038987	
19.232595400470842	10.61048730464491	
19.665461700336913	9.861301818113688	
17.428629254163376	9.272936478450111	
18.286233239905528	10.401952446537525	
18.603944760577743	11.835366198793226	
18.227752827687603	9.280421161892933	
18.998324638673374	9.121474353530491	
18.113932298888724	9.912387820904524	
18.549123665656406	9.562680816183551	
17.68790088461854	9.517527213370085	
17.047287544643986	11.660220328755345	
18.86952788797944	9.98041596747996	
18.821669796502526	9.666522413570748	
18.46843270659358	10.278097190081677	
19.53061401328924	9.677387891840668	
18.119575550027438	11.949695968869037	
16.834539893964525	8.829298968178353	
17.98891218365578	11.05039599064198	
20.414925160818683	10.341017614011236	
19.082306361724253	9.989224858970044	
18.11066297641135	7.962056035567552	
17.693920755369394	8.747093877926254	
17.966537391371595	9.218715779045164	
16.110708327625865	9.27578977482658	
16.023277063233966	7.130400603189938	
16.470791730800325	9.597751511300748	
16.982367505513576	8.75697724154567	
16.495477092426498	7.712925893938032	
18.553892719267505	13.778951557290434	
18.668378369628556	11.070472391800259	
18.053477083729415	9.229253829414674	
18.878925300747554	10.635867047119952	
18.460660880690572	8.955360003223682	
18.446247253276688	9.51556118708504	
17.95318410826838	10.549497351520355	
17.466214504776698	9.094993278498547	
18.675758065229132	9.369616515449732	
18.591210679957886	9.91192790574312	
17.48425593466985	9.016887944657546	
19.530908939330697	11.964086085122142	
17.627386798491237	9.004724211674658	
20.23724680946668	9.020516127354638	
17.604140334575913	8.864950787572914	
18.155256358284323	11.478616287646817	
19.665562440831106	7.696862077810444	
17.172765804339015	9.676397015777477	
17.46221615241886	9.53140518898222	
17.223885717480126	7.929592195713717	
16.940954268242212	9.54957342900517	
14.488524738245848	7.628353887587522	
16.88875593967304	8.150488737260034	
16.272008223443333	9.106289890825721	
18.593377413147298	10.167749252896481	
17.861953123331087	10.507036811239217	
19.292805499961624	10.414035425059618	
16.49442818046125	9.576972132114335	
18.328074099231856	9.678891826647403	
17.462575101275508	9.44296086014591	
18.279376585402172	10.364973952169946	
18.438510188337343	8.870760547092287	
17.17408501254118	9.936975894579012	
18.035511039491407	9.377708754297762	
16.901398935985544	11.043888721348381	
19.186811608799488	7.673672910184148	
19.39831734191171	10.611994043686341	
17.30256886308736	7.446758858929578	
16.752088345545378	7.755798736369535	
17.32049832769637	8.396300157562015	
17.132649117805048	9.200799504679127	
17.853656068143046	9.115324299392366	
19.005172847835453	8.204833387109215	
18.27868594824355	11.2661660308134	
18.751394683403642	8.578224887857573	
19.605823633838348	8.170030132093402	
17.173350668854752	10.398685361416419	
18.304446391909774	8.600697772505407	
17.815155746568546	10.891089794600681	
18.191289961671597	9.592975456241733	
16.46832925682523	8.495082384189928	
16.820912942675456	9.078612159126175	
16.797180938693405	7.892463419829874	
16.608255213028503	8.68189128208432	
17.986431828620038	7.983183389918595	
17.074715590125628	8.847889728835465	
16.271413501465315	9.70954430902215	
16.7379734562935	9.225474502492329	
17.482133525620927	8.574972701438144	
17.92726530389801	8.560306141837927	
17.685112491707553	8.861882510590947	
18.22892321783316	11.12245183375945	
18.25997049468363	8.155508092201888	
18.76026615961579	11.573024288725062	
19.567053295000804	10.458513349552819	
16.003673711379093	8.411259900848176	
17.096910122136993	6.749221218350578	
16.16406855743818	9.111101515728267	
18.22224422803547	9.360305826830475	
19.3297997882637	8.03890292196242	
18.08131545695044	9.826359762218365	
18.447378057752662	10.23882674459926	
18.53684439153095	9.710128747953323	
18.80575207416474	14.913038494776796	
17.929540142742344	9.868553732441985	
19.34623101870945	12.427161963740074	
17.726162273223917	8.380126568498786	
18.286662853637676	7.584558663753308	
17.310355521279885	9.167908101208466	
16.99867403993148	10.562892639103445	
19.35429287998309	9.983772725384485	
19.104188582732185	9.916983164120335	
19.68228568509393	9.539588973874626	
17.909999990380808	10.28646749283408	
17.28910153603602	7.015134878405074	
15.915636418035886	8.939455685322256	
16.898834355350807	9.724624945590774	
15.635490678587372	8.607313101519175	
16.22696663637848	9.014635019527216	
17.1075752057312	8.563802923960791	
16.271732354575295	6.878911546879832	
15.07875130932839	8.636683271199617	
17.249581391145263	8.874943971614575	
19.106777939601294	8.212482003333317	
18.73715164257886	9.184965166707181	
18.1958086424434	9.941156909503235	
16.459082285744994	9.947768687427786	
17.135002063757977	7.999276362821425	
19.384044660031652	9.728871142795507	
18.219829316634264	9.72228949500436	
18.183948988609107	9.382364401908704	
16.252461047885124	10.232402254070262	
18.42259309975694	10.643500329140096	
18.48135978296745	7.659372773239805	
17.13122356175491	9.968413464885012	
17.929446672986128	8.170970883111794	
17.664568092809535	9.400278221660002	
17.41810496863596	9.225370883363015	
15.484093221246628	8.961417187303939	
15.550571741311847	8.357581726694477	
17.735161851280655	7.738950788206645	
17.191083224768935	9.766683901797721	
17.53459124727064	8.165876461020178	
18.595841507607904	9.675283445104673	
17.186080751826736	8.55719863720666	
