19.196592317526328	9.15503313792922	
18.173946388027385	5.978124061788375	
16.101384090527333	7.586577621402469	
17.52694052114415	8.050270167351174	
16.554313449447665	6.4354334945011615	
17.489148525878928	8.509680823307173	
17.266926707649883	5.879997261411205	
18.692162391125628	7.482814286918653	
17.47136364968762	6.618888965459234	
19.995803403516206	10.980205930397041	
21.055895597893333	8.427939563018228	
21.376710560785273	8.957120896508266	
18.857854696587637	8.326310742866575	
18.154989506205954	8.904999336396255	
18.01307915090076	7.326575435696296	
16.0063045463986	6.895025479537076	
16.712022953716666	9.326687957903017	
16.352475034387503	6.109512526898386	
17.195410646787835	6.157448750093816	
16.320354433543198	7.881057522437764	
18.55808066035435	7.687067680816884	
18.38686141889846	9.072273647981195	
19.08850912206575	8.495000675648331	
19.07986352501511	7.078692923425516	
18.502804465577956	8.630189130214065	
18.976560907326853	7.611423022647844	
19.906911063631355	9.889232022140705	
20.806148800212732	7.92505779806902	
18.460215598898905	7.126199049883032	
17.569183434266073	6.494051884854187	
18.727063657936956	8.795943103530297	
18.84148921363232	7.119983448094508	
17.629139879405066	10.210144920113049	
18.502080390908823	6.8635151925471245	
17.774281503017463	7.987493126880531	
17.50610421192686	7.251859564600226	
17.264071343287757	7.314407865090046	
17.49992400940781	8.999562929631455	
18.11273779524174	8.929622149153765	
17.804452548216837	6.6352058184270515	
17.666829886265422	7.012089993317939	
16.741826349663196	8.957919898656495	
17.15296749871007	6.301208902341321	
19.48239149213634	6.893793829589045	
18.293921016693858	8.151442956860324	
18.761804222849715	10.420616831984029	
16.96857326242117	8.521465042041292	
18.753457336186802	7.939781307748154	
18.831772961529616	8.86293232579599	
19.10254924715417	8.611512526364823	
20.468451363030827	9.458920059451238	
18.480376132237943	9.061874089852457	
18.610044411730904	6.670037355026705	
18.1407627517495	8.565563268948978	
19.02247493677554	7.227432898070946	
19.10137815137129	9.277238869825558	
17.852677838285402	8.401846390271615	
17.843069731777206	9.330523929298726	
19.65197829341235	6.25040115716247	
18.924720572791504	6.827234920917557	
20.291153785337098	7.572568296855142	
17.528216439235358	7.81538751753069	
17.986067847196892	9.554899773694894	
16.872933510637914	7.439143189340559	
17.43236642696117	7.034777258417923	
20.08648666391621	9.106165348764083	
17.61408397522763	8.478548369341006	
18.105473115288472	6.349797186393551	
17.319588057502568	9.51353313182274	
18.40948224609004	9.458224723818478	
19.16094215588991	7.669488084686424	
15.33197557130583	8.677413089414113	
17.78931157488833	7.807271020726022	
19.75206312595988	9.257533503026396	
18.057205019653768	6.554031341830162	
17.497740946679322	8.499026835230428	
15.335972157226324	7.059020097848727	
15.47433734232576	7.075837640294383	
16.544901038375706	5.808827749947553	
15.603217007344485	8.288824284367246	
17.08622897162772	8.459644122361302	
18.14752968054218	9.651981640882411	
19.302608692021934	8.116495090978576	
16.948385936136383	7.279298806370269	
17.44284163871832	7.228526374226185	
17.98607839253897	5.603257856331895	
19.511965789572233	8.150950113722091	
17.898587315605464	10.389264899221256	
18.986872463109272	8.128529239518235	
16.139858503776757	7.224190889501397	
17.76768769096688	7.3833892148791795	
18.733647528423838	7.6186719422890175	
19.33762415261383	10.259066010519486	
17.09884568890248	8.303344687595375	
18.43550650601509	9.34818709598871	
16.99977317808694	8.947676228678219	
16.97157775749047	7.922912929249014	
16.843050530181788	6.174985443309422	
18.337300941353682	6.923285810225873	
19.202185766873765	8.048021617537627	
19.623094259566642	8.181854605315898	
17.217138214807605	7.9759991545504825	
16.172777801783457	7.015122446073424	
15.096616224783737	7.579589807313217	
16.024126268799538	6.913186179418102	
17.41510041728498	7.5769676717163925	
17.071114994391724	5.823687561798288	
18.88010949457492	7.65183021263933	
17.93310599611217	12.328804464441959	
18.018664499180968	6.551941164046772	
19.1859734984278	7.375979546713279	
17.56588450099729	10.169756442321265	
16.996663679631858	6.120852149761789	
18.536177144296904	9.01926762362117	
19.952238899553258	7.743824137618575	
17.823898557405393	7.2623373048468824	
18.022128937607768	8.272475516467495	
17.70262301812721	6.907069588118255	
17.880095887883304	9.713904705253302	
15.456476307573164	9.837355684161713	
17.003763776785004	6.21978127753732	
17.726030638001788	7.334985908362689	
19.24188556289631	7.4254725646215105	
18.388469755749615	7.637287475453462	
18.06561278565704	7.480070114920916	
16.93380382954614	6.361455451490996	
17.04102004903288	8.442775722662715	
17.801411090627806	7.097202342304274	
20.045995123830398	6.663087108054109	
15.784243713259352	8.579930120578764	
18.923702777619013	6.443987472531624	
17.05282786460484	8.717439402006915	
17.610417317043005	9.309242440340038	
17.746457143609142	7.299667037819958	
18.996031201411665	9.861035346930567	
17.76970300325907	7.909777650412154	
19.1177962463906	7.209880916261938	
19.273641830633338	9.873855641176272	
17.81054854884753	8.29854175699915	
15.381799458307187	8.280892278042787	
21.176521518140756	8.89488157451019	
16.644143799202826	6.929504019018047	
16.80164752524657	7.083055683930709	
15.520598814782975	8.8433673813272	
18.56540200752447	10.041623046284078	
17.476499907428348	7.768592115184909	
16.94824343920552	7.638173533812196	
18.024503327909567	6.467368411007478	
17.98215292118601	8.653486397072596	
15.453334555716838	7.877425556370355	
18.05342176669818	7.280916232650521	
19.22762381269836	7.457106424502383	
18.722303429952632	7.926190630661871	
18.797843409069227	7.463802600848932	
16.31617073140653	6.533911929207435	
18.86057292680968	7.70949621829081	
18.674235093471463	8.78162860336776	
20.13065525485632	8.931643622975955	
18.018630778061166	8.000637681255089	
18.829391525327363	8.583023892937765	
18.635051731257754	10.263895552604	
17.591763385646384	7.083940038660008	
21.91200925504758	7.88986118836739	
21.26707712248561	9.31548715014651	
17.439760672853023	5.768998830471377	
15.57004788290661	7.849723902132567	
17.291421807208298	9.735424132620635	
20.78109493497996	8.60104117226291	
17.180838687700998	7.840710357908604	
15.589348039900173	7.384371951272701	
16.66771174348982	7.280733088415326	
17.340695625998734	9.551553900594183	
16.319234296086794	7.679648429972298	
17.16671423140076	7.847367834706831	
18.562079799048437	7.846061156886596	
16.955157192497726	8.42308284243087	
17.463030599823515	7.547328492729226	
15.463040577496248	7.42450390054611	
18.68142156145617	8.383609851825698	
19.15473801844237	10.213429284677915	
16.708009991509368	7.411313953225115	
17.098325197848123	8.92562996874087	
16.461078189153667	7.20629810228891	
16.808637110425046	9.056433484366678	
15.655491802417352	9.240056208445182	
17.72724663961947	6.137346721522506	
14.848452427288324	7.908666483471906	
17.64935220346406	8.651393153114213	
15.639035179674135	8.371135057716298	
17.505669610579027	6.13887867917828	
17.847811789756765	9.327815646711956	
19.766653924109896	10.156181694251238	
19.361365841641597	7.435276533732996	
21.04923745137211	7.751323221271476	
16.6118680831167	8.642430851280203	
17.311436044438626	7.5712776950805605	
19.0122058033724	8.833454328174199	
18.955226815233324	7.975115459137564	
20.0475829026148	11.38610821941839	
18.649205518212877	9.552852941210075	
19.544846690094772	9.918435714540863	
19.0575307512375	13.253467579813275	
18.383292582881484	10.276585003064381	
17.71060817075123	9.001785514975603	
17.559184929727415	8.925029184987784	
15.247632192667833	9.136202011998702	
15.849141842837183	7.990102526423347	
16.38913622883876	8.403752798685941	
19.383500793382936	9.850120470568392	
17.559646035484572	9.479375257108982	
18.955871297540877	8.989643125096883	
19.56317438190128	7.287679592712146	
19.821629845605614	8.235992930907226	
21.323934896248346	8.652890685406945	
18.440800519697003	10.624234088723947	
21.049495772621185	8.418706828260854	
18.58712443339765	7.792603312540451	
17.284871386103404	9.42974262516003	
15.66654729023093	7.502077900071089	
16.02399231794146	8.821890742168916	
18.463991464055837	10.56059729863717	
18.227457904891143	8.540176631409883	
17.185756430476214	9.806715470228085	
17.34820516689015	8.564317733449087	
19.97363825041956	10.926753516309779	
19.394062709558625	7.026577902162712	
17.880856471743044	8.658315118696517	
17.63732882585473	8.7104284993779	
19.979118973733044	8.219976957412177	
17.206851453787934	7.803998738483989	
18.322238892477323	9.289461509026099	
19.493035561674596	11.177497894297511	
17.319665878032104	14.39114293917848	
18.482774488090573	11.038800295891138	
18.554274823029175	6.929740287192603	
17.333471639065355	9.281487238697359	
17.17724038859038	7.408642271084245	
17.984729828908147	6.289683730860247	
18.85329747595282	7.628691330998547	
19.35949736093673	7.285298707231504	
20.832641961564153	10.311740442064444	
16.445296333245135	7.173149521134656	
18.766758557311697	9.482978529040341	
19.792085802621497	8.262435397797487	
18.1557538088044	7.228876932051586	
17.138918488056323	5.489307385201588	
16.344744192053614	7.4189178420629025	
19.35467713959655	6.942009392054247	
18.860345954578822	8.630608323874732	
19.314380909693618	8.085801257396511	
17.776409600397265	8.487310015197881	
19.34081366367556	8.897580730747386	
18.613288304591055	7.1898914244127585	
18.312378498637315	7.915460404380623	
17.854552548301054	6.642991104350002	
16.83723274182663	7.968889136560523	
17.484172273681942	8.74662829637071	
18.492274702099028	7.670927051877859	
17.968450344816958	7.498829786599675	
19.676788410831964	8.183874947286226	
18.30049439678703	7.227807212953361	
18.71376626693626	7.9446902089188844	
21.602657623408167	9.897819843772249	
17.411061447800613	6.976663756702306	
20.311306838167024	6.420611462852039	
18.559758653707195	8.842818133917968	
17.984540003533372	8.561045335570597	
17.056311910504142	6.787685437907982	
17.631469855440518	8.942317890815888	
19.168944807017432	8.922748506794	
16.09163714399828	8.56507513977274	
18.193714359551915	10.643318718558968	
18.437947010487246	6.060830216578867	
16.39268233532802	7.1611826333755495	
18.810444445481103	6.755115593465621	
18.374579613265073	6.49730487021419	
18.38952797493711	10.261231003104248	
18.20107706951614	10.167949571763977	
17.923599927280332	7.721100053106243	
18.495330550287186	8.381363934241943	
17.117323756302454	8.11735901657789	
17.068862250892074	7.152543858833214	
16.57391562469318	6.822717503982049	
18.00983350714309	6.14353292865732	
20.098059183534303	6.150617330616621	
20.948903891311446	6.722380400715278	
17.968676725303375	7.615977266625009	
18.421154770667968	6.417414210374687	
18.680953699295642	6.018055842895939	
17.373002735471346	8.438709263630697	
18.372340287664205	9.187721016074493	
21.15512464107084	8.481800845418851	
16.693303621539904	6.474024418348888	
17.08537667628328	7.488231554561963	
18.046711074781665	6.77210026691973	
15.672283703632683	7.089981485600666	
19.52861253915535	8.096921735025639	
19.32617239869246	9.523586794585329	
20.773271239615703	8.27416753601027	
17.880432215618615	7.958789652045228	
17.21826367676065	9.14942139995664	
17.172137769711853	8.331316348024774	
17.197990514047962	10.242704338984542	
15.612589104338957	7.5947464189110825	
16.757181818156944	9.45944773620553	
16.485633719741276	6.91927813475495	
19.723778802819332	8.163671117352365	
18.095376815397692	7.550968687797368	
18.50665382009071	9.696973202497038	
20.933929214119743	7.017911553269379	
18.928246141466076	9.980192542916106	
19.515054060515872	8.22206250277924	
18.241372412223072	6.3920736183863385	
18.386186125706217	9.184210887366646	
18.47598927427219	8.661750272110249	
20.126264795780077	10.200574657504177	
19.188195399148878	8.839606435310902	
19.519232008572516	7.483722870997922	
16.161494473666917	9.153867011805625	
18.663293934818117	8.41467528480536	
18.55657186386095	9.774936962329269	
17.34835023442442	7.477562776325687	
17.704554605224637	8.359232065248532	
20.29881785594248	9.28429995291331	
19.88680938590605	8.111797546560915	
20.75456177537451	9.268460648039335	
19.928569774822822	10.405262758136987	
17.93922952987008	8.292905035907642	
19.59051128152457	7.528935845745238	
17.567832569046583	8.213550422587295	
18.279484051341946	8.727605730690994	
17.10950369813705	8.999570634404133	
20.66946401219454	7.277336525486468	
19.095861079615094	9.359135947088706	
20.083691018047315	8.499278297061599	
20.6962972051803	9.24353668407478	
18.900380172288404	8.770865386798182	
17.648737540578495	7.395796328311813	
17.606429334686993	8.98893103328596	
20.05793609070525	8.625869009552	
17.801751473556052	8.062981974582504	
17.559990396839794	7.961351948015392	
16.138511298629844	7.400941616079177	
16.845833548251736	9.841659682326425	
16.436281030890793	9.004577967801366	
18.691697557382785	9.879092207577013	
18.508336399023587	8.138620610876568	
16.614656224593528	6.732556179784197	
19.089623160252465	10.638343236120964	
19.135945971999032	7.841651472790997	
19.769828073473793	8.68576057221165	
20.294016842044154	10.146138356062846	
18.670644212830293	8.9941697047909	
19.582685782300818	7.1191255003851275	
18.3530096434785	10.885482993575401	
18.50683181206833	10.131431768964033	
18.29710293742352	11.573836522046575	
17.416934754481325	9.015617231546809	
17.976192787084226	6.618325181699304	
18.018558993727076	9.18650914497659	
17.63326412205902	7.354247065023343	
21.135439305793092	9.312314645331666	
20.192345302353395	7.939219362527889	
18.458299142860113	6.9424706272249495	
16.080149080920116	8.235661513456016	
21.07352550502774	8.767062889113143	
17.446008833675968	6.514799442772415	
18.512306621620024	7.539483574470419	
18.10505743628666	8.64798443252098	
19.715925479442237	11.393622416794374	
20.17343534548494	8.602698311201273	
19.65975921858297	8.212897675918036	
20.937417956445938	6.999177898369482	
19.87417318577172	8.670288627228327	
18.459589757324423	7.5622333930726295	
18.63267906200483	7.525970424714604	
18.916127616688513	10.954263052257378	
19.968318106987137	8.720446817845712	
17.74652209934766	9.164930285440116	
16.233668579337767	6.082775551299724	
18.22635196795168	6.581067263929342	
18.98076296687811	6.431557658855642	
19.254740469639817	6.394089895269858	
18.606037799209126	7.584449382898318	
19.743422124506708	8.099585960310854	
18.66735344801536	7.881879227380167	
22.800990714567792	8.182440720000503	
20.962666815826708	10.978714957394901	
18.8039251120504	7.30261819921409	
17.91387841109061	8.217237265827304	
17.015808773625015	7.626292823458173	
15.066831301915004	6.451486239713159	
16.270127536869214	7.75846906052321	
16.362939136239213	7.975966257532761	
17.332537982086276	7.9957260140507325	
15.778841454065882	8.73369073692384	
17.97533898164613	8.23861364827617	
18.168951975978096	8.317737161908457	
18.31467174491621	11.760995426524971	
19.12177375952736	8.768792801699318	
19.806024626502985	7.2600066968969195	
16.874907954393382	7.284266510201198	
17.964274201577275	10.188223021937898	
16.46907052339785	7.062603213860968	
15.516551783045571	7.361430429522583	
19.055617562321267	4.504272945857807	
17.95564623853748	6.787913937582417	
19.2456308897752	8.679088410921969	
19.563066260874134	11.253776970815998	
17.871883595269267	9.990869624151847	
20.294650803261103	7.653040435007643	
18.625512293593346	8.577101527955527	
17.57039240392419	9.54137250436616	
19.278107301817933	7.84538646954182	
19.97124842927025	8.298754138280954	
19.70385897488371	8.06121394655722	
21.001197177359543	9.814704506910628	
18.46510649770895	8.1400906028085	
17.763791546659675	7.559908691091712	
17.98667595104108	6.966183297129817	
18.182314394513146	6.736839534515804	
18.44086243311938	8.842392184035567	
17.17814663129832	7.213363817045339	
17.20002053931076	8.72907075895622	
18.352304414645783	8.361066279055299	
20.302472872245822	8.008103729659714	
19.75623034810869	7.445639893626901	
17.662329683361353	10.360160689423486	
17.478420677522024	7.592276482127481	
20.803510921281816	7.747622443032964	
20.77491394386345	7.732407998204316	
17.86834523527834	9.043365527879862	
19.212045200394407	6.68755691275602	
16.18728321670979	7.803836468770676	
17.297498305490926	11.353834339094268	
17.54895377817541	7.755161704897064	
15.285230895238763	7.380543874404587	
