19.13853143080682	10.700748952131644	
20.62254071438978	12.455424044251686	
19.646069485040666	9.353431055198923	
19.968961800459933	18.306036494012066	
18.494012960955782	13.912279145505837	
18.67337307301286	12.434799746299358	
19.934930690814433	10.709207388875427	
19.236012312629832	12.335487616256566	
20.800403245048432	10.248122702635737	
18.467446268961414	9.10856763542935	
19.148258965516266	13.054934740564706	
18.388213178847124	9.894569960158005	
17.683164256105897	12.757863732996377	
17.964582901402135	10.30644124800073	
19.18253022835834	11.999097903189469	
19.150954572676575	9.519430357109767	
18.83064903757036	10.752519694319572	
18.989012711523618	9.70902475860785	
17.786960758033512	15.780433645545838	
20.41502826447039	12.991634701886884	
20.51770619249554	11.520912907261131	
19.92401237156963	9.729822206494227	
19.74169880116928	12.771850992461502	
18.798577488328206	10.257725835018478	
18.714085746286397	12.088523809018124	
19.48098707799599	11.005775389222173	
18.089600971441868	13.626222657534832	
18.33099114809032	9.748498022755923	
18.233327864269732	11.995145182086455	
18.70375392851811	9.149246503817631	
17.78317034034123	9.50939387735002	
17.213215286771657	14.117158092936876	
20.26366223291766	11.0317701025157	
18.13495001861197	10.367031282650677	
18.35466209242091	11.38650202225628	
17.48576385006764	10.11985240931967	
18.234085077351907	9.827841845699268	
19.180676386966734	9.25764046369271	
19.223465407904673	11.325912907417255	
20.296697728835262	11.409236592715231	
20.38450417916557	11.171271491321786	
18.634912221617398	13.702431115047592	
17.602026594974003	12.281616107816138	
19.206903647434196	9.505702069745006	
17.878384194088532	9.000993736360648	
19.529449364130944	15.62816032678407	
18.59600153195105	15.038993966293438	
17.84951256375544	15.936541936229881	
17.895284488735008	10.1418718044036	
18.79847566335771	10.922911937710458	
18.797281652165292	11.258334166703486	
19.56675002441364	12.404960382340754	
20.351511545494844	15.426940043173959	
18.22864019292891	11.772767832411748	
19.902453237536704	10.980725497161863	
18.860720169628895	10.867077540480897	
18.376230286955927	20.12953317210125	
19.314832940203654	10.49656459985364	
19.036096477240505	15.029059990084178	
19.725592024902255	19.44991837600275	
18.907239885658644	13.576693080930907	
18.67134436308312	10.587859061248043	
17.94919206250823	9.778623136034371	
17.732898507094905	13.666876910290506	
19.484973258520224	9.521428019912074	
18.641215547965032	10.855539608578448	
20.04271139339547	9.86637795701825	
17.328289404735326	12.910401523112649	
16.84784651053383	14.313916536675622	
19.60463366501738	15.93421374188204	
17.987557654593754	10.961440895371705	
19.064258217376917	8.029287365566718	
18.091359115432486	12.488545084262615	
19.438985386035064	15.88469081150916	
17.855553684709683	10.946015642580278	
18.058270171292442	9.239603679544409	
18.307752989681322	10.997509755880793	
19.285280232928173	10.044018973885388	
19.841208520511852	10.711512064809165	
20.537527047894283	10.490242590914484	
19.166480853932317	13.202177872094344	
18.33426071335973	10.559678744984211	
19.94527354119269	7.742200113544156	
16.686436420567706	10.235640258218522	
19.440897973359625	9.113305501460149	
19.6734413772756	7.7917397186849	
18.37067390718141	13.513760975576268	
17.47272047863466	8.797237966895397	
18.555256129776737	9.4189560705945	
18.82060250378809	10.038646095619994	
19.756144533475123	7.4047828190678056	
19.369998183591278	10.06490847290935	
20.901265755596285	11.33929398750023	
19.591266300451963	11.990639704937285	
18.40387740881649	10.098536120819707	
17.47654091572686	10.14696929459729	
18.55349410016335	11.20792442816227	
17.92723027680703	8.23871393966228	
19.594621129758963	11.412208601752507	
19.184549877601537	9.737446142766823	
18.637637927963336	11.75001865167641	
17.442988514907274	10.995056866376855	
18.38052511998054	10.35869022284477	
19.08866251347914	9.14331000582948	
19.111320444724925	9.055796792604466	
19.238492621131133	14.145926174434779	
17.93697972239769	11.925355894265259	
19.273096641533783	11.018929610373723	
20.509955046292575	15.154715194550828	
19.998611622979134	9.972599343366856	
18.579305525741486	8.201456680969326	
18.270241103094953	12.9100026703799	
18.669066296933902	12.171890629763435	
18.952742609592168	11.985969727947172	
17.62636897962182	11.255748268103773	
18.424077509354664	9.540156803346767	
21.29207910615089	11.86875589930268	
18.998599980252408	13.122568845906065	
19.59152988130918	11.773378109434208	
18.85110100521508	14.103744547423132	
20.8212079241799	12.428418825680396	
19.16809973435526	11.411841992853933	
21.602217705965593	11.45683220608815	
19.924955619198787	13.428851697674034	
19.19087789268522	14.432224519554056	
19.189538950909107	13.754894446376802	
19.947358151594138	11.291789834068782	
17.91843811446438	10.009506851113779	
17.184558720956755	9.435493713539373	
19.67328900105518	13.482693763993332	
15.92724341623419	13.117728182307241	
16.43302911823111	9.518827038092494	
17.657205257164826	11.801097000055094	
16.883423052817378	9.767037184707307	
16.677987248651235	11.53316587269133	
16.35840467989678	11.055773225559985	
17.91058171273914	14.074002692426795	
17.821958811214046	11.128241844266688	
18.134593135810167	10.513456145007867	
19.179315304500403	12.450960796497224	
17.134697573529532	12.394859514068948	
17.745040043945476	11.185708533567533	
18.200603290102396	13.122407693040282	
18.45465729058251	12.3691273949839	
20.480011717021267	11.460818019203133	
16.80328994511423	11.431694657599486	
16.085438975260427	11.03951554013789	
16.499699360581054	10.326658362282327	
16.943651145212556	11.027545354536203	
18.380089321228503	12.991017128925739	
18.037997467502603	9.027645733368539	
17.371358622514308	10.079295145174552	
18.450103061133547	11.546617875559205	
18.507657757403667	11.096886870972865	
23.12389538596517	9.174554264408597	
18.607088940911648	9.293847971864638	
18.312774788526124	13.156595751174136	
18.78576661012538	10.442017341781762	
19.47371280548324	9.204798621990358	
19.829837461844548	12.98972565377774	
19.294770044758025	10.259906760409525	
17.578597498346877	10.233125780728923	
17.866042457136242	10.72763170032267	
17.509244842274153	8.239093319131253	
16.54318485328773	9.637248080696555	
17.040802320024103	8.19790344585432	
16.509403713383048	10.361925469039305	
18.68484767331284	8.390821592346803	
17.83369125751543	9.170673308838545	
16.76528606657018	11.572366855080089	
19.26947461792154	12.097168509595903	
18.494038228381108	13.822551836224006	
17.497612497303333	11.761676782111026	
19.353192175400785	9.223053689306155	
17.48713313972435	11.743024709547457	
17.33086328283478	11.354353473504352	
18.477721857201203	9.137101918148355	
19.27246777725541	9.591749941513033	
16.23788616088955	13.562732256650154	
18.99255112802097	9.699320047727275	
17.30905684195528	13.55262872777648	
18.543141959259504	12.003445432526684	
17.265221839965346	10.635356348060622	
17.667124893369618	9.941058768131542	
17.042478571672845	8.178228783589384	
17.41377254429699	9.225677257760097	
19.143752139351328	9.090130675851311	
18.489911972224274	11.999726829913524	
17.105540850602107	8.513894073785245	
17.517214142956007	9.445770183892138	
17.88683412196754	9.012575096840227	
18.03058786872604	8.116606941245243	
17.49503274904043	11.726143225934779	
16.678266216167504	11.659695572221258	
16.946889843105172	14.160228424216509	
16.936950787800082	10.943719167605783	
20.18001540522246	12.54552422413424	
17.554443033104842	12.011344292664692	
19.988891773787916	12.357273059064932	
18.23699252785695	10.201386202290255	
18.457263816250393	11.698951444540697	
18.401437608206713	10.177937604599936	
18.184962188188205	9.887102872083965	
17.920632708932725	10.945398008102414	
18.76130137847515	10.330994235499181	
17.150513543806863	10.006786374364905	
18.76362395452474	9.033949823719768	
17.259318418031185	9.998001091235654	
18.409274508413755	12.009713423620966	
16.733646469796696	11.320443368115104	
18.79244654755298	11.739148293045695	
19.635027580935862	11.48964707503342	
18.17748146622083	11.791113459300758	
19.65896471873949	11.981079525271879	
16.413980053732107	10.545284513338594	
17.133344375120693	12.627889312979276	
16.20460581692757	10.099335451749537	
19.275332657657202	11.00692155514747	
19.348944691690072	9.887552239103861	
18.685227431189833	8.421754802117258	
20.447227661117534	14.13451915818707	
18.23488096186346	11.710028330382658	
19.171968441207756	11.465875647073574	
17.44833898448997	13.760095370300775	
18.556476519957933	8.618471522232467	
19.908889455028543	9.03257752260846	
18.319919281234895	9.287546734435862	
19.083327447539737	10.11300568785701	
18.19595572666319	12.952847111448921	
17.15239440552996	9.196193358835936	
16.6315974704989	12.594180723741225	
17.658314856042946	11.644150787529888	
17.699825108050312	10.125348491619542	
18.408565806968916	12.727669654008677	
17.70484240148522	11.050405424708305	
18.972964616259404	9.533111317568578	
19.047380279923146	14.229198462944321	
20.805940141941196	12.111721562617628	
18.48153644511463	12.871509581599465	
18.824237590338917	10.319076092070471	
18.155063869247712	16.027257857460633	
18.15512811403819	11.574844982975337	
19.0862701327513	12.31397450965091	
17.060093094187664	12.821258549315381	
19.92892155600985	8.843056146399153	
20.529009947379944	6.934334352950475	
17.62539025436092	14.554915501449253	
20.941013040955276	11.396497174593128	
18.61964223919304	14.613388075621623	
20.02968207751009	10.563897293503258	
18.97082166629691	10.91044809901985	
16.30857384177592	15.20496974373211	
19.04761667268019	10.495113652834457	
17.80446990513032	8.8957975899464	
18.848051393483043	9.998559943878607	
19.63397877844073	11.093949445063878	
20.040434000696116	10.292588812219307	
17.50941445922769	10.083325846218047	
19.021046525290693	8.473247057434282	
18.93523505856683	11.113340261683776	
18.753308514067943	13.702340666708787	
19.161957379611966	10.128603052376057	
17.522924237906373	13.89959590930877	
16.965160207746248	10.13411281820946	
17.232381525726026	10.969951571745362	
19.192469340589923	11.471748382684055	
17.67786247595934	10.021089826749165	
17.367110487112544	12.57941740861852	
19.039857588657405	8.68072754200334	
19.38514391776364	13.172056911412946	
18.38590296019855	11.679608039797253	
19.319173255999424	12.04654209564485	
19.26731595026157	10.910768933871733	
19.1674779740756	13.14205065199528	
19.661450642697243	12.993795295862402	
18.597420570333732	12.419760067779984	
18.08205656946497	11.425471522280553	
19.328406733072626	10.953594892535197	
20.03961440552074	11.303969158450878	
18.94936499390119	16.775408017797297	
21.35682309289337	13.75755958665451	
20.25212185710257	10.374673781187742	
18.787821746918663	10.54358248517111	
17.894985564145667	10.164058749678123	
18.912835881564472	11.142192434091735	
19.299758278921544	9.353211291745364	
21.60174233172066	12.882733732825894	
17.73805478744879	12.538325758013414	
17.325055419672207	9.20067651430351	
17.307488410062533	11.056788668475063	
18.375314378716844	14.104590049507634	
19.08548611338007	11.072365346597785	
19.058344793891383	9.592928426085951	
17.23107871877819	10.247432973530387	
16.370639670411617	10.602215117956021	
17.327634972299705	11.466747562529507	
17.499770683125153	8.964018671088228	
19.745489429172558	11.098203362730901	
18.78037181916934	9.48900383504126	
19.369602846060946	11.56334522671591	
19.540782232863222	10.777954981086875	
17.52580086250755	10.251736162752497	
18.56641155857167	9.979175638417955	
18.99755144119626	9.10677838382338	
18.486744743551192	10.923327224292082	
17.051119164315928	13.545444819044219	
17.996636025158363	12.71523523582545	
20.14511370185309	12.525274888737489	
19.013753008053058	12.615764778633782	
18.80677343467218	9.91671523451112	
18.880965468335745	12.807094901720635	
18.36594458286586	10.578142682228368	
20.1285807649349	8.362652703942965	
20.0824384798969	9.471819458074528	
19.98067614847267	11.241919669319332	
20.067446653397877	9.170698516874314	
19.323291760940613	10.074469382350495	
18.617205923353147	10.450890004016491	
19.577142118286428	9.38828818850248	
17.89085560894379	13.607455118769543	
21.158094218429707	10.320604682897512	
18.325014485811348	10.700116174589565	
18.504950012803494	11.178204040398514	
18.220256165358236	8.197467516288613	
17.466796019050143	12.40610895737149	
20.168184659396175	8.02694870448713	
19.675696739887048	10.8729429537369	
17.704624726526447	9.192564810699054	
17.98097816169672	9.803060652212102	
17.705432930359564	8.537535873281536	
19.352325139010308	9.669538216540806	
17.509593906176633	10.416303412087474	
18.083994522713663	9.588071654372337	
21.56282355604994	12.90689370823999	
18.783484992899982	12.121863303082845	
20.92561946866181	9.714480078560529	
19.268609175545922	9.994190937302895	
20.691679119158206	10.729157288112408	
19.699547953556195	10.546075170426732	
19.51788268429433	9.361598201646324	
17.851823589579386	9.657043519850404	
17.242774715031494	8.961882257434342	
18.353670251940336	12.886909453729638	
17.54015823661725	8.658608341355341	
17.8681068499828	11.672414509484748	
18.264823864695142	15.080465557799402	
18.78418740698233	9.526729898287506	
19.836099697700327	10.923221062598806	
18.83308271164485	11.50493841778967	
16.984959309596775	10.910568996120679	
16.574924978714986	7.454831903149794	
17.329877967185723	9.102529218405973	
16.815686604402035	9.797096305383391	
17.54255024079123	8.411138649313774	
20.249154502344982	12.38386294494348	
19.77141209570309	12.371878363365191	
18.25688615159393	11.229693929642156	
17.92667548209821	9.207229347873888	
17.856550115913056	11.07225225167581	
18.864827402789313	11.079565749802494	
15.15323303488383	12.65508275631864	
18.951818250031042	11.320030324522056	
17.09702547019905	11.793427955965225	
16.390366048709346	12.045157916853398	
17.407647219920616	12.350538985447843	
17.737201882848	16.598487458408034	
18.39959448799656	12.306673272860554	
17.525612411661076	13.844660232750888	
17.331844491525192	12.402464888721154	
18.342383908337844	10.550220341977209	
17.102259252008036	10.101462764703605	
17.773863234583274	18.11098521311179	
19.092540383492338	9.779157288945193	
17.413956576184262	10.13306437478557	
17.733758606813982	9.497560194851111	
17.72825711563186	10.731898014291184	
17.394937592962652	11.955720049671006	
19.175665186804405	11.239127999035992	
18.61318163582641	10.557402073377832	
18.093502177204797	8.775811764061759	
17.427216444594816	8.572505744328804	
16.589375069004856	9.269832159666429	
18.610410256787084	12.154502047464076	
18.038031377076315	11.534655282934752	
16.851134073927774	9.93098612041362	
19.474786852826615	9.181928764271172	
20.10083892954585	12.718287934686154	
21.201637395250597	9.956627836116962	
19.188279615255354	11.097482857636352	
16.697310730863148	8.140144323400394	
18.4391799133155	10.44825858578979	
18.4852333440478	9.468748851008566	
17.894922429925245	8.784165410721194	
19.012592242402803	6.588730603974119	
17.135102863036025	9.770929705707447	
19.82424801529333	13.168852995672625	
20.782312111077424	11.454273878396798	
18.55826058005445	12.777117737459685	
18.87236875331621	7.092680971841244	
18.756915186330524	8.557466999806216	
19.8890505786266	11.142691969392065	
19.546718293407064	12.139147222973735	
19.672137463888852	13.312906243625719	
19.24797984473105	13.20626074089838	
20.030447792572478	8.533208282335519	
19.715936361205106	7.59521954562187	
20.251979499859942	10.597476301069483	
17.2354099156566	10.822565895155655	
17.7993559550979	11.763061690514014	
17.531651793610575	8.959028682790345	
17.150608603361828	11.060655897739359	
18.358791909550735	11.055695379447094	
18.104824368329847	11.173674608806381	
18.43450813285307	10.318813886089055	
18.993880493042916	9.506498369760019	
17.73147688009322	12.795977457113944	
17.931269657629755	10.6507829212455	
16.953432179938122	12.129498976206152	
18.14263364831963	10.656444733149963	
16.79847098569864	12.418941585967167	
17.667885956066392	11.50157935349494	
20.778714448942655	12.278160726073429	
21.461490132016788	10.835933234381141	
19.835572206789497	10.133009986604078	
18.31673828341245	11.614559900859268	
17.532689305638666	9.44515340649861	
19.15563658750748	9.041970707803985	
18.84535470429529	11.20586514094126	
20.022321665584954	8.637777259599359	
17.39653410235485	10.283991079241186	
19.265094348172404	12.508869598045738	
18.535944752130963	10.87608837156292	
18.194550685492242	9.195343071971918	
20.288744666809574	10.650376694196481	
18.318199297203996	12.18486078207871	
18.268405280830954	12.314873579302471	
18.297592045794907	10.159443528601702	
