16.94104200287927	8.09130411090251	
17.340476060601677	9.049726948433467	
16.573316700483577	12.569534086109593	
17.89818348374296	12.191647643345103	
16.953799525446648	9.325813007432824	
16.466192139704706	7.9436466971079085	
18.787986728472795	9.14572626358585	
17.66835817296607	7.499412671023796	
16.172632219272607	9.826613076956352	
16.993663361166398	8.575130153290424	
15.53152429463042	8.810133352803142	
17.47156545650394	10.76787620632648	
17.845920509505902	9.1670357358357	
18.0225444548536	9.106417665029317	
18.388130702925917	6.942802664239297	
19.47728703267414	8.860551274589527	
16.84088033947127	9.072136410895721	
17.443014047261446	8.571720644664097	
15.546352635944091	9.234402808484173	
17.219973985839175	9.149819766144772	
17.931563739220827	8.244421469316451	
17.77350532347631	8.894739769887522	
19.357928186953256	9.585940741550273	
15.582728949539232	10.2886458015675	
18.316802152710142	8.612259779016519	
15.844285371133907	7.918066234488456	
16.180770770766085	10.779117952355401	
16.2929798173109	8.841299784626575	
17.370353475796552	8.272491443831901	
16.22917633497667	9.49280897650346	
16.83895645786726	10.355842300173608	
19.64143787518334	9.117031491987214	
17.1921916508082	10.624830836336669	
14.105675210465435	8.159764557170924	
17.491380868480064	11.259121043297748	
17.643178672597216	9.744657922872882	
17.35859754295223	12.415170364048583	
19.14600768389455	8.767378941893574	
17.519555340799446	11.567300145158345	
17.21916804071701	9.35904202245913	
17.59458262508607	9.952751378155604	
17.295098475861284	10.824836588829848	
16.70977497243285	8.376524362694227	
15.209607669570058	7.18696589297158	
15.985471828784393	9.9105697355206	
17.01074782225172	8.348614902533237	
15.453816642780902	10.690851808205073	
17.289836506419462	9.731783248430208	
17.26838673152494	9.434851744418195	
18.938037625019508	9.740291247629404	
14.719942152332367	11.928942524736218	
15.767602352008245	9.920008833459075	
16.98465151540686	8.711174281135103	
16.05705038038907	10.796916006482574	
15.9389889286727	8.833168458287005	
16.281965497931512	10.646590123418944	
15.841157803312369	10.295301719523332	
17.29868469488452	10.441273532865221	
16.378925122678677	7.431814109268396	
18.302946297626633	11.314326081201145	
17.52711916026147	9.034264905607039	
17.46452417428858	9.500648849199026	
16.788698007173718	9.240999460430263	
17.131520137172174	7.099435260214646	
17.13260585718538	8.98167557531506	
18.61887247215745	9.019880248986771	
18.85452271606266	7.092927445650147	
17.77190208752468	7.725320892565522	
15.066749896447346	9.509246793783648	
17.710258380035423	9.409424739607667	
19.219393677137194	8.156630081553422	
17.83772383364717	7.598205483474773	
17.617675417003802	9.016081893968456	
17.481830251864604	8.927996038491417	
15.31403473828087	7.985845051825469	
15.330206270953848	10.40550285609024	
17.283657808520847	7.016073608752854	
18.634192292512047	9.571815811568207	
17.784052767170056	12.0982214054853	
16.093476862876944	7.901706340738704	
16.732894746335496	10.23552445559581	
16.346751876533435	7.068919356853123	
16.84515346436493	9.196627747470183	
17.906507475307954	7.779329048144647	
17.76975329070812	9.953338433507694	
17.05851388837316	8.65581726248858	
17.443202863152212	7.48074276197572	
17.136679359177457	8.066872354324872	
17.293369844625413	7.956588818547985	
17.266504089981794	9.489955439162138	
18.521032713852836	9.107202680330012	
18.8386390155827	8.420139292155213	
17.987968034234708	9.068049306677311	
15.928785453694616	10.091616534159993	
18.490802884757603	8.634469199945404	
17.96674289821757	9.137265506339853	
18.45745086869294	10.587732582838045	
17.450778384895276	6.732095269578341	
18.680803833528458	8.799080470099563	
16.961478422725005	8.154359596412121	
16.701273522195	8.97595053041121	
15.19370894493109	7.5932019230844725	
14.658618373695038	8.375493161460343	
16.35093376148765	7.880343074285402	
17.904813480319067	9.285621849976401	
16.817034648698105	8.658496370997762	
15.992949503304787	8.087620843339588	
16.462477139317457	8.340346818337048	
17.347201381397156	9.410390663820559	
17.519536985961818	7.197659787077347	
16.044736388817583	8.531569685832686	
15.34622959993204	7.8642236148828655	
16.31800748086546	8.270867266088194	
17.07928027256852	11.166098143672402	
16.55746967718238	9.168307971966426	
14.840865985440946	10.40199419555001	
15.98793762421293	9.598958636284712	
17.515462941684483	10.724674735333474	
18.63016322526256	9.451246623180662	
17.309940004903304	13.179080353576822	
17.9492060017788	8.68778629772695	
16.348132110368475	9.508656696197594	
17.360615320266163	8.952849168245637	
16.997228034239495	6.8019956613704835	
16.706169302791796	8.077013081405642	
17.281731143341094	10.769659355202538	
17.734585884454777	10.205902489341398	
19.317590164428523	12.196733908263436	
17.028614354293786	9.85164348898943	
17.661426251098924	9.919602369017365	
18.49201850282002	8.619849201983945	
17.069600925546396	11.360913810067188	
16.262823115635886	10.235712359191119	
16.36126247548996	9.93995439139816	
16.37414854111317	9.512326020930555	
15.41070425123986	9.700879568048181	
16.6829659843346	11.561539224426946	
17.175137492175004	8.239489491874588	
18.040329403596825	8.133361664750614	
17.74998823727854	12.39976040457864	
17.987015530559354	10.821230542282432	
16.238779252549378	9.114387165497135	
16.822668165350994	10.699020477682577	
18.460421664350026	8.81117200911811	
17.423493561484218	11.162354251892914	
18.04576007343399	10.513899700907093	
20.25397712100881	11.376951029205202	
16.960030581849892	9.392862464199956	
18.157910448256782	9.777890803406047	
18.069831760384762	9.1466336130201	
17.820322317325587	9.550036240413254	
17.48668971572619	9.236885146625962	
17.338408293149968	11.246110010098771	
19.18557854629765	8.382595214686962	
19.51006058784661	10.802292418079546	
15.518263756592491	11.350574047999132	
17.294779874627466	11.068713323175036	
18.84711768034988	12.60282330153786	
16.750698145252045	9.954873425072712	
18.418422476057525	8.696327953273231	
16.75719819752187	9.677260959268468	
16.056255781278672	8.739830465886014	
15.168857756820188	8.204297004640354	
15.00498221286639	8.872204311335073	
16.905087203239706	8.756783920632273	
17.331453042119605	7.147975270606538	
17.7802903023001	12.136878503471358	
17.201688851072483	8.001570144197824	
16.872171704924515	9.933339919135499	
18.18716242719381	7.969611438023861	
18.079118987583715	8.071036869780666	
15.783441518232477	10.811287484264154	
18.675364005948477	10.030830850157514	
16.712078968378105	10.215927422953598	
17.079649308302216	8.676901779162948	
16.684457929294204	9.247783804467113	
17.358479024667723	9.603133578593752	
17.122303253413527	9.505789508266371	
15.797666920084609	8.084802433631786	
17.348896912592053	7.535981319357836	
16.181936342772882	8.247154628139759	
17.363308996155983	10.108960522543224	
16.971988811749608	9.221404393129419	
17.22925045600218	11.138862747005398	
16.712047707182645	8.499980290330331	
16.400720971058668	9.185503479793635	
17.71976442416588	8.464232722556662	
16.902833372976268	10.935642757059812	
16.839613031182267	9.640754850243237	
17.741749951278695	10.357346912338166	
17.1082754053181	7.651868084239255	
15.938958184953501	7.6975138331901	
16.040964538512725	9.02038037182138	
16.636813106010006	10.036182654843428	
17.641580740441967	9.637514123710567	
16.580985488666016	9.237785909295761	
17.205869399052762	8.851959393093521	
17.503895613202424	11.207290495082168	
15.609068654571534	11.110288568541128	
15.154915700225613	9.129806514339155	
15.287616240733335	13.297103935022742	
16.94975655996773	10.701003814153681	
16.210285967775818	12.04788977274068	
15.401583743189319	9.175965983473484	
17.444086807798207	10.671203487021925	
17.265964668461358	9.236674574214714	
18.49355373931444	8.410958744553461	
16.539004655571727	7.852760068750633	
19.307767867602756	10.171978936323843	
15.730769294758097	10.347130521332112	
16.228504255698397	11.000754110444772	
17.64544518852901	8.690599273556732	
15.595534886826167	11.20356223018817	
15.159607265360865	8.685967278491415	
16.80217928715206	10.447830715997677	
17.49679372234638	11.237705340254646	
17.450486318604664	10.104801499953757	
18.548842247358404	10.32712779063827	
15.723828576507973	8.863894578718249	
16.857230044448862	9.271414427564773	
16.91122069377879	8.655770383169422	
15.546568457564872	11.926775704337246	
17.42461309440544	10.6312143804056	
17.965400125053165	8.395566087308042	
16.76559987814675	10.981699180109933	
17.60641605407419	11.208984269821707	
18.06874381409187	8.594888407723703	
16.28529312444365	11.73319645900201	
16.620060778682163	8.847628069938018	
15.920960012133913	9.133714373583926	
17.33125570966903	8.863030551886311	
17.150129920834697	9.017587356211418	
15.956823850771004	9.455196885107606	
15.338755117666128	8.450844816734948	
16.74493355885159	10.576852196387838	
15.170968509086887	7.601493374705775	
16.945753551268197	7.230983827957377	
16.28491175939742	8.554021386162724	
16.40508027527787	7.174670008235488	
16.66612800596452	10.116612199549765	
15.927715534678338	8.378861868315992	
16.32352532155158	8.80399474432832	
16.921621712412282	9.166289473066746	
18.032768630753935	9.33222570422442	
17.083502125621283	10.720014996695786	
17.06297102929631	6.964796737010149	
16.28400472007391	8.325262108381466	
15.452390793204628	9.161696843480819	
17.888190093253584	11.86925919601143	
18.069532461193873	9.720096380525556	
15.790537989690437	9.38970011015445	
17.008762196380843	11.041388756863318	
15.034243832700394	9.932534210372422	
14.114578846355233	7.411014035727283	
15.855514598252558	7.225213155488665	
16.421826672330923	7.67983607678218	
15.747239013290288	7.45249852919877	
17.05445751217589	7.84104969930725	
14.483343250051492	9.05384603187608	
16.05360286627142	7.982512901659512	
16.217107195148746	9.039011020528111	
15.510764951882432	10.797239212411773	
15.613641391803883	8.405468334653872	
16.472708928704797	9.463590812005897	
16.206803607301833	8.378367889690612	
16.54634691827784	9.879992130871257	
17.743701476879576	9.658558260280602	
17.622995801588722	8.886981581918409	
15.971713380849422	9.3020781216923	
16.3747265160438	8.38955143136613	
16.384402518638876	10.688249584406817	
15.356938211532725	9.902428820257253	
17.13696887639802	9.562356864001906	
16.721287457435782	9.386318596720093	
18.04560750773824	11.26692766064756	
18.176988350706836	9.255095530206143	
18.95649510632177	8.838609018563414	
18.633595203850625	7.83874583544265	
16.63753249665166	10.485407386907848	
18.719659808742676	10.96783100147944	
16.151118067313867	9.471909297695888	
18.62444931725734	7.801716538970056	
16.827634948258442	10.083339345598073	
16.800444274541743	8.351014907752836	
16.28164572887542	10.027501175504712	
16.847824118962727	10.550233500242557	
17.149791399910296	10.011423224132358	
16.40320275574579	9.443766072432535	
17.308755785267152	9.830063688825328	
17.9181702597627	9.270578814669102	
16.966435034293724	13.015008591118626	
17.248912964778356	7.259276609489122	
16.974187948440356	7.718015959616035	
16.746075149215017	11.748383155490602	
16.312643085174063	9.72342269448732	
16.64441230473716	10.323175242954562	
17.2262042358123	7.443372665767547	
16.140375322384312	11.347747827742278	
17.546173520545842	10.338626645653813	
16.399541759841714	9.174063440835942	
16.68939868265448	10.223425184850258	
16.815928306549704	11.384176433429214	
15.344706686994277	7.988397775488398	
15.039024589584699	9.920852097077116	
17.6286689574711	9.658382274399598	
15.064861958869308	8.501291176882306	
15.604610351111305	7.836567581553292	
16.278075998290014	8.221764988854837	
16.595377021225623	8.15411913945524	
16.297048646790255	9.642538600939842	
16.492122989683303	9.67825863558761	
17.180947454476115	9.697494894838027	
17.813487887162285	9.400335317294296	
16.939454853103175	8.583307459094993	
16.929680278025007	9.069223672903158	
14.023334604036718	8.7906206630204	
16.169143271599015	8.98875511368311	
16.42038652502887	9.611720134491767	
16.389443214848527	8.656924149783308	
16.994694508185905	8.868523107449901	
16.57446225134719	10.463893376348954	
17.293362648700356	8.428186914959209	
16.900528014063298	9.749084893014908	
16.03365266755169	10.881896373325414	
17.564023912012807	12.272294688610279	
15.794246246666576	8.162421939214628	
16.889449545633585	8.910323833995255	
17.358309341034627	8.732589889319915	
18.669320655284523	8.418364510799652	
16.930500484273356	8.681555764963269	
16.66302812067541	9.378328380399687	
17.05994071722147	8.899043055665674	
16.554382426407305	10.018330198979447	
16.591024761164604	8.579258824721954	
15.805816791599485	9.863173660662452	
19.455900923435873	9.635825674025165	
16.489151646082902	9.339976314987338	
15.968100098033977	9.119782698965984	
17.081345100538	10.44857572838863	
16.849951083413256	8.309299441757858	
17.74500235497232	8.432696068106354	
16.430512246027817	8.650848686277266	
16.782829070886773	11.340386856658002	
18.02601396718584	8.713554296832386	
17.37326155163798	8.96686406151573	
15.405875236173816	8.479925807464687	
16.062262858702653	8.702792694444557	
17.62679194384524	8.42588390265982	
17.062414506918845	8.815240657956931	
16.027809432818096	9.092082720367205	
19.149381267218498	8.50724825055145	
17.317537022887823	9.630716190405321	
15.657180904208433	7.819990194845641	
16.646338945774282	11.699053446604152	
15.091331444547473	10.482690501011884	
16.640324134756927	9.520654339331443	
15.385785621258997	8.23708264308983	
15.715320498007426	9.672846818965184	
15.446014904318396	9.43856448285234	
16.46255013551404	8.715332310694919	
16.151308538205043	7.939703800729065	
16.66641393315241	9.042446360013946	
16.191686058763395	8.773784580006577	
17.764054893378557	10.217647164452252	
16.211606873529252	12.553902856547143	
16.108571846290207	7.412302257303374	
15.998645526083068	10.613408239625269	
15.607539993766244	8.78991750846711	
16.111895299865804	12.065671655851832	
14.708090408406875	9.311506377629009	
14.14658620570833	7.980832781734463	
17.445015004362492	7.854390471689889	
17.278350163412576	7.836260855643698	
18.05294381085549	9.397710952618	
17.4865411081814	9.243607337024972	
17.718678301443067	9.759946857535853	
16.985690636546725	11.144237365214469	
15.471153906983037	6.563493451372838	
16.38384671850339	10.160921780518283	
15.606932043392682	9.460717242374384	
16.679959794743954	8.555577526852515	
16.351906796440026	9.276924587064938	
16.294763732116703	9.105671074489825	
15.425013396195506	8.174310213259126	
15.278222291123386	9.664861794618005	
15.802723046181901	8.425798372251618	
15.471736264057919	9.309936410669815	
17.07549712963728	8.334555840720029	
15.332642953749945	9.442048501885662	
15.943075974401928	9.807469615660654	
16.875670037669128	9.190989353471563	
15.906656809770066	10.0477886321093	
16.622050271465934	9.394800857138092	
16.4600284727116	9.562646092804847	
16.16458544429749	6.101930001025619	
15.77549053517389	9.098138889764998	
19.112534733174385	9.171378161439833	
15.408534809902282	9.06738266707353	
16.864229600107898	10.521932547892556	
17.811764722431036	10.116337920355395	
16.69175039545031	10.47231665114487	
17.13517441929332	10.576639039434435	
15.508153855818406	10.871484915706494	
15.446377011113224	8.466885838727483	
16.04640634148871	9.45109732738923	
16.44821425684749	8.448109254961723	
17.46178760779255	8.41654683726871	
14.543723547360447	10.086933888566056	
18.492321265810773	11.78270157880387	
17.980152265506007	10.649237441415979	
16.610472992850028	10.801163496119793	
15.188594963007828	9.004124520709443	
16.021826673790844	10.346968236756414	
15.561595961172866	7.516299201752509	
14.95420939032864	8.202904377449801	
17.175867428966587	9.563246715936623	
15.800955073233357	10.833439727323803	
16.38403519029344	9.03299427561197	
16.055284462112162	10.567421613848447	
15.797064520522458	8.175603698198096	
14.843186226506521	7.045674688207733	
14.933131533159072	8.870555412363904	
15.87060927043682	8.458264706509313	
16.032064762978514	9.509163412042415	
15.045706646183483	9.549614677237958	
15.462458625650202	9.40093136689433	
14.394483396946205	8.579345417522616	
16.15729432911038	9.28789598033255	
16.49862120947563	9.352554769105339	
17.307055204210965	10.485014383363758	
15.525598605436425	9.864178128846719	
17.433121825613437	10.072144230233107	
16.365273908831035	8.441259351411523	
16.181108308396052	7.9376365374877	
15.836991866957465	8.276855859085673	
17.547276723669274	11.469262125860581	
15.431292224773069	8.345152107277093	
