4670.634850550066	2976.2869985788193	
4783.984224665611	7885.649041234258	
4798.808969438333	7306.374298679473	
3507.5110462672787	3650.5178895033723	
3958.7300396235696	6860.223826296407	
4200.402107851791	5074.456618585601	
3735.4297766911645	4896.587105724466	
3419.0699826824866	5257.466629666464	
4690.963485779818	10097.76825645371	
3842.0302721446074	4465.639942919015	
3905.7333737632807	4597.070649937674	
3519.9706674910603	4862.085310061065	
3666.2093192652483	4539.882040656542	
4419.313807280555	5738.281883268655	
4385.445547828325	4889.406514105588	
3471.7746460314406	5503.243066302117	
3488.8939357585664	2857.2066757147904	
3684.6130464365574	6037.612219706073	
3622.0398739302527	2879.0768519698245	
3150.5641879872023	5611.344738215738	
3676.2717225538986	3651.8502551332967	
3616.1502425547287	2739.636409521171	
4168.677052132117	5424.3966196639185	
3726.3325878292776	4488.705913639587	
3795.0415890806084	2425.5671374295566	
4255.735704673232	5578.775544126298	
3830.3311072704587	4914.355856271756	
3632.002349701268	5990.848218833235	
3825.8092597467908	1759.277180182662	
3488.3958264005587	4839.117343795248	
3879.0941885362367	4532.314143461726	
3965.3840421618434	4199.516557880986	
2988.7669117895307	2164.7388284700855	
4276.851442987684	5337.9454270866045	
3571.1506497654686	4489.401090278352	
2991.0475552921043	3670.082078969985	
3201.621433180687	3502.3765178782214	
4245.384448083557	5981.378490434328	
3611.951309179234	5921.200284896877	
3627.5781517420337	3610.699568178332	
3975.852825518652	5815.655083262003	
4370.745654435864	8219.964207731478	
3447.2048556423374	5541.197292264342	
3231.4426980814433	4893.9022626705255	
3599.8910758540483	3652.534041986277	
3473.574228294103	5826.267394372037	
3466.0351291191673	3821.3982626444276	
3525.9014245388207	3707.7228873446415	
4149.322452147394	5827.584374667568	
4495.1771682389135	6851.5034786891865	
4199.31048457543	4588.69325365027	
3330.2955025813176	3345.8164795828684	
3309.2291779759794	4144.068223228141	
2997.771313364534	3228.0207460983092	
3386.8783010177867	3979.108381157774	
3093.4253273756535	3298.3245363594333	
2976.73332128004	3307.296204408559	
3363.3222623517026	2912.9329348173187	
3246.794546304596	2563.497476246666	
3410.9400102025	3390.519964251307	
3494.262778393908	5837.491211623153	
3941.173231698872	7108.576335834123	
3851.2115778520774	7130.576732548553	
3265.528065192258	4653.222924768995	
4090.769342400214	6043.0803348586505	
3022.542826464641	3014.7774188775034	
4717.600149555601	8943.706648608748	
3968.283717295273	10379.673564535335	
3963.6770907918944	3792.041941007173	
3881.2169937165777	4684.113963970139	
4183.288800102146	7008.69120977484	
3578.2473562110026	7133.829697458886	
3598.032019567869	3946.0068677744375	
2911.677767025829	3407.4603016471583	
4505.442268273201	5606.04331165216	
4810.19258203322	8751.33924120989	
3900.0471993783913	4731.612072081733	
3713.0476281336473	4097.730025742765	
3956.6308582511783	5083.273663877139	
4510.262198683966	6677.362551889335	
2952.8951529487135	5654.964883112995	
3943.683712670998	9147.496392950829	
4475.637820448611	2510.729257756316	
3180.4990585062974	3093.032061094485	
4073.630853478142	5726.656924829145	
3232.429184574057	4913.4098978081265	
4395.15651886123	2784.785679490996	
3501.556815958562	3323.541860367043	
3944.489254933005	2672.2041920409692	
3725.04050510953	4510.785912013893	
3600.2379931237124	3293.2038395905092	
3409.716880351978	4184.990495495297	
4536.59520612788	5778.5517550249615	
3371.0536770990093	7054.029105181021	
4277.536588610407	6722.034066133786	
3489.827366123676	4808.3190999505605	
2820.511311270663	3420.953685654799	
2543.4868583806506	3030.135869842985	
3547.5846053514424	4681.484854856704	
3211.8602414969573	2516.374012976098	
3464.656965619561	3941.4606484084306	
3942.6789939575233	6617.218099301351	
3806.075931304823	5649.612008371397	
3477.4027548643217	3007.4083231979366	
3683.684220748434	4963.084488868403	
3633.848673838775	5259.415452175977	
4063.2958348688894	5238.545775242667	
2831.9547336510195	2998.769088495845	
3575.1484244755793	2729.1142798979804	
3852.345403609644	3381.06657042814	
3751.3313506761115	4333.9160736717195	
4267.550169069103	5204.59721416717	
3474.9389668482795	2496.3232542506944	
3675.9695147064854	4601.873919805501	
5230.37359089261	21792.51244351236	
4062.256827599588	5229.757494540454	
3800.719835706722	3924.0006158671213	
3869.882653586369	1958.163791410492	
3861.1778183674187	6271.411289687762	
3637.7053130491195	4124.657846146453	
3926.0252973315987	4180.163573160691	
4089.4695837784384	5769.0029729107855	
3614.1203296478507	5224.676637907749	
3461.1288280238714	4217.945253902613	
3696.0543824503925	3299.6516780019674	
3593.2441155008228	4417.794109608623	
3649.118522022392	5192.509965070164	
3593.2131779291713	4671.642546451157	
4282.424880513059	6693.88976017092	
3596.3755019815635	4129.976510554599	
4104.647550077217	4713.266411195077	
4545.733423379761	3507.6605042841234	
5300.203398600341	6944.780981424978	
3371.313875138386	4394.714241917924	
3621.417272467571	4630.812310757173	
3526.7788170112044	4935.466195555134	
3728.9724875528427	4055.9237715487684	
3745.255561774186	6912.76146495861	
3660.799216386809	3742.0671984527676	
4051.0201339647206	5717.46010661292	
4345.146950395642	8713.596848182597	
4175.519455525025	3186.721134213705	
4540.77149417448	7431.4741196810955	
3713.400416956443	3002.3719737218685	
3265.6871683628233	3126.7538527570637	
3690.083338205538	4445.535979806418	
3246.6700525404767	3236.431827923581	
3893.273719461912	3859.362111526171	
4699.943799087704	4529.810827300614	
4618.445042599362	5727.855496418229	
3528.566143179884	8125.409825501519	
3341.618678373641	3577.7150051379917	
4491.482091817916	7601.046558445909	
3804.0555895665048	5573.759777260565	
3565.233710286143	2968.100736746393	
3948.7042467463007	2551.8267598354246	
3385.559288976922	4987.993923869891	
3157.2411924393914	5142.535230067586	
3080.618979408754	2961.806043132847	
3543.475085631165	3909.366690513101	
4066.7158303091874	4474.527390490124	
3453.008498164467	13343.367506427665	
4869.361080901628	6408.561263030965	
5110.776096765258	6373.905898619583	
3024.662458231844	3801.63890181824	
3278.778921428461	4823.313796547096	
4364.019522898735	3225.8301819091266	
3866.5857621379555	3609.415334928579	
3092.7205021265454	3575.3427789567395	
3509.5647153801306	4155.522948920077	
4636.143688374706	7066.822216621524	
3530.749370676161	4912.063067984282	
3796.548367935678	6333.180845235235	
3956.7419765804193	4683.466096626252	
4255.278880958913	6048.216990646155	
4368.451934782424	7482.018118119639	
3961.1533619477545	6822.562363461379	
3639.4590306624195	4985.489641982925	
3401.2603622463685	6077.475704438528	
3309.288380509847	3182.3001523462412	
3166.867760474669	4417.494835601953	
3112.132924064337	3632.57772845121	
3248.885900602678	3963.593073475417	
3524.7926927272083	8078.910185390221	
4014.970036875754	3231.1018275235833	
3692.268250587547	4759.587090998746	
3074.931522646881	2954.257232406391	
3667.064136296505	3540.574505315916	
3158.953578761361	3191.049598206718	
3384.134611633721	4675.75491521466	
3654.505190117552	2832.5797362117532	
3156.469249603132	7503.50662074154	
4043.942994634185	3706.6808371454713	
4176.2959837188	4574.6345755821885	
4162.501747903139	5837.617908706939	
3298.653806595327	2593.0182885197387	
3398.8741228204217	3544.0919303503824	
4546.090746097433	6031.477808995391	
3523.379325682655	5082.828326477442	
3945.604110466285	5591.632701186345	
4115.89889252381	4429.404478291291	
4520.033832930986	10193.1622010176	
3838.002903571311	3543.1171785610168	
3635.243812950119	3833.4190131476566	
3743.059483746188	7778.923726822266	
3890.571330185094	4272.149005630133	
4773.265656451454	6500.978596323097	
3768.9677198050376	872.5241367970469	
4538.569956538316	6392.7503804516	
3812.328379712737	3296.5412428952204	
4336.489398864982	3478.162754701869	
3619.6939737991183	3937.898489173629	
2826.794926444604	4741.556264911123	
4456.981518935912	8334.488510375304	
3457.3928863107126	2916.4825399122765	
3716.7290018237354	4334.970436386457	
4862.161818171647	6713.669625402417	
3201.2843426451454	2847.336089830177	
3700.306938563577	3529.576514863363	
4144.230471767095	16141.080379622146	
4126.365562984281	7572.974658417879	
3255.89853764302	3672.947902203861	
3567.963938748127	6209.30583165395	
3521.940082368054	4631.715202274349	
4002.3321958579263	5000.718099443437	
3359.3298926569005	2600.0270170038093	
3814.864579490617	5515.7361854775645	
3470.5687793427414	3779.162907287039	
3682.7659330998213	3472.6124226019033	
4086.233213960811	5519.2177040064125	
3987.569704123981	5529.596445899365	
4097.6600639820745	6536.7080540271345	
3608.2702922837234	2760.9826728419653	
4218.952979604571	6961.022232687848	
3864.1286140119405	14639.955576505707	
3350.7968942433504	3801.8272177832678	
3118.7752819183315	2449.2167504303816	
4519.495727399142	2782.2001574453416	
3699.560811945529	3897.976265510778	
3714.440124378234	4805.401292405027	
3301.4740466859116	5312.065722757709	
3071.4983286112047	3252.2796989761105	
3108.692318194384	3390.208228853977	
3247.621547649439	4920.267262722949	
4205.621170470905	5861.463591896496	
4059.800568841141	5912.877571866293	
3743.136222283023	22447.3354928034	
3524.5092687927045	5078.422192631004	
3708.835622407968	1359.7606427255155	
3714.4129370228165	3487.664730462711	
3398.674985041937	1638.297921312747	
4057.7289437011714	5046.0483379683055	
3925.1215269453414	5479.954074487935	
3743.9788587398157	4177.416771294702	
3933.4639962622923	4662.097450390435	
4089.75661954947	4265.259244990519	
3274.9851988956484	3965.696392253177	
4005.6194169132464	3983.6485135533003	
3442.801444566517	3263.1671195849676	
3307.756992135434	3491.0956391822792	
4814.959251267166	10000.021813159407	
3792.8142618366833	4479.757210162469	
3632.292891884614	5392.778648485745	
3084.0575507909575	2002.3991996337677	
3752.322654677329	9012.654488914184	
4166.212303505562	4940.519159617798	
4131.560245033638	6236.553592782982	
3518.6386849183227	3360.7700975314683	
4810.888140646935	5589.487929371767	
3976.3068440197944	5864.427286105435	
4529.665246216237	5326.564621819035	
4499.2153703434215	13793.973036255678	
3142.0632584438645	10739.426003741764	
3165.154955645594	1999.1967752620703	
3105.4320083812026	3619.4281656368207	
3580.21323458959	5513.368188537551	
3140.383073994109	3935.7726649979722	
4071.704061130383	7163.364648353129	
3058.99907283936	3074.7322356095583	
2989.22482001342	2619.6047705354663	
3750.3357830361324	5085.987610480386	
3882.555896338895	4248.368386655065	
3632.576891835995	2418.069356915275	
3348.518544406765	2801.058226796781	
4610.547763456769	9725.262723500446	
3034.7176314708718	3731.7049957823906	
3627.72843982925	3724.604347900269	
3574.1819866983765	3841.095206926451	
4783.019806622699	6354.544217260823	
3021.9538667293123	4804.111673743638	
4144.829151314953	8588.939085905393	
3470.175102358199	4218.9702694808475	
3090.20748271213	3916.30106528544	
4165.3531918632625	4121.361289076436	
3904.033067928085	5019.673184778411	
4138.6317276033205	6237.697230017649	
3603.8256165530925	10889.236097926292	
3052.5666431793716	7879.074783588664	
3319.2618427028033	1351.6223313162527	
3787.4678541965045	4987.651515922182	
3240.339548069726	3122.0158645907873	
5029.098561395672	21470.16405250132	
3411.671359227688	8415.964327129792	
3811.288600606208	3040.573914720091	
4996.835472935968	5854.496804934503	
3928.335401612998	4868.635033394114	
3847.518490799208	4511.02522244128	
3602.8464486428343	6781.271624901167	
4917.214515208241	11204.853084610395	
4199.4204990610015	5518.981062603978	
3705.69337678953	4524.625438964032	
3577.1009988969063	5202.022536009577	
4516.762417289559	6198.7009260625155	
4436.200660624951	9669.952158323318	
3488.3160690015857	2972.267261382163	
3694.461564806764	3112.8433306949787	
4631.296937576605	2917.6417068731753	
4177.055551266876	5110.134846665975	
4219.559132754552	5125.194031710375	
4089.8920439338985	4507.299225094142	
3647.141818582442	5212.556114690635	
3704.290988298514	2705.42265517613	
3434.399241447302	4297.309080857129	
3713.5238250797415	2841.819126780964	
3138.8056812642353	6539.787478996494	
3722.7021221510186	1181.573238440981	
3758.650467227677	5079.483005324705	
3067.5953260900797	3902.3827823368756	
4199.881111563515	4677.04709427767	
3824.944388907313	5340.705370312791	
3220.08224633872	3443.5702394036107	
3525.3420380984835	4594.992238872014	
2844.5742977689256	2844.2572595070064	
4132.243054881426	8857.561125073182	
4078.613592862866	5925.82260025533	
3486.924978571508	2481.4023680220484	
3884.062288949924	2101.691264245051	
3506.3306174569125	3611.3445803451646	
3322.5999256875557	2444.4325802293283	
3623.949226312315	5215.7421028412255	
4069.832694494429	4859.471976976521	
3810.96806212784	7284.5541799929415	
3680.5896789863837	5389.743326266483	
3500.176201122984	4728.409366733686	
3147.5116543076924	2714.8571671637465	
3345.6992918942483	4622.199316275053	
3634.8816610794274	4766.05840854486	
4062.449207211904	7075.743536245508	
3035.4198187319957	4085.456385054571	
4022.266994501197	2127.9826748990004	
4230.320547735332	6145.453107834209	
3757.224631725131	4522.4762614889105	
3566.761435777773	7446.518111948221	
3739.034971178405	3304.1986761827543	
3312.447426301098	6063.608244806347	
3154.4832526320547	3415.1743668176564	
4080.7464693354555	4484.822857333038	
4403.559748039448	5874.817133807241	
3169.8224086792043	4289.166306744009	
3836.21539707351	4424.032529632038	
3826.2893677104594	4094.7201998523083	
3272.5740075403005	5044.026590456093	
4296.753818383144	4320.80522809213	
2807.295090219282	3347.085407220813	
4444.434775135569	6410.192380126359	
3438.1828354173326	5481.932005257057	
4077.4996383565967	4693.7904778180355	
5068.8010981835205	8919.037821546694	
4200.054492819094	9084.459301369974	
4526.356222360873	2457.2753467997604	
4142.6406424497845	5173.772736107452	
3478.3400780865536	2470.8454822144568	
4428.354844144797	2280.3393212786686	
4401.019783267372	4530.085623349988	
4098.849453143836	4867.392399796871	
4111.176133435149	2491.4892289680793	
3764.54053442567	5861.848304589168	
3632.52495654969	4454.666251109633	
3142.1711918098595	3412.6636792489176	
3801.1446071113646	4535.769540455724	
3642.182292191275	3416.6334426568787	
3366.0482684460094	1701.2234765160806	
4531.839102371471	6316.343904766091	
4377.891196039521	3738.260132131852	
3358.584598350688	3437.498757637218	
3843.5428442893926	3649.877939975365	
3692.898253807655	3922.6477875020796	
2987.7947989729623	4497.339445182968	
3911.9642103277874	6883.256051103527	
3558.1869423754315	2111.969714217093	
4212.359458535148	3776.988973121336	
3202.7652739804016	3723.8978015919233	
3425.5204629979867	3820.125048995819	
4504.151314671485	6480.627453807003	
3632.470348435557	2523.20288115482	
3915.411208989255	3165.211689119729	
3513.4781183613854	4165.5548414130235	
3959.641895247165	4908.176403180531	
4032.361894503781	4982.039690219638	
3864.305054486573	6006.273245800869	
4555.949842758438	7024.032607802159	
3364.344817668458	3070.8525584473286	
3391.741426360816	4528.790293838909	
4357.852233251245	4262.528983901803	
3609.034821879874	4332.796541482299	
4600.257865452466	3268.9352941657417	
3680.4462552740483	3908.213975123105	
4121.616509593697	7874.074253454803	
3799.3268786374088	5085.624314533679	
3501.64422962789	4434.736300406352	
3232.09021455353	5054.125058493456	
3754.4560894311353	3245.59639757903	
3715.4914711463052	4189.495218674613	
4362.298508581673	6986.177592830539	
4260.731576694843	3954.142944377251	
4295.180562852061	3957.2556102383464	
3919.6684194759437	4308.315099860606	
3473.2027235221663	2333.363972308881	
3132.9481834220464	2827.203642258771	
3837.2714984547797	4479.383662968668	
3956.530408907695	3152.6993872027206	
3326.010368374753	4548.641798202447	
3458.6700827110567	5621.335291564915	
4375.034660995481	3613.135500095437	
3481.8420308733353	5781.488742190105	
3048.259024800067	4150.0418858406265	
3115.9371427262067	4460.256646231883	
3352.204713591318	4233.81419435167	
3123.480131402628	3231.6024404477994	
3360.950330830234	3679.544133739464	
3521.1194294325305	4202.54761219873	
4184.0383970898965	6373.42800322657	
3329.515965038208	3617.04842917766	
3599.979927460265	3521.0135813667052	
3782.1703431767496	7865.515437922336	
3423.4937185299827	2592.54418833082	
3573.4573304067108	5004.295525414004	
