21.596968269418113	5.629753467004044	
21.78094568933002	5.054735743761978	
20.825179431655638	5.621681935293606	
21.048226526364004	6.0669160710699455	
20.063528135871017	6.7376862101096995	
20.91081554431	8.460338837313676	
19.72897590588855	7.6735340341020954	
21.155181276893618	8.965332776434364	
20.752855085674987	6.775085560835506	
20.587310383713547	5.761015877221352	
22.47857100615086	7.640471704282918	
21.256396500894887	7.332057115579452	
22.44374432073936	5.734603625972908	
19.118064625508488	6.240814630262937	
19.753923576454714	5.945832098596298	
19.409550845638346	6.460771374559838	
18.96290600523262	6.052754070282426	
20.52360871295296	5.8863244677254265	
20.32809299434992	3.39204280835699	
19.984798477387294	4.731955813708663	
20.969019810599857	4.82760289594211	
19.139471855343533	5.442674785642469	
18.355318322103017	7.193659187583206	
18.636396215860284	5.358068421099969	
19.155729602022873	5.566275383196848	
19.58348430435904	6.121353054088469	
21.615348884474066	7.026324976505697	
20.61468073010557	5.261180514066757	
21.270107013257576	5.697967471246732	
20.887307353366875	5.943371706369687	
21.482355675373505	4.982230216487653	
19.026606688117564	6.975832865352426	
21.743193856901254	5.4011406337342756	
19.98066548270451	6.919168145075454	
19.777420354707687	5.593861802739271	
22.49132826356217	4.819364671596328	
20.77419103911783	6.224679696414788	
21.216016497370486	8.73114485023551	
21.749850396019127	7.1516583932077555	
19.910422615437184	6.458524747891521	
20.653213389374102	5.739683285117162	
17.734323433934385	4.485441035165148	
19.55983338602126	4.376684348643377	
18.75206276258562	5.533024980129213	
18.86588565613156	6.9828817308633875	
17.838636804377057	5.943021637888607	
18.212527014680727	6.037767558413906	
19.302494319253253	5.9798937667178285	
19.317799824462433	4.92848935814522	
20.720878288125853	4.913850680669611	
22.077213473350906	5.813540944541061	
20.359610035225284	6.8719329534104645	
20.893696031839077	7.73031345133984	
20.612327333465668	7.071447799148653	
17.768226751807806	5.10738104636857	
18.579068681580203	5.15135059359942	
20.146903394727964	5.784096013027172	
15.672648775246259	6.585879449281301	
18.09721326445534	5.416119911596082	
19.01359293783768	6.106584473047283	
19.358020028019542	6.465008793707744	
16.79430694777489	5.950126843810975	
18.45731364386598	5.505312284733048	
19.809070706653742	4.814799890568713	
18.57609807944135	5.186238878730051	
17.287573966650303	6.7145081936410325	
17.28106055868411	7.138087944161888	
18.455062194753594	4.982044367646982	
18.16137404218461	6.845705699978898	
17.415585670797622	5.716337620596675	
18.765594212402213	4.650962604629285	
18.489307757313583	5.312415000310267	
18.266504886217636	5.756453674993997	
19.194931788455193	6.09964742744971	
17.50806364289929	7.2008824846031345	
18.008508988366536	4.785849235963369	
20.476905483356294	4.3741584583068605	
18.959030333234242	9.105696078212462	
19.509553425004192	5.6233215446603255	
18.345724474815686	4.687459796456442	
18.188032149351642	6.559629717292787	
18.423587461863363	5.06572997592494	
17.663470113353636	5.9781309698526	
18.0682483544582	5.701066794528525	
18.743351976837367	5.365439293302237	
19.260706302531762	5.941493623291713	
19.774648617103725	5.202845757978928	
17.57399054546476	5.791944134004668	
18.788556048311847	5.579990844236086	
18.534094189636125	6.075624660197248	
19.022541021183226	5.40604292408238	
17.72006054824787	5.43490373839434	
17.83239960093243	5.3268986357908235	
18.659938763222232	6.524884568033523	
21.255447447256742	5.584741075464094	
17.86088116200335	7.590869605356841	
21.373535842591288	6.867383792462519	
22.22083666524939	5.364373293628087	
24.45549308376281	6.869193094845398	
22.10318012937571	6.957651723099902	
22.699080630668227	8.246280535445448	
23.900940926060986	7.142359773734776	
21.995752431768995	5.438620109481949	
20.693497143689427	9.011924367519995	
19.929803897005144	6.808044793740618	
21.177961253705888	5.457520802347857	
19.070979782557217	5.677321426209193	
18.75129284383532	5.286150191257356	
19.335436753436202	6.667557649476591	
21.51787612114839	5.1447043676382735	
19.848908992980324	6.601110704811627	
20.115587408824542	6.8848973981468	
20.36374708187637	4.092554140203579	
20.744546952079457	6.752880166839909	
21.793577143515563	5.895752286413243	
19.63032781197609	6.156934521673081	
19.137392450991502	4.420928257597027	
21.047127306374644	6.027820040756444	
19.132009601524373	7.187124779625786	
22.61466963559491	4.707495310067391	
20.134154244876868	5.2909386005262204	
20.52921809079325	6.853768968845793	
20.340737124994142	5.972294755458786	
20.44581891088459	6.252882290430769	
19.654819981631373	6.712839857136222	
21.661300175384852	4.787110799215415	
19.413492407140364	6.6799318298453745	
20.048829335178617	6.5887692749515505	
21.781938035002362	6.727854088684422	
19.832848083521984	5.47761314002964	
17.699969343822627	5.379738535834838	
20.275105256522476	7.36468222466229	
19.223822877532765	5.29068131387317	
21.226070468882934	6.588855302666585	
19.76809832363441	6.619288195843647	
20.43426982685599	6.245093794992427	
19.191441613691342	7.608179038129358	
18.37082185428868	5.428391113250039	
16.401963113016965	5.612464058095408	
20.46859245376182	6.672937790146597	
19.550632046963237	6.392634999619263	
18.90910587178459	5.458623268553011	
19.41250216406431	5.354578462150406	
19.747481709505035	6.828856407415655	
21.07503038881494	6.654719553244101	
18.725550241489223	6.107647999903472	
19.47946547627367	6.579269095065623	
20.14212257230732	5.738505903706461	
19.526348505146427	4.963198451685837	
20.14122899404345	4.79756598542016	
21.055295819828594	5.2599238280601	
20.382408849302458	4.524788724255604	
19.234450978724347	4.566565939936533	
21.070533693531026	6.2729249637699	
20.323531042259077	5.004542309151368	
20.706211585486777	7.02002490002951	
21.35990559467598	4.882240693530384	
18.976370017464216	6.41245245540667	
21.57349964830884	7.451816045740225	
23.03110045881112	8.325507260770305	
23.16843383045889	6.595065974970681	
18.465528603560443	9.401810382564129	
20.823353678655504	5.925354143597438	
20.874030796270986	6.319488315264768	
20.068845002238977	8.173643438116105	
21.32628792366672	7.80980080541946	
19.563499512597428	6.245283592497458	
22.140054860323108	3.5363422322660965	
20.286207956127395	7.709250736651844	
20.39882044224756	6.581441773711924	
20.250891148146568	5.740198735761528	
21.50805985822762	6.4768585220139565	
22.364620391976175	4.50901929654819	
18.997086761003054	6.44724406143262	
18.967775213406796	5.51277736824247	
18.43375631522517	5.502441318569566	
19.884848784389863	5.097708360375952	
19.576005469784253	6.396364067774744	
18.825384625355827	6.231654413353391	
18.56899701248824	5.411782263605179	
17.621818427812986	5.3966652634858745	
18.553094018689023	4.48134508619327	
17.996795702759123	6.973816812070411	
20.52813013046584	5.10978584165207	
20.09069134019754	8.221373122860546	
19.776352966506938	4.065452769433182	
19.031983621597696	5.69136987098871	
21.178121337568356	6.858949135087659	
18.3429473403415	6.173717896540627	
19.686026708313726	6.417508757708017	
18.415486637624408	6.07765422199509	
19.0600749417355	5.618666397740023	
21.811664444784924	3.692425069622378	
18.80461024885871	5.816817156996161	
20.588804629477675	4.73678648886596	
20.31073598518726	6.210818765409453	
20.612667311980086	5.767832288932932	
18.443817966990007	6.7623019352725775	
19.862018997029104	6.048815466796904	
19.75561184305609	7.185455405928194	
19.52731096878221	4.4789932437818925	
21.03020134454522	6.153398235200631	
19.780410817988223	6.6715710214100925	
20.816199732124545	6.856728750759954	
22.462783524546012	5.9125163586304215	
19.949587931092726	4.676714531673246	
20.608807860151558	6.024854749181396	
17.714942520569743	5.941059230805393	
20.608847206375156	4.4869829964250805	
19.807271565619928	5.292482907437621	
19.002991487671814	6.7868927762099185	
19.14186554702675	8.71619372170924	
22.186368258675852	5.915930270376138	
19.834593664820556	5.754871293740948	
20.996608838172655	7.760494666273571	
21.149994082879683	7.442622535617159	
24.59255606630923	6.008806405642148	
22.772462714607506	6.8855316985653605	
20.524675000193774	8.184827941887347	
20.7355998249207	7.127680827519563	
21.86521682628831	6.954302330674076	
20.383450571641113	6.530907958668396	
19.58104775553902	7.009951032240575	
22.42424085517565	5.457589497947019	
20.781522794719987	7.056351305237856	
22.80323744332277	8.026696105950602	
20.123069727447167	6.078909457758328	
20.74591400127705	5.057023382063231	
20.220876945995894	7.212176147642693	
22.47562003116836	6.029378251436557	
20.58982763455336	5.442425362580954	
21.000579896291118	7.47570915917851	
20.722218499259697	5.8582163985648705	
18.65580056974706	6.954246026286965	
20.50358107493083	6.5288791695214154	
21.577945529397148	6.640557734055723	
20.601334328986706	6.487956075860009	
20.730058815604323	7.210858160536609	
19.53579474964823	7.005319026259801	
23.156442364791477	4.37881051288216	
21.08395402917337	5.735262373891034	
20.810580467216717	4.979536841740149	
19.99319547914976	6.67489880838116	
18.00965817869007	6.318975892219235	
19.06206889767214	5.522658919521132	
22.079218360170742	5.453176296727243	
18.72117696221335	6.646261649317986	
20.058121809301742	6.071355965895324	
18.62978175818505	6.967276915839894	
18.55069891058289	6.539253205298401	
20.352380857517428	6.79740296426668	
19.46340834862498	6.291247759468935	
19.75908287921067	7.405303474765701	
20.61363061331784	5.631710575991898	
19.473348583360373	6.2983316263369	
21.30727488577006	6.1022433461680485	
20.514162961593787	6.68878777129602	
20.802616120284046	6.221131689202375	
19.712287596687496	7.972522337517192	
22.043525481114425	5.785252889469533	
20.31741371447348	7.033861199397775	
20.65572014811498	7.10156605965183	
21.27500725383247	6.465182724954559	
19.955677700830556	8.371102520529586	
22.103278548858885	5.894801520438468	
19.854507222778945	7.7208747935087425	
20.24187655040762	7.32777633790329	
21.113306470370993	5.578675956425958	
19.37597531317087	6.793109292951238	
21.36174925653525	7.86788574778162	
23.159941809594603	5.553424339888396	
20.125619671256285	7.445548356259912	
21.89572057945991	6.268988420848531	
23.200369764753503	5.806310474462398	
23.357610209256425	7.396775073878468	
23.712640170118974	5.539027121800974	
22.15215208851368	6.90044717902752	
22.20206582897878	7.29637347773905	
21.74242418620538	7.171876772705048	
19.415484540728297	7.410367898856545	
20.995634348747206	6.780922760527399	
20.86258186483512	7.06067464623899	
19.771921828821586	5.978661974611044	
22.533994398924396	5.902239061711872	
22.72047598978757	7.012151754903556	
19.625173527008897	8.715087631899129	
21.51492061211346	7.232888923675551	
19.864216209744026	6.823710093495081	
22.059585182946265	7.213001310853081	
23.997422804678802	3.8981552163223943	
19.971709024197516	5.737088019637269	
20.0560259280139	5.724756673317084	
19.880258964254274	6.955346165863238	
20.976327985700667	8.551158468775634	
22.340675467318047	6.389794397439381	
21.434276179312608	4.760800777750086	
23.689950319646137	5.907844626012374	
20.48898121722512	8.646185117931168	
24.65750176337275	5.978018800903085	
21.254573445511088	6.675142572340868	
24.3475562805694	7.818240213582857	
22.190955999072365	6.369343189790813	
23.6799339979315	6.334428485903474	
25.911528426650545	5.529755494596574	
24.641590666010483	7.277568264434918	
23.352272006743814	6.5640246936771325	
22.191897195169894	7.9357894642061	
22.202350169282667	6.452293815277651	
22.462604837459708	8.031523010428158	
21.351330196308623	6.302779763264456	
22.09611741289864	6.613463517125713	
21.526705863283084	7.917988492536964	
22.2322511872214	5.015820144027071	
21.4505420079523	5.283074627463686	
21.290956263404293	6.691767128421544	
21.511780150450406	6.039605365458253	
20.492533656217525	5.834734553191542	
19.894858311206782	6.8758371934379525	
19.431812413015855	8.741986481184972	
19.886133058929218	7.226173866645036	
18.920249749345857	7.881730700806943	
19.869477078781557	6.833179203771523	
22.70428330280078	6.8841378239540445	
19.94971548436385	7.27460164976786	
21.34102340641455	6.679007157000367	
19.9778811093026	5.693076143311101	
21.90400277797427	7.159283052924979	
22.122792233948967	7.359263576701625	
19.874691399358085	8.307750681631498	
21.36713522165697	7.8836876990545575	
22.489963597780125	7.749071295473074	
21.867882434814867	6.034495574301477	
22.210225388892084	6.786264068334225	
19.45553137643629	6.28040933547834	
22.469145131853576	6.932553690994901	
20.77945451060369	8.045468555107911	
22.90886300312373	6.127516143106657	
21.357039536579766	7.159987228927943	
21.32375060021596	6.060922306924908	
21.600684257515837	5.773384272021075	
20.97785459587567	5.937624581380786	
20.22645991129148	7.574925315599239	
19.651491668070243	5.7678361062390655	
19.918319160953544	8.169743411942857	
21.829368041157696	6.014244574775589	
18.11058854955873	6.532033664631679	
18.645907183238098	5.864264591751288	
21.871628626793182	5.954686063410349	
20.22616935443382	6.377260004992782	
19.61911524108553	7.92440489230857	
18.643126551195675	7.174213457966723	
18.17608482383599	7.329146549419554	
20.213424547372217	7.0664232783188385	
18.3677985995487	5.930418412787313	
22.890424571174112	5.831406959882965	
20.071637090804895	5.674574081329931	
20.69561432783902	6.428468211860357	
19.89583389755769	5.8346479882523585	
19.636952092074953	6.728885281674104	
23.05274740295547	6.191820558195316	
19.69405878177357	6.103039416997709	
23.187984495084223	5.177272631712738	
19.74613640990199	5.618695231014875	
19.948575029116316	7.311960723407927	
20.129620603300207	8.17519441131229	
21.970063213597058	5.0633718093356785	
19.535364546101476	5.914057839250411	
21.468980134398446	6.270784585811008	
21.576797736498268	4.759746348585145	
21.014631084388192	5.668578507844417	
21.254957625589043	5.924862422438723	
21.57942065366009	5.351480043887541	
19.419538404377732	6.8764312465971535	
20.394256780836955	6.022250159241022	
20.963831011015394	6.357877334188054	
19.37023994200588	6.521162599596219	
22.578452688952698	4.618034465170364	
21.31436451082941	6.4872186365730675	
21.859659412093034	6.29095990829892	
20.05943434664731	7.358889306727413	
21.61297862784836	7.0960100404424455	
21.955125259482656	5.557272838115096	
22.99581783431388	5.012378654409632	
22.073197001955275	6.2406055619627345	
20.334308415188936	6.544562368409171	
21.901159108045245	9.351440356539507	
22.120068424303103	6.759107377177984	
17.95925157368436	6.071482055592919	
19.533664469673724	8.635201164006475	
20.78122693481483	5.037561566922736	
19.95850319083033	7.4001330811906625	
21.968911406422986	6.463948575993773	
20.759408443024963	6.947996552708821	
19.568319515029895	8.428306692672221	
19.315499257078937	7.377686856919559	
21.899667901683742	4.969282840841593	
20.646384703167012	6.918511905086632	
19.73685544320663	6.124776699628189	
19.34484572474961	7.487944335506172	
21.250242770867278	8.209284310230995	
17.71462646717107	8.585052529277934	
19.981378021733835	5.999624374647444	
20.928412162777388	5.972707200179605	
23.02133427352747	5.402856183324762	
21.470274349457366	6.530869636991681	
20.56401376652643	7.693455494109966	
23.019874945548313	6.465646754311209	
22.28674502093515	6.8698924701513775	
19.240358387016446	9.316679719736548	
21.237209804247673	7.062937352312864	
21.09681033373028	5.93203755176238	
20.941706439616418	7.048295039177686	
21.787001402367892	5.868713974606002	
21.82639743750635	7.879469470389284	
21.42394829766635	6.531510089928752	
22.825824037167987	5.851610256998275	
20.572807199612328	7.37754352843588	
23.565707404505996	5.972342103645997	
19.813138603103177	6.450699918282507	
20.402919114001847	5.692141641858022	
19.81101183869809	6.974981055379802	
19.61415938796918	7.506612494390867	
20.877825067905896	8.764556025806844	
21.29423779852054	6.105940759535695	
20.88943658888453	7.613205421806651	
20.79221162640225	6.394685515936861	
21.793123219347397	7.476109632725053	
21.77172770928633	5.7735256103363755	
21.205309226435684	6.418767876444557	
22.00035061467383	5.626421463571494	
23.62302908169557	5.2022324733500405	
21.126915439089725	6.124205438839752	
20.512463881296842	6.675459303805865	
20.35239146609464	6.568132084115423	
19.98795860815397	6.062448471443106	
19.71831597842746	6.526534390971074	
20.437973449718204	6.908151380592152	
