18.335231275299574	14.38044500896902	
18.284932502769628	13.901716415075528	
17.57195498229317	13.315434097693712	
19.738907811671602	11.517458081454576	
18.73277792412974	10.755302843675716	
18.829390191545873	11.09089375071743	
19.624114345955483	17.57956915447194	
18.699778946491268	11.950863006164733	
20.28135673929246	14.78282463222167	
21.820203137833506	14.653732727516177	
20.196478734683428	12.590826591981468	
21.41555874245384	10.836979376740695	
18.773383427019315	12.447584803902425	
18.498984284891797	13.475118058377516	
18.961129851786076	12.007610614546914	
20.56497531744137	12.029881985827318	
19.009207521286232	12.655206899774843	
20.0705995764822	14.221464654912783	
19.05023373586861	12.05010675301958	
20.009738829792507	13.00654336152277	
20.968644578974928	10.300496193585733	
21.08666364631104	12.512720603931687	
21.082518790563757	13.08926076052225	
20.56122113621387	13.190874506147068	
17.55061378459547	14.315639417618527	
16.98083620340812	12.050608183370892	
17.30794321879622	15.566653886554153	
17.43045820594904	11.876245515652274	
18.645060075933458	14.201491335951973	
17.75888429316437	13.126324114005357	
17.47396592852355	12.050065866100875	
16.42678806838973	12.431731823010935	
18.243636966154522	10.829633578003989	
17.053913806600903	13.09071304025662	
19.418416610454955	10.827423109632294	
17.53873147377811	12.459882929482792	
18.890075883168425	11.180648986198621	
17.141598611825966	12.976583571700438	
17.783366198821284	12.382749586375912	
18.075015764473616	8.965267211725791	
16.42608025410159	16.158554100424222	
17.331231951521794	14.854399931136781	
16.688387441445638	12.208703002199922	
17.620048742027873	10.262668237889773	
18.550893871289638	10.302866409236412	
18.698999217785968	14.883686776650503	
18.216302972506213	9.407662157571874	
17.595270774683865	10.941391519126242	
17.465044686814366	10.289689599384136	
16.759337717984458	13.604121909096278	
18.498918279966535	12.32155684734737	
20.023780032831475	10.471498476659976	
18.685785301179454	12.05045531160653	
19.51077618346899	13.129082792102377	
18.92615849758023	10.203663602716007	
18.816718993486326	10.97537924042677	
19.59898210766575	11.813496662069213	
17.50985628807182	11.043751678257532	
17.17426214348698	11.900372619290819	
16.2373872424402	12.336107145077248	
18.759897689265294	9.371760033331567	
19.98110060022071	20.3421405122206	
19.883912887793834	13.220020632534744	
18.138564247865883	12.805539163862417	
19.049371608110153	12.185621504221293	
17.338561221769176	13.079120470419898	
17.241061125013758	10.718148940108565	
17.41036172796127	10.947309545050805	
18.04123503202593	11.854405171018085	
16.43151543220875	11.870458855413103	
16.981507953581094	16.335563038793687	
17.39235354974087	13.044925089323018	
16.977577920141794	11.968923896606068	
17.777397751744743	11.98126867749603	
16.54529295440976	12.0452589469478	
18.179488415910324	13.171002196741771	
17.218039520755035	12.970116334225306	
16.641873652931203	13.999286706491803	
19.736863921071457	14.031977830039498	
20.93379941459983	11.854089666286258	
20.373724933749607	10.330646816177978	
20.008018157599334	12.595126177979788	
16.733838256989376	14.899070534980428	
17.340108519084257	16.608020577891228	
18.536686302947682	13.361570290920985	
19.900731287879108	11.712883721903266	
20.326978229085334	11.313117456898423	
19.887653977884895	10.663039866293587	
18.70099488207511	10.731767988554251	
19.372124206654213	12.247249822606046	
20.724637476142902	11.844546575696377	
19.28778117455952	12.090162998446868	
20.46869956591093	15.838031025314802	
19.94347916558826	14.31468268164919	
18.57737888248929	12.807845278915995	
17.53328355897252	15.059350324877203	
18.39472478943659	12.107792349935629	
18.09381389408181	11.686230831861296	
18.31242152039589	12.956864059284237	
18.602342992824465	14.441119429402375	
18.511769750977894	13.448025022785059	
20.394858853122265	12.184110422733845	
19.427044394497514	13.128463574968732	
17.509525365687107	11.817091642220342	
20.437940409846558	10.268189553365188	
18.847619094857414	13.635043901024778	
18.08689048697086	14.313953198989697	
18.372862512341914	12.470836305020143	
18.538284246041126	12.015458614562474	
19.529858711820474	17.806652495106984	
18.595533372336952	15.848336772065213	
20.695553791684198	16.235131224475694	
18.895340595949353	14.605810856978211	
20.08246367047243	12.920760219356621	
17.06652435101083	14.080434543437644	
17.682285642606992	13.502840147562127	
18.418475278980175	10.176989339094277	
18.984843176216245	12.64311005485717	
17.944609289039484	17.402052827329793	
17.926181215143004	13.574249898058332	
17.25210663709091	12.320296252208587	
18.80887537997582	13.632835914362094	
18.62145000429721	11.517856338805624	
20.47587572335943	12.075525472235563	
17.842312648231918	14.142521863081814	
18.920176405023184	13.448337823311892	
19.568111649222864	12.217456340685215	
18.87335360731298	16.074295887659318	
19.20877137407908	14.465497939412206	
19.154825488272305	13.519083487801643	
19.245419137986516	14.737568142058896	
19.121450544809022	14.51533461261203	
18.630832160692073	11.375877068252946	
20.260454843237753	11.069589279056409	
19.117959624570467	14.612107389992028	
20.956040162202378	13.67721577812965	
19.093849769019286	12.394548912625273	
19.128394787036434	13.490655062359748	
17.09883917317827	11.744783674590106	
19.717035818726295	8.528041894183621	
21.571113699339993	13.88544148002723	
20.534784423031077	13.439657012211198	
19.662367331798986	18.20909442983215	
21.315982696380352	14.670822273968698	
20.886041975136845	12.085059941323733	
20.10811334202233	14.302741122180619	
19.161346186903522	16.72504582505562	
20.328989299947743	13.829589905222647	
20.28727221890612	11.901446088518298	
19.44454113453354	15.879022199177543	
19.382560493095813	11.026824551350737	
19.025445323985455	12.565221611426278	
19.02957392115731	16.293870265196638	
19.512720038632555	13.056393462023633	
20.074751196817243	15.055232008978933	
19.619483698353505	15.622665020304934	
20.078571943750106	9.977439722624913	
18.637380851596404	11.64616178946211	
19.145498519525503	13.587432210642223	
21.623013728860244	8.591265297614338	
20.43968680573941	11.749434899877643	
19.169043182845396	15.944772758268046	
19.074893864941366	14.200568238279754	
19.285115488882546	12.496575555941162	
20.11409819484924	10.270573551333364	
19.94570489927221	10.235915655055253	
18.640633146916684	14.500574223328709	
20.64161833262002	13.968612403602322	
21.01754363113444	13.612972394521229	
19.6773213800473	10.84178099884133	
19.26601088605256	10.480914327183754	
19.3873712332541	15.635101693807256	
18.390302371867328	12.403149050329436	
18.15980102078641	14.879924529548273	
18.800242028256836	14.059400213524789	
18.676370452747612	11.123602441983817	
18.77558559982742	13.111641823733269	
20.824618290757652	17.330373588664273	
21.535299454456744	10.650876394791899	
18.641571584958744	14.30433766425482	
18.805798336524546	13.001024696096353	
20.847814988546805	11.902302880456991	
19.751726967531933	12.316107581450282	
19.59525031193261	13.680478767055371	
18.648458081790213	10.130202608482643	
18.833706013527802	13.378287969706834	
17.90651871356492	11.720381138288115	
20.45678584686961	11.667320054236205	
20.33370882890412	16.557202625493083	
22.68592736376956	15.712737238847346	
19.81169961131227	15.316964003806959	
18.309213541981325	11.918158552307613	
18.457109438498986	12.439350962956173	
18.923753950747425	18.46635425457281	
19.756763882422437	12.15685983785088	
19.173963981754287	11.921738408815123	
17.520121510443676	11.524257225639023	
19.310835065124323	14.513023125385738	
19.312376611751294	12.70451808887235	
19.05262371056672	12.413042596313112	
19.022005747458117	13.416261756681674	
19.925710226114134	11.793012334290601	
20.021496329619968	12.475228123764406	
17.911375048136613	11.969467425071254	
21.13998169781568	11.611875781880679	
20.41868616577065	12.49304595335534	
20.254942313884413	21.87257631716814	
21.82864297989374	8.97426035451839	
20.69111883321424	12.710229789050688	
21.957093191975037	14.908204914761011	
20.95934906523562	14.097850563614534	
20.915852913305635	13.701531272955442	
20.251810417802748	16.237601237830667	
21.21080118604022	16.143982644205828	
23.355811341371542	10.868108134497573	
19.702475954411685	13.054963961476831	
19.339428264980334	16.05994145349284	
19.452076088051808	12.83872257479646	
19.209975419790243	12.868825673011008	
18.417611192754276	14.754133842595508	
19.952595129210543	12.806676787517892	
20.93478447535853	15.950803098947759	
19.78353873911829	12.26207422525379	
19.364796065162817	17.07832860200745	
20.36358469677385	12.78660218098836	
21.19395963831286	10.877202859415453	
21.12571923954368	16.296642571128263	
20.02761262061511	11.25060918192286	
18.489702832441207	14.885526513144773	
20.850880966626292	16.428840895343203	
18.960212773037394	12.699282411001027	
19.59687994018214	16.32449891526842	
21.061164562093946	14.052466104900333	
20.238043570194964	18.70191537033165	
19.622673713005486	13.941497530159193	
17.492215942974397	13.294474018392442	
19.131353462908166	17.20301403714598	
19.020241640529786	13.41389769338234	
17.951053365160572	9.699830020925686	
20.249594222679942	10.82661384629493	
18.651298016885896	12.953407642771015	
19.08970715750519	11.030091586687842	
19.013501296273336	13.26386464249976	
18.42073672102711	11.250352107019587	
21.779261540618773	12.996609566270902	
20.977020533694176	14.058184095764698	
20.350401955666392	10.27431244707614	
19.861893061189708	12.068326245686844	
19.95224299620995	15.118418705057842	
18.447253976348435	12.623945395682437	
18.413208593980958	9.580468970658465	
19.061970294318762	12.69442894894796	
18.408607442651466	13.848290147542258	
18.201814613918504	12.249097857635563	
19.145954996389992	13.202531227743748	
19.099440278102648	12.621613583481032	
19.408093178058206	11.953515947806013	
20.137465520185156	11.90896759181322	
18.67376124887736	12.705092357083808	
18.41207320778102	14.267781241813442	
19.653209840642997	13.434263969954916	
18.021143031167966	16.10164218383456	
19.051340420868744	12.954654594711505	
17.61062237913903	18.40277217834786	
19.8798119305395	11.454967200141592	
20.04970991721399	12.06704192432479	
18.204723069824013	10.710923338135196	
18.894939165596163	11.536643389281283	
16.42525688173127	11.869322874038295	
15.41871374782342	11.150206295010962	
17.422781119943256	15.227008942855239	
19.722055064422342	14.343707322057876	
20.88026523550303	12.168716537327903	
17.658792541649813	15.1149355233382	
18.898199565519572	17.953548857008027	
17.585953934960497	10.831859552363593	
18.844179861755066	12.229079038211863	
17.246575605513954	13.914082845217928	
17.067256323880468	16.429528439201338	
17.62545922554158	13.673847781658349	
18.524592028477496	11.86163681261596	
17.725120297691625	12.800212260595343	
19.24158894533394	13.44490445087975	
18.950840716339485	13.13100714928365	
18.642335511798585	14.711493322613139	
18.995741765538682	14.852607170730602	
18.351486368568498	13.936050503108767	
18.018593770497887	17.336062532946954	
18.253102997994997	12.291937441173612	
19.00128087015742	17.265275910805595	
17.627918063951725	13.186151308326082	
18.026295773576862	12.381205620746304	
16.147796580062906	10.910520799896098	
18.84502727400715	14.67045232696153	
18.845790204500126	14.201713212872614	
19.452091335203473	14.154997257854246	
19.896975349873546	13.551759643234595	
20.393759301122934	15.868882582833617	
20.724575649516318	14.437995991451835	
20.041565181810665	15.15194657931748	
18.02463169336083	11.807757505705073	
18.669576986012153	13.478214070630308	
18.847311447396418	13.495285309892687	
21.480777489015434	12.216040810588895	
20.570238568416496	11.855279051999915	
18.01333266949047	12.475560282203762	
18.211429617230117	15.19269862686637	
20.001641203951106	16.12743309488659	
19.33333535880835	12.287607662438685	
20.647491793695306	16.606820423948957	
18.840300874628788	13.327409104949455	
18.01065577060584	13.303925329699466	
19.594281307442344	9.049582921164744	
18.294400950561723	11.662430785983771	
18.974222993332106	11.215517169031566	
18.748537707548884	10.568022063600521	
17.709767931535783	11.231993842878438	
17.85637388710464	13.282706025152303	
18.42780844067522	9.360130584877455	
19.078794684520645	13.829019436402122	
19.61082784930609	17.06224972433759	
19.61158970307789	14.79349744332479	
20.416420798548863	14.760355322661718	
19.683411313959287	13.642695144140255	
20.87311473083939	15.88014155638114	
21.226444873844166	15.518674855480985	
23.695407147515038	7.44865806545925	
20.714248129769906	12.635514349618344	
17.618341290949516	12.967513569475315	
20.307733698496705	9.827719030984985	
18.85023552241626	16.38999860338357	
19.70763772279787	13.471656254564323	
18.94820450354026	11.936574305441813	
20.273711458259108	16.90278750625588	
20.43448657186757	12.053809927204282	
20.04296304214704	10.957259803433466	
20.67003835608408	13.68316871597116	
20.308203300042067	11.60483719495775	
18.38829868919402	11.59144727302902	
17.17535062918999	12.577208984690767	
17.58930598887914	16.77873622151727	
17.41844427380948	13.330776401668674	
18.70229806587214	10.904928305035794	
16.349138098414493	14.48997633997187	
19.43089146005253	14.073094329476403	
18.401034233578727	14.567767423058667	
17.964836931897956	13.913983811730038	
17.981600540396396	11.5795324669855	
18.321856693246204	10.631290762545664	
17.956895915429058	11.52203672833217	
17.734916481702253	11.742618717868933	
18.493374646414868	14.652400434738173	
19.56575982560655	9.759720936178235	
18.44912461684725	15.415291105568285	
19.25282439290604	13.512890818796697	
18.373959070440318	13.346718660627525	
17.70810831100109	10.76903279198694	
16.829364410556458	13.639705824017163	
16.718717286197453	14.236515665856318	
16.127510053480044	16.839138853290866	
18.340124727891748	13.947846662089244	
15.292238405071368	19.04006447682218	
18.44320444734585	13.99789163625115	
18.618049519041538	12.318363612770835	
18.24937790570886	13.857532089209545	
16.95523711412858	12.620839428620666	
15.851367798630976	12.446817147459452	
18.041165874604832	12.13669888718036	
17.95647272683698	10.62061305241825	
18.19866585063138	10.630631947132551	
16.435484214060686	13.45686881776268	
20.347192024551468	10.96212094525242	
19.755016027313637	14.082489755172515	
18.24489748261712	11.979496935757261	
18.332321762611933	13.6468707403893	
17.792958697154663	11.013843909825567	
17.91900656861589	12.129283205731852	
20.34252137574953	12.69461777003228	
17.27514765606471	12.25243105682382	
19.428292179588993	10.960267742576818	
17.060397520308573	12.239573497009335	
17.662451126713794	13.55399131387954	
18.242857202260346	14.988834181565577	
21.596894722272438	13.664099910856784	
20.040486973700098	11.053024488825054	
19.898377606032803	15.121277656888555	
18.77388061132672	13.299175239356744	
19.23874287003585	11.838466565660683	
16.446096262205103	14.303514858773363	
19.153592362105773	9.899939076798937	
18.883692218757243	14.138887850559913	
19.420967495812405	10.194277280697648	
18.202524994793794	13.583009259347222	
19.416028515847636	11.497704309184483	
17.62755110464126	12.304649454329635	
19.94653446279365	13.055265197048215	
18.78771299471703	13.880350080586242	
20.3467642404225	10.808760388596072	
20.033215084428345	11.306298618154011	
19.795064448491008	13.348117938508924	
19.949718141891733	14.303936579961785	
20.62782378437293	12.793916849241599	
18.307318796283308	13.521294583212923	
19.72245992644258	11.512324860250434	
18.256038156574682	14.649946362678886	
20.612050589325396	8.213161543180648	
18.756264634406104	13.27434524647166	
19.13851022046051	16.918537781584586	
20.326896060136452	14.873472991088919	
20.267812958190003	17.78869409630241	
20.338606984681263	14.91507990697956	
19.70510142315677	10.17883702869242	
19.46329226714655	9.897390427034116	
18.362114026415036	12.596726505843982	
22.30816636065463	10.50986697376563	
21.246147381835065	11.16074892875139	
21.56780770724973	12.644524430250444	
19.09277989544191	14.896069582832473	
20.301001230398608	13.233234164417269	
21.981366054278084	12.55386982567387	
20.286897275459403	11.130821241501414	
18.957192007437545	14.410298480563416	
19.81001122992708	13.272019427484075	
19.782961913401714	14.476413835050508	
20.15449324449006	12.34005839241797	
20.161140136028393	14.261424547226962	
19.49829432551902	11.998437800357818	
19.302103716344376	11.571727978199743	
19.686949804684183	10.481579601715584	
19.421493639875973	11.698877320885417	
18.706653806720837	11.437360999603353	
19.818530915593456	14.604544124637783	
20.520679988880737	10.9067359917071	
22.58645405789729	14.608700548223363	
19.896804471164618	14.623711305367104	
19.480039560105556	14.233543579920854	
20.990178921195835	13.066180328034326	
