20.98486093677956	12.890295788138808	
19.342607165864603	11.394703069137048	
19.246281474719122	21.288132287060083	
20.90209977895462	11.327476250551356	
20.28292722721219	7.759665040398777	
20.46990016061616	11.294303248189246	
20.355976951959672	11.215605270121536	
19.709463290985212	16.053434287190996	
21.0911798443089	14.638703006132983	
21.349453192382168	13.227124388964242	
19.926505170108218	12.758023513381245	
18.829946785745506	11.516227363897267	
17.015519241883393	12.654878412444445	
18.460243336996875	12.022079337323209	
19.338942831185616	11.001997612765747	
16.905184061707523	11.540841760023563	
19.268050801537477	9.953501235935603	
20.679055309048024	12.057547438129896	
19.836154357772976	7.954608069565005	
19.427373914212215	11.043833799378316	
21.664571586097473	9.879694613667365	
21.40855477057644	13.979945468616734	
18.770714158821328	9.994224457178449	
21.41898843238357	10.34351205663615	
22.475218575834802	10.86256795993962	
21.097739120953893	9.984721175920221	
22.041899175805295	15.371636170867848	
21.06283037026042	20.860348624059355	
20.942455210584164	15.579465146727333	
19.12273656862168	18.933324585831883	
19.923422031261754	11.039706491273428	
19.288481833146633	14.99009453035608	
18.290374394156395	13.993104862738637	
20.077707223754544	10.940333959590726	
18.797999366722557	14.231463153143558	
16.891188633106598	13.181633892348463	
18.96615950748047	10.692473419129287	
19.63299859661542	10.860612769915205	
20.04226868906067	13.956169387246561	
18.450046576742928	10.77035191461119	
19.185722802935054	10.930531636738847	
18.312741927240843	9.54560708178278	
16.96146760207248	12.215236934756618	
17.132381916440057	8.284275640497386	
17.788656651139178	9.407929981323008	
18.889293733509014	14.184673564925092	
18.20566727287811	14.681333196799667	
18.86240129708852	14.156295059673253	
19.315734144488523	17.756268108220592	
20.627457605634415	16.958266173878318	
17.978601001149663	14.21170031645781	
18.90484904606068	11.740353881525365	
18.64713313518437	11.842705479929043	
19.950522313908174	14.922907496686415	
19.334902831325916	11.295366641325101	
20.147008784403408	13.564502457830962	
20.39682313640209	9.37206851658956	
19.934565155633514	19.867969527172157	
18.284859188709184	12.682433981854087	
19.399134406892067	12.730854061403642	
17.858778779891683	11.399860122072074	
17.298031635496603	21.86023168888343	
17.267561323339283	11.085001333760843	
19.904837345576002	12.408559592129437	
20.283018643706814	12.72583822549753	
18.269199069779994	14.445052041647159	
22.195795482029002	11.601331455824504	
20.80951133060566	16.878526709595562	
19.997874786690318	10.760388180755697	
19.412256172410768	14.596016573799188	
19.63458364807003	16.00729267018552	
19.85310779695096	13.271690320437518	
20.400974375538215	9.263746598509258	
20.824788643206553	7.5411359223153305	
18.496933258841324	12.249010427627008	
19.15816135648991	12.82770985599479	
19.88839105806858	8.244346943519124	
18.593653246865678	13.315673812598275	
18.58284956168695	12.20939425613183	
18.79242058286919	12.510837309847998	
19.67583371771085	9.926893552290222	
19.959199889526023	13.560045714558992	
18.68421663867627	12.830268083877884	
18.450239245803935	16.54747953279424	
19.590972898689778	14.026084501893477	
19.181034352786178	6.381276342583542	
18.541582864728397	12.701340359920366	
16.839771442311346	11.245891410273133	
17.965521136397115	11.229715432510575	
18.045094205272516	11.387400325338216	
19.571197436172067	17.993916579080647	
19.06098732574247	8.799809459825878	
19.97778129982358	19.532840172218016	
19.062946603864315	8.678009886084595	
19.030616106167066	10.650886930516048	
17.99151029872576	19.12990933769928	
19.50164270688531	5.126442458621312	
19.55418011001761	12.240785334802654	
19.33187548674704	10.687667481315541	
20.773336037518806	11.814339514704248	
21.73746692441845	13.663634718921672	
19.046607870922237	7.277484709137115	
18.400214985770482	12.37050761184234	
19.535942006994652	10.896259935283524	
18.918785778294637	17.31250409761357	
18.229640206040227	11.610799428062688	
19.582141739309435	14.262637776246658	
19.41523616352358	7.413777276209539	
18.18721924522984	15.906980723590012	
20.35504820248794	12.308710914773007	
19.3483727980796	10.582282429328622	
21.22258139305408	9.044865287854485	
18.16019547878178	9.37026772202147	
18.291856223946002	12.31396967602024	
18.187797093516867	13.776625169265756	
18.018142252177732	16.94660071016397	
20.083471510728383	12.474213783925844	
20.624339371988217	7.221379662669726	
20.233226359414942	11.479358826565276	
18.160745547302227	15.219974894484388	
19.90933760266093	10.490180556040011	
19.24553399626535	9.458738725052651	
20.452886554163396	13.361194331299455	
20.054605233057472	13.57365943809755	
18.417994591835953	10.450408222486267	
18.77742341168958	11.385652995493809	
20.600050860766647	11.705274173782218	
20.072861028578032	15.814631624517075	
18.824137624118357	10.018842644341827	
19.546391609312185	12.787075985312123	
19.38483494464862	8.890162076099438	
19.706633853468837	20.12222273830159	
22.910194969016565	23.829817608800948	
20.46086843284839	13.335694427896097	
20.324323638540868	9.629980895132483	
20.461665029003274	12.428703264513928	
21.242071479177017	13.859342256416257	
20.47057521938553	11.366703010695186	
19.26185730150527	13.53647137178318	
18.16983976887438	14.410683317468598	
18.973062869651507	10.866173809797905	
19.72353721513378	9.489045230488726	
19.320255471652096	9.345791656229888	
19.051591939013278	13.667216755975213	
19.501223847915718	17.545525737047665	
20.29170925044916	11.365883405794122	
19.864176917857808	7.597917347091022	
20.198857379559243	14.874380263565255	
20.70773733804544	12.638583979873138	
22.483403682170984	12.046682346240647	
19.122713389759646	15.001698944039127	
20.6719404780224	22.097055389711326	
20.600697490153042	13.05495017504491	
21.963504633772448	12.115569408323966	
21.15103856343137	14.48428266187233	
21.314112580141533	12.746355011728266	
20.32908404153708	10.253928820342718	
18.80549019992007	17.257683138550863	
18.325941809601563	8.492384944148474	
18.560204593901993	12.854198605174288	
20.127904811849213	13.609382021506267	
17.433023634697136	17.391499574050023	
18.31487662854251	8.33040461245116	
19.092357326419332	15.453860179997779	
17.797421160995828	12.533753228806505	
19.672202744674372	15.687685645296707	
18.235246462253563	6.865123546315867	
17.770868427196362	13.814221262007585	
18.507850469402754	3.504405818820949	
18.353432781157274	8.917075754423047	
16.376301818700572	15.805166966051171	
18.60830760747156	13.76824016346811	
17.308306605038997	10.482723491798158	
19.190271649720078	10.154647603262946	
18.9160526485363	10.831123207967106	
19.168363440693813	9.100230501564603	
19.043579242161137	13.133780692870447	
18.869407311772896	10.392575019664951	
20.83852369319789	13.857747940139195	
19.023302273288937	8.631008202621508	
18.470800758664662	12.572656134443818	
17.905778527322198	11.752451231983084	
16.873299589822786	9.006096329438442	
18.61481493459335	11.509938275678977	
17.911236550050205	11.644233119932354	
18.993643774191042	16.051910914030373	
18.595572444545667	9.701777151797883	
20.14003155804638	11.377596556000583	
18.188578760429234	16.274750808346926	
18.441165762888183	9.976951890797991	
18.07121922698877	12.77843567403926	
17.901305080370616	7.050512077030471	
18.90785102860235	11.972804969128914	
21.294624172095848	14.943004871643295	
19.659329526008673	14.851122540955814	
20.64817435216673	17.653190305692487	
19.425178320981907	13.634120474254793	
19.723215885604052	11.998317812518632	
19.875987700008313	18.60557346311008	
18.548431450571535	10.331745767138175	
18.678935335880954	12.654653403162266	
19.169218561900884	8.21880835321177	
19.07881133443475	14.835789226657145	
17.953227076942053	9.602726610409855	
17.21180395196435	13.111753475295645	
18.736100353123454	10.298343792238356	
17.057647591001615	10.69734586781123	
17.81848736483064	14.875824820406615	
17.47711472606477	13.094608830964887	
17.97232766340624	15.630784074855967	
17.21632829396743	10.94631033709973	
18.103717226504727	14.80704698776642	
20.571630591815925	16.44705982131773	
20.695580788820852	13.99783826300988	
18.259073628868954	12.524517956195503	
19.528934372481654	8.999556439271075	
19.413876277599652	9.264421323457238	
19.33002224747383	17.002237504777373	
17.613628931288233	13.475391645604104	
18.174418310198565	11.404133017453116	
18.726795871133213	14.8451791562583	
17.36865572298426	9.620648414436069	
20.06076703794761	11.593739194540168	
20.9222725438647	14.764290518715972	
20.02198189243975	10.420879757381599	
20.399008876400426	14.288731553469376	
18.7543991843975	10.368790064236869	
19.903511829294708	10.131981543383622	
19.3604425078407	9.341490511434692	
19.104149893772004	8.955266387994953	
18.62998673528232	16.62899324350844	
20.19409107358339	8.394616166116586	
18.729309829410212	12.824779557900957	
19.859316352630845	14.918500066631147	
18.410426152653486	15.334180732498822	
19.586195590944442	17.659716298816605	
19.150116804736648	11.993406012611512	
19.860775552342336	15.326250055992709	
20.53351943572656	9.089165637667659	
19.389498153225095	16.548693637098545	
19.06079024451431	15.534211368850658	
19.36687861616644	12.81081146696589	
20.52354702680191	10.269191472359424	
19.825871483128157	21.355062111795327	
20.74302515558907	19.212782939524025	
21.29208249481947	20.10311353800062	
21.518820795945345	10.553791806395107	
19.946103783816483	17.825559058877378	
19.01603522957734	8.010487456202638	
18.697211371238055	9.608175776569482	
18.040065050904577	9.641945148979831	
17.876727499418852	19.71802316425457	
19.24878513908448	12.89606875144931	
21.879139514917508	10.887458423585622	
18.99540697649457	14.950494281394862	
18.955214212680872	8.48338249150244	
20.162085462396437	9.427143419987084	
18.974271439380622	10.97238857680586	
18.667619859444905	14.309421189122778	
19.167561019188103	9.267176006503846	
19.974229926870578	9.96410857277233	
19.457991112467028	8.085841932428824	
19.936170759054725	12.754013570923558	
20.522584530544385	9.050968139170548	
18.598491880957408	10.548977570555342	
19.343995184101246	11.190050318441894	
18.93828189699988	6.8156242778993015	
19.670034427440598	16.20103629146944	
19.578913497679245	11.412735031786088	
19.977165947939117	11.873014399100398	
18.390836549468446	9.359923747280595	
18.70400599618428	9.762300312123408	
16.78855719404399	13.782549813689808	
18.82758776392542	8.666015608270975	
19.085157251219005	10.260326068533972	
18.182044809191872	12.051361238016797	
19.589913533029524	10.803990980822832	
17.630637561932883	30.3034101416906	
20.683833034379145	10.80137352675509	
18.401771709475412	9.2065981196742	
20.894447715683313	9.490367199756069	
19.44041715737157	10.93467741052203	
20.58245513117576	13.118073993297385	
19.59299589655351	9.621495664033965	
18.722480860794118	11.133530962773474	
22.0209127062435	13.935025463779525	
21.31134338171875	10.553782148771365	
20.06323704523529	13.581189016793669	
18.874890783351415	15.188785011638782	
19.40386399795387	10.662144536063305	
19.41239059029328	12.320208466341771	
18.339319109183204	14.555566825425819	
19.290328923607966	17.295408215265144	
18.454480978031214	12.551190557048754	
18.643739648496528	12.700764030974199	
19.08850933037841	10.590838179820702	
18.38384294927118	14.381536328971704	
19.388962356081652	8.36621514454792	
19.024472656217796	11.322923706640541	
19.030058011245913	13.048347678743008	
20.972224843592304	15.977481928220428	
18.2861959926605	12.927018524776472	
19.41768223330865	8.810040974940444	
19.397840285616248	18.739724908750024	
19.79387378275633	16.280078262478217	
19.61665808192608	16.54673875905916	
19.308399306956918	12.103084945014352	
19.05117813963893	13.745094394091652	
18.462104050584518	16.584242040934583	
18.962402719663153	12.944114587915141	
21.282126771884364	11.999556020944983	
18.4601958635936	9.00133358268306	
19.044974266123642	11.572656076078932	
18.979230156002313	14.2432283834985	
19.520525220183206	9.273712570118734	
18.688086433023766	12.184104333530433	
19.065299890973645	15.96802478126475	
20.04695788661252	10.993426665089247	
19.52646524161793	11.08731722733978	
19.950623911803522	9.02753868242031	
18.34414476085919	10.384657799370958	
18.08716600143368	6.795336523753302	
16.90141812828476	18.57091400553606	
18.137448311285908	11.156000629685366	
18.79930651394504	13.29422995406468	
20.162972394758583	12.13840086831805	
17.700403780695908	11.102576308295268	
20.338229729053506	14.80128326996398	
17.964900528040648	8.463813415754734	
20.61498861179547	12.586928861995787	
18.680316058101383	14.660362103313483	
18.9696734906776	13.680834603628526	
18.237426403072973	16.597070623195506	
20.57310675265675	13.030362678438113	
22.49087857361485	14.02115155930037	
20.474595877985706	19.26231226227924	
20.862820058737356	13.173366362351544	
21.561833010381104	12.80190559865933	
20.790693483171385	13.489361202563247	
21.520496653714222	12.589709476103085	
21.63956164121021	14.32148237139871	
16.84402722736271	10.102699745756562	
19.71689591430575	14.143010467417987	
19.126462393433584	10.409695956304807	
20.995182278834704	12.021848309118681	
19.936710526816405	11.499713824713382	
19.700412886990588	10.269664456412974	
18.263510471774847	9.119964102090213	
17.780901359286904	14.071617391969145	
19.31425403563549	11.790277858403973	
20.04717223495879	11.18182198893577	
19.356882575653604	10.942197097476788	
18.77765140077937	9.2036901320438	
17.232718722924414	8.296259894182517	
19.100190358303223	8.658945701906786	
16.946380612625088	10.120022335759895	
19.30819043587043	8.742787219453858	
18.78281015456105	12.445656793630532	
17.50961800893594	11.500829926166054	
19.02300290703372	14.400884880387583	
17.996561516035648	12.075712638682282	
18.87407379956435	11.670750066533426	
18.630125558622115	9.371151518872573	
19.616414190477837	10.994407647467401	
17.145029878519598	15.037523300456161	
18.322302263632782	16.18671788452508	
17.874733628079472	11.255743255922537	
19.15766204124795	8.76418375039302	
19.86900830579096	10.470765346832863	
17.964281851443808	18.349464764682757	
18.7109857220949	18.27257277513464	
18.874268887271967	11.543718554350903	
19.544713743607613	9.617203724948078	
17.99196382216383	14.230636596228438	
20.315498822106843	14.341817255420521	
20.346692997969246	15.591241045840539	
21.038590842337893	10.875445365878887	
19.66661875579222	10.49073767340252	
21.746526011698197	9.805298133691464	
18.096105296105375	11.364022331045819	
20.16861132580611	10.715338801551349	
19.75509085346065	15.148423915973478	
19.597452049516022	6.464075860436142	
21.62330597753468	8.821484356469409	
22.373321129598153	12.858819194036592	
20.501491895306547	11.44201437308361	
19.53327614434935	9.566535189505364	
21.814782259994473	14.3033443474669	
21.15050451790776	9.160655789027002	
19.050706889137338	11.714984218104043	
18.905456889277946	12.986659362993185	
18.813990854002757	11.554369163560162	
17.63026459703538	9.69116026389374	
19.29622922951858	11.302525127682186	
18.794658042173577	14.632788580538252	
17.89265038497132	15.923956087389874	
21.850965054520998	6.473345543921471	
19.430048776131283	10.933430784197428	
17.636743855945966	15.416285579672657	
20.842139294575475	11.247174697973527	
19.990916601452202	11.314554562326855	
18.124461743208773	14.670237364353637	
19.297942667614898	11.732937249790568	
21.1331745886614	6.901143897960478	
23.30965639548259	10.97370752111588	
20.944720347002708	13.145428276691124	
20.962941220494457	11.165028690509475	
19.796711606373467	15.08834296893263	
18.0628399074126	8.416183038668725	
19.47695358388852	12.935695917191214	
17.264291138490794	11.626077720915148	
20.534348338786508	18.98568375600367	
21.18879335115137	12.279231003259477	
20.444701447680686	14.942112801589012	
21.194775386398643	12.212005946305664	
21.345428792754543	11.917016589833569	
19.852518648662176	14.417276280040163	
19.88267686675599	15.00894649856837	
19.986039239393467	11.25761900450272	
19.26736258325872	12.96918242293642	
20.20665742445819	13.699456829835993	
21.18978664398306	9.915844277418532	
21.292239756683365	14.346165967901717	
20.49878443251094	10.920357203159828	
20.83881405912372	10.538228423184256	
21.00969155882055	9.57857976743098	
19.71568857880314	12.923234149724975	
18.326361048497233	7.256911989052447	
18.88923889130915	17.16376111684974	
21.902159172879173	16.056016384548606	
18.392899712020963	10.008092188876779	
19.95595550600299	10.582682143523826	
18.895751707433767	15.957947715464385	
18.554530578641515	15.98998897634585	
21.235680351074855	12.27674478028389	
19.64636462279775	11.949499896821354	
18.9372324962025	13.426033127218975	
