22.17549208987437	10.31185522881132	
24.288430132582288	9.25102397337541	
22.19837051086906	11.5190280815435	
23.381383966262	12.320199008880175	
21.61676954804819	11.139882355933823	
23.71702096862128	10.272243919889705	
23.001953044603216	12.928474302017683	
22.488616229007967	10.288099484508646	
24.635244995211995	10.94285548085207	
22.24011899197367	9.99798230702278	
23.308862975060173	8.056745426133082	
21.86612171146527	11.63099441791125	
21.231968139227014	12.03480607186807	
20.095683124073194	11.246082360650604	
21.861264737991206	11.222784758519598	
23.191638056581088	9.256964300565649	
20.701697478369972	8.846847198994427	
22.7439200022308	12.155667633419542	
21.053367916107604	11.95331488582605	
21.522277071615825	9.664237061062698	
21.619472208564936	10.612305941403193	
21.737421155641908	11.438296013892446	
20.809677635953427	13.022454562597844	
20.378884028096298	12.852874087491696	
20.772377030408716	9.982240687792725	
22.399085034636155	11.550141158820916	
22.234469626464325	12.458223132083091	
22.048814691478828	12.621445696270632	
24.237204610944147	9.006940883625557	
24.466842861070358	10.04692117702951	
23.104248334200967	12.183540877382681	
21.789625317381702	9.905079368807236	
22.89125195731077	10.442860029190115	
21.9156292986668	9.751996958889373	
23.05103677955073	11.457735107716477	
20.53292986374811	10.212322239434595	
19.877232315108902	10.533141351239562	
23.826433866391337	9.85075192027435	
22.439892784170738	9.25491959906815	
19.815243159578465	10.145776102043849	
22.411938111261158	8.986447151892516	
21.15820581233267	12.13388918920046	
22.499146053689213	12.017162793116734	
23.01853632691064	13.152999177120742	
21.316567189060322	10.171701303948684	
21.00596904251038	9.045352148237276	
23.955942139368602	11.731546852414086	
22.969447831720903	10.294300027147866	
21.264561581453552	11.092941481705363	
22.718370137278647	10.297458146066655	
20.34932780247129	9.557803904822311	
21.283475967971658	11.367456960778828	
20.64093194722687	8.35508667597459	
20.768778785389607	11.480119500615917	
25.33464912806688	11.059965979406867	
23.734239314883187	13.56690954974488	
24.02517724736438	16.95657633189208	
24.89698908624698	10.589069002187218	
23.319834052988845	13.708015234586194	
22.93426871821712	11.585130215901364	
23.94775729733182	11.354648063033203	
24.352871394960598	12.021444430899516	
22.15586087278764	12.255918402612641	
22.334415924144363	13.596605467549391	
23.29187866549887	10.766983967739	
21.97083563689621	9.948263549573896	
23.501462313711684	10.07328188233542	
21.329462213876205	13.441997001815796	
22.91858339195095	17.482562431332497	
23.32496490633057	14.56110978006046	
24.348381873241234	12.657324273331321	
23.595968211425994	11.637882807958633	
22.31721767767426	10.023980119621474	
23.411054769977415	11.517140058580749	
22.640728699793115	13.462074937808577	
24.439968348152238	14.662528123203632	
24.0916284474309	11.32989078754365	
25.808856141408164	12.780210764214711	
24.322741119726615	13.548230573963519	
27.378987347515864	9.847928037709828	
24.804715662775635	9.328476078415893	
26.392137485706964	11.741199916271068	
25.74165516525647	13.20754931020276	
23.486087040427254	13.041755766283847	
21.541660605053202	12.653935224489487	
23.125547807098993	11.798468284221494	
25.01992568196038	9.7827071254466	
21.837383444872437	9.866848526200911	
23.45126834589443	11.378578491459086	
23.325613867186643	10.329451543538275	
25.257468323928453	11.305839549309574	
23.38916129511751	13.732034993456281	
23.689767840413307	11.74339547788255	
23.563157123280554	11.303876402982944	
23.47081594371043	12.800054910963798	
20.937405585224795	13.124160149250967	
23.776695163086107	9.900536171528325	
23.557449714567706	12.716624004016408	
24.57585983503275	12.382468082630117	
21.137704548614256	13.106154289462403	
22.3762430812928	13.941850996576314	
23.195117756017936	7.705379401148618	
22.354421021897387	13.95572693092822	
24.061288729858223	16.34682604367909	
23.130315127235225	13.807921654178992	
23.947981304545884	11.528645295158531	
23.033662393641574	11.59086649644497	
25.767467755980338	9.775483096562779	
26.163319045068974	14.585593553024543	
24.077619885479205	13.991756967363836	
22.115006824826203	9.588723752402116	
22.922841055509675	12.087191709957994	
23.43770668508854	12.677640450391339	
23.162480827928814	11.312647586040878	
23.13065009201546	15.373103961198137	
21.889863410256964	10.028757607043053	
21.59654568229839	8.152024325177717	
21.915500369528587	10.722214299317036	
23.017646058069328	12.12198239051844	
22.54416306227308	10.734313519792957	
22.139540938283737	10.390262238392737	
22.287268716555865	13.73766093420443	
21.084804825651364	14.022753804922392	
23.508313490228257	13.350913778772663	
24.933947326270722	11.821506465506868	
22.437464983418874	8.810813139868587	
22.256335975115004	11.184285272109939	
22.89885380446679	9.128742420500377	
21.44083161353868	9.392738663265565	
22.40837275846866	10.712830328406435	
22.57485124764849	11.899455049743326	
24.10257573745802	12.08084645007952	
22.18858779126416	10.100123797305217	
21.869802714240713	12.753996167386957	
23.84143891806617	11.818151122009699	
24.997951784214916	12.006526083327659	
26.623317168489162	17.146592183697454	
26.235240329233505	19.936336781033166	
28.29819041807992	14.683126478686003	
24.546219547997744	15.319970377139857	
23.010806234453927	12.43492976569795	
22.946335049715604	9.261333481488544	
24.04529777281644	10.603729128084666	
22.857363394559528	12.988002892307914	
22.035408533174273	16.65100947799104	
23.1726755798659	13.035843608285463	
23.456357302685593	12.652389665313708	
21.500112775565952	8.799695700859269	
22.849474170455203	14.65571770340256	
24.196405696336523	11.037839326013172	
22.469578208052948	12.91068112570848	
24.285341554698494	11.568275703329533	
25.36704174328641	10.467755639922485	
27.199640629407337	12.172878521549165	
24.483517740643922	10.664052173181547	
22.231671951455706	10.768819018403379	
24.184982766543147	14.253177275204353	
24.11773771468365	11.08314760363778	
26.740456211411413	11.495682203660223	
24.886685052336396	13.63709808869844	
22.63209698124142	9.36962491299474	
23.020401775366565	12.790858207484797	
22.550419247250396	11.949225795350472	
24.948119406550898	9.420197662197083	
23.715219279918493	11.456833993024144	
22.19561135715917	9.35456805906593	
24.40340804027555	7.426367128605919	
23.42247848490594	11.428937808753789	
23.408893877664642	11.808031598882284	
22.142597283730034	10.412474005473296	
23.28657429552264	8.169207042621384	
21.462023145878337	11.638758098492731	
22.59163497128647	10.334592497821282	
22.020605965436644	12.724133678188455	
22.008733309249717	14.20614389373654	
21.046302882820765	9.882142625503128	
22.812145174269443	9.296229216725719	
24.155519205995137	10.213387668363785	
24.827075456507327	13.29211481988802	
24.24915564812309	11.128813928392363	
25.014192512782362	12.266621630256198	
24.17367407383656	11.264048950768705	
23.717407737117455	12.58301985324274	
26.161520991946517	11.544106341577878	
25.610934125255888	17.191794281677186	
25.618840216786538	9.755017312409814	
24.660021969707305	10.913311288772345	
26.898681459786054	11.283648338045923	
23.905253233478746	13.066420795125188	
24.359316630757576	11.774129164235555	
22.71469347196145	13.567598913232523	
22.737031508292112	13.063738771381315	
21.541533227450902	11.911569267005937	
19.8330380143651	11.321933617859202	
20.906654641624836	8.367790254217915	
24.785222471902586	7.33053173880802	
20.97300077528869	11.872096564884687	
23.305199687574188	10.647208785784253	
22.903367363564286	8.972182814569024	
24.528260500779712	8.513143249984436	
22.564656687358966	12.219765427224493	
24.60474463330791	10.724619380020027	
23.4719155418128	10.810914579336282	
21.43450160876429	15.394802331439061	
22.084617561434886	11.838483377180374	
21.642932718437226	11.655689768920682	
23.08705660622577	13.012581746685422	
29.080357239908157	7.8737613689579	
23.276781332144022	9.875033036948734	
24.540407772954996	14.504213591016924	
23.275129632189902	13.5004549945861	
23.36343644574416	11.236299822492082	
26.114892499128416	9.628836993854954	
23.66710499312368	12.797208731586599	
25.981579885186672	19.07211870188568	
24.400899249323334	12.299784712357146	
23.0934297478066	11.485804124796921	
20.752303824347536	11.207219315749212	
22.64965173568071	10.506867125628402	
24.063140993242843	10.485039840500374	
23.07792944635738	10.069158023837316	
23.78762424977758	9.99419232263332	
24.986606287479617	10.792230486610855	
23.561550657922478	17.14291000332847	
25.80884537165379	11.50541489072801	
22.158557455738695	10.807139640407291	
20.72589061045967	9.226818309318222	
22.302822927605618	13.245979031643751	
20.575172754373707	12.159298532497564	
20.568052907116254	11.328040277935232	
20.68512321027216	12.159570077211944	
23.314315444888976	11.601139297546627	
20.837320166731544	12.311323431059014	
22.71363391032858	12.116065158938659	
22.011823449350963	10.60593369559695	
22.090409991847817	9.032305005549631	
22.432071154858914	15.009454291946284	
23.45999280826209	10.648674521190655	
26.175563843164397	9.5712047663446	
23.96109725090791	13.057932133067474	
24.40049503038066	13.834795715151676	
24.115933302158986	14.89588443646645	
24.629349073523972	11.6731891895623	
23.1951366094278	9.974682482265687	
25.2046024896234	10.444993943314167	
24.274821419762795	10.761512812388995	
22.389013579053657	12.146374982276004	
25.338988134199994	9.32596461855992	
23.11371077804258	11.990497315627984	
25.227338438206576	16.700418094511438	
22.839766669982378	14.752070449539971	
25.652860235337027	12.114186114873473	
22.58639466504272	13.838311832307182	
22.746409443364136	11.575198772300515	
26.006576410121056	10.607812938868834	
24.34092004302996	11.820418104565164	
24.275435478738384	11.667584815857737	
21.99697277132406	13.455401121361698	
23.086649831579745	11.086026116839204	
22.55148165879905	12.564072469973665	
21.00147189834694	15.998888196960808	
23.351898823472713	10.790711322524373	
22.079641496788046	9.98631160781028	
22.70458897837834	11.977463001601913	
21.134259968776536	10.012680636196622	
22.15419473473657	11.299958065159084	
22.27674274834489	12.411303495969243	
22.004098609764295	14.055841652868743	
24.260814151404208	10.773061994032853	
22.848156682476997	10.47470567858176	
22.84158097939524	12.193300623116802	
22.931123865268503	12.949454083364268	
23.72572552137908	12.608975907566254	
22.953983132469574	15.028990890143554	
24.44998007975397	13.06811756017603	
22.597960007746117	13.636624703706932	
23.527573666436645	11.450882448639288	
24.185759325829874	10.41198815924457	
24.213316025628867	12.409175841111846	
23.406522573438917	14.4957081860914	
23.072753175942264	15.953318537662929	
24.311455626031048	10.010818647190456	
20.979181636646107	9.702488106957905	
20.66218782688486	11.943153504392283	
21.303379737035012	11.300103298568233	
22.80306521664784	12.968826899894019	
21.043117426644983	14.865314161615334	
26.11826144742429	13.085943003581132	
23.448011676568253	11.66407787265797	
23.37837180402243	12.591189576275411	
23.35798104378923	11.632422015387526	
21.073724126031298	11.101585798978752	
21.94307419355742	14.866880043206544	
24.675282500762112	10.552658078414037	
24.2116250083353	13.10037944151006	
23.40800335624095	13.363495711310971	
22.458392007076412	11.472239071188696	
24.70178772355241	10.813457718472742	
24.07991320190519	13.806923647552416	
22.628096026349105	11.177707593311771	
21.91396028176017	14.554761276059546	
22.878676290443536	10.936282511911223	
22.753968421668237	10.81947835358351	
26.926239700528217	13.968802577571122	
25.674141608240724	14.389551458178534	
22.91189910215287	14.218918711965346	
23.770388842706346	11.525677414074103	
24.140035607156527	11.140046987843865	
25.934825600001417	11.02904386160787	
24.8608584825689	16.701166275433156	
22.698383177413348	11.4974203949913	
25.339655412538534	16.818179804391136	
22.86358839878257	15.071645202119399	
23.847762830254176	11.197844433114625	
24.527777390773807	12.425770128023316	
25.77776456987236	12.161005266373385	
23.917299374061116	10.632961760643314	
23.209672955226267	11.815952157258847	
22.85458457926066	10.052607554242305	
24.144599090865874	9.918112716086394	
22.44597658801719	13.339493215467558	
22.58124635148759	10.976715520255286	
21.232311483887198	10.31546927328775	
23.015550648458454	12.34911150280259	
22.819997414212946	8.988083275084982	
21.468600059935348	10.177310398342645	
21.11941379826436	11.81007382237837	
22.078436068141272	13.640565694028997	
23.096058217320913	11.290973211554489	
25.992637423370518	7.5763775442684915	
23.671081656689584	10.362357731151647	
24.022685848956677	11.91972978500653	
25.640428015895942	12.094267784201579	
26.144069571251325	12.389596122009465	
24.416424421461187	14.204279633724248	
23.17018407721424	13.520630781696182	
24.03584895320466	12.448740018568602	
24.955721019127935	12.764065983135946	
22.57892253295576	14.176267338287204	
26.31090996585664	9.96566933621476	
25.18912877832032	12.399589917655886	
23.76004226521047	15.248429905307486	
23.17966525280037	10.344833810359129	
22.2974902562603	11.645866423476548	
21.963709785854324	12.594826785499382	
21.80589117539919	10.438416674156267	
23.278357990109626	11.39044721319454	
21.318521514718576	11.040904511915512	
24.843793722819168	8.645662773896062	
24.09736068705157	12.773292681293668	
20.683384016455555	9.404903232563088	
20.944940922023864	10.640349047330666	
23.470016871163637	11.512235529264744	
23.878409663261227	13.511792154245805	
23.801378163247563	12.360762791308556	
22.282404887279085	14.764220272295194	
25.633055273500894	8.595085287290814	
23.54648423281125	10.111556817086973	
24.278908686619026	8.328512657334608	
22.767136167215217	11.45853294805853	
22.208987459004156	12.015377724531492	
23.7728831269961	11.191360734829889	
23.21453912195054	10.504821479824708	
20.653009090779186	11.139743782125002	
24.081616630233494	11.994827070775635	
23.458228057296257	13.289311319324776	
24.038260538708677	13.90089453722258	
28.84239757403241	12.333298651284169	
26.105667315589695	10.715756572619659	
27.264602414685644	13.71996127577303	
23.536375108761295	12.078197924137337	
22.064159941383615	10.551284868898007	
24.857724295707143	9.040198167584363	
24.928287222795955	8.253680341690782	
25.692322086784944	10.209302495785469	
21.225003663766685	10.612554148656159	
24.427777941897645	13.54499698578887	
22.431764501013628	11.12694733271797	
21.083189694690383	8.783087498184665	
20.37489333514684	12.300182174346936	
20.824004768364112	10.120509134599674	
20.007901874243988	10.443670291417419	
22.58425569929435	11.096554482335957	
23.96283011608175	10.124983614946272	
21.884369356987495	11.046622732893471	
22.13093105591365	8.000294968176664	
21.904262480531493	15.47255858143737	
22.906867430563768	13.364368132833238	
24.670005305162384	9.970689308506923	
22.387233885047255	11.42243364452408	
24.34401292874286	10.843784335842464	
25.731624498284564	13.358658965502238	
24.559500478110696	10.158720933913568	
24.719877015457993	19.276094872649736	
25.253621674859023	12.483174817903574	
26.045222580315293	10.605152060478062	
23.154406356364515	10.048282839919638	
21.29492103981957	10.820461416483882	
21.442918715055956	11.42441298352256	
23.569822871627157	10.06838998294394	
25.894854908903692	13.096987920354614	
21.962226712325187	12.954513039018474	
24.51286487797109	10.524326864162392	
23.762667905135242	11.602452916675334	
21.5045833245837	11.70489610770262	
22.377861126660857	9.156036940370607	
22.401002038094813	9.470030749297274	
20.621939956887342	11.51097424372341	
22.55338886319152	14.314617425332619	
22.458327921068157	10.171373907618975	
22.151141601168376	13.8404690145506	
22.591916046585503	8.892370399383685	
22.860460901486174	12.084364425435295	
23.823993268218562	7.544592216073245	
21.589811281778996	13.881497715871848	
24.250309442489673	9.584087344276238	
21.880460393454992	12.186044849280043	
22.472905447365175	12.377970842131033	
22.328476084730543	10.750840915619007	
22.784909486576787	12.39346463732387	
20.470507670321048	12.379416103856366	
20.47196609277156	9.715864251082794	
21.857148448838842	12.265981292420065	
21.90705289892828	11.610346254833749	
20.713080367898566	13.164574516913232	
20.65839361617005	8.905121719831998	
20.287792058581697	10.714085999526514	
22.905348368258615	13.18448840104916	
22.404978277302735	11.996392000985367	
24.14281171717822	12.56942343318212	
22.32926456238221	12.7609171864483	
21.20573658365334	13.1360674257732	
22.401146503859866	10.495173844145171	
22.65765880941821	11.264663072148986	
24.127868510040223	11.351091575763128	
23.071442044172358	8.697851330259665	
19.883767375551617	10.812665451560465	
