21.221439636835274	7.348228731673264	
22.232630444872953	11.152811657050943	
20.86574276275081	11.372321990063341	
22.01013353256347	11.189246820248098	
20.662532645892316	8.659600826810015	
21.809832534427134	11.459748356425758	
21.591280722253543	14.02936711568049	
20.992106015944408	9.9772467345667	
22.708323225975775	11.166776111692013	
20.740237472150184	9.096865187598555	
21.378714893755525	7.826050727360576	
20.793275302149514	10.675816667630356	
20.209975481030277	11.513245180185635	
19.24871326988034	9.673164181247932	
20.708271326574824	9.395115340006607	
21.358626151262545	8.985643831155096	
19.42891119871174	7.678398421099018	
21.926649871313508	8.403818099970007	
19.521124810354493	13.616097629926596	
19.828312303717063	10.373409310895632	
20.66151227240768	7.882329312432072	
20.542115641899414	10.718718361494842	
20.118931482428792	11.034757838689687	
20.061532282464135	9.156883561498434	
19.600476367508655	8.661126291145345	
21.325760649937372	9.679852892533003	
20.843044413084293	13.694141732809777	
21.114527022330815	10.662051475746141	
22.163250110717055	9.764349561494871	
22.268146365207752	13.722890309327822	
21.970355641830587	10.695371241307473	
20.180031020752107	10.254873561442245	
21.651515888227113	8.326439506392044	
20.040819913238636	12.09353122624997	
21.761991969455245	10.459109333534117	
18.96170342883642	10.933831501789413	
18.78842481344324	9.874353068856186	
21.49237147953767	13.15296948593394	
20.700339846909685	9.455876341696575	
18.261968564604356	11.549396013892098	
19.294820034598352	18.80001675135477	
19.940015154503243	12.49789926651332	
21.287673129294642	11.177158881264605	
21.692149051500287	13.79111416472963	
20.472795788571556	7.133982499103673	
19.669260581305437	8.162237495584462	
22.720911370866503	9.261342028575513	
21.142554958875696	11.036737722775538	
20.450206548526328	8.450543746062577	
20.283236020281873	15.660888236227166	
18.910160456418765	9.477964237372504	
20.269180653867807	10.113506706598779	
19.37734960905321	6.596013724128632	
20.12903070410508	8.648342429997838	
23.312488912411	13.371659246649633	
22.292473665412405	16.14065024664253	
23.663132235882266	12.211524660162858	
22.99920940400832	14.07045467949234	
22.089363634323593	14.718329448743173	
21.41236690677027	12.386026066486153	
22.950005179962805	7.960314255371385	
22.722452167035136	12.973812877913575	
21.30403856935954	9.740320436724442	
21.319297933417907	13.211993102576098	
21.76057047336818	10.617012882637773	
20.37092050778313	10.325576019109358	
21.262760225967583	13.723246222661725	
20.54879168301759	11.959379461121985	
23.265384807498364	7.637012155787043	
22.309500715026562	14.286138010874325	
22.989477113108325	11.647301262852993	
22.664503667768525	7.997800186291571	
20.98500422398282	9.022075771479027	
21.613103595457684	13.717043531793177	
21.816308183234085	10.510845253188169	
23.45884121558671	12.978825593602181	
22.627780099520134	11.148120205401357	
24.26231414630554	12.547045817154656	
23.288962592499512	11.533287327920048	
24.607475791300725	14.776258546372734	
22.518287425644942	13.664420367867526	
24.701507979550886	12.174273001733631	
24.814621438037566	8.912072860176508	
22.64898022804237	10.265007757641811	
20.22718595870728	13.81562273541936	
22.165146116944353	7.627521521431958	
23.813128566682796	7.1145355769928615	
20.371921548116894	9.346296825649876	
21.731133567692613	12.506009777942513	
21.395302325519175	13.422876268151867	
23.545226089317215	10.60677056815355	
22.16477931943156	13.788336093977025	
21.987113089145467	13.462915373839424	
22.00909989780744	11.69246969198865	
21.98765820281873	13.802707793954788	
19.144000337611477	18.393570158290814	
21.747575970409958	11.888158187846956	
22.480878259736674	11.93146895966503	
23.39859419961341	9.222368061972098	
19.776564012394427	14.85109703258499	
21.24676598274622	13.829660424854572	
20.975985846614723	10.494862461625624	
21.946065814977707	9.188887250069525	
23.580569347361322	11.776993390445199	
21.66981112031376	16.260265578322933	
22.659515313213227	9.017039643502706	
21.768954608482495	11.06565888828318	
23.78800964080454	9.742906544914106	
24.81310588534434	14.125937449460821	
22.808398638046278	13.66154667690858	
21.171590599463777	6.115076774949844	
21.509660985326754	12.123491360973798	
22.836890441754655	6.233484139940306	
22.000741330435343	8.070388891825479	
22.346886041711	13.937100727021495	
20.497774332769545	8.752455069334818	
19.953565338598533	7.782092547037603	
21.2057569159455	6.47157928134315	
21.231028471149013	16.11315760154053	
20.85897149770722	12.19713905291132	
21.12019458440191	7.733618359697211	
21.440371498584035	12.540979018277252	
20.51311805037224	11.062307183995337	
22.31743329006793	12.983770276453608	
23.324047373143	10.528644466729803	
20.899495594804286	7.860659300340522	
20.752883479108522	12.223895600396174	
20.670551878712395	11.220259760117695	
19.569826732255446	11.7842428885737	
20.55048032645184	12.899095772237837	
21.026826921460966	13.039737570541826	
22.162387749784084	14.77643812086848	
20.277868561044155	12.729696704160272	
20.845710557718185	11.868780551154012	
22.044310769298814	14.490736447706373	
23.66220313545878	11.868090248031935	
25.70996007872201	15.946849030106407	
25.55459862491638	21.2571370485901	
27.130453759180472	10.405159017645882	
23.476472764585896	14.876429558706612	
22.09806211400143	9.476454495713291	
21.714888985213413	6.9697557520767806	
22.555200690834347	9.269785336657225	
21.603877584319815	12.970823975704914	
21.11783282956659	18.812473254442562	
22.144138588720676	11.305049145119192	
22.130098697646076	12.80747165943124	
20.251762108710327	6.739143859014816	
21.699505354513793	15.050825128691864	
21.937749071296707	14.15404159998727	
21.230067234151687	13.97822814247864	
22.886573431241455	9.981060817318365	
24.093475025702762	5.748888113622604	
25.358349963347013	14.545631814199409	
23.152908103504092	7.556845264513849	
20.74728164867262	10.821229848391425	
22.26652017441791	19.175528647772982	
22.591458931316836	10.170027124015801	
25.087910498391828	9.81760732492575	
23.697578861359993	11.85459131936089	
20.725305261025344	10.053074107290485	
22.072482341138553	10.595358863038106	
21.610946665345566	9.593792267071786	
23.235291975961704	8.863562795172491	
21.951552084336193	14.426827687649311	
20.36360443408051	11.519888220291275	
21.997894191961137	10.313144955556842	
21.811382055606835	12.411603828308788	
21.48263514717358	15.156381340883346	
20.93168573624353	9.399683734458035	
21.32774165142744	8.43084746321186	
20.087213266344563	12.890786425084329	
20.66169243690909	12.860532521957523	
20.959214041140616	11.857098840857622	
20.37013874070793	17.765158503306584	
19.368617640985434	11.532855288663349	
21.02669069635652	9.253754802679358	
22.416552660477965	10.274553366118672	
23.897668654323	9.5623999273344	
22.51045609962484	12.346092184696714	
24.04671480936589	6.920033329673249	
22.26601568523594	14.190949203229804	
22.410838015354653	13.168484495339834	
24.51570488427372	12.051315374185716	
25.164011571053866	10.827779088713632	
24.012206788769813	7.2818453142977315	
22.900295742333682	12.556725811542577	
24.825506280504715	14.940043523773126	
22.78852668192797	11.219030339791844	
22.731021495193136	13.420313249711352	
21.991810457658506	10.895720388654967	
21.60433307122225	12.338061498446276	
20.461545170990664	11.129109630413856	
19.025697519316786	9.069874348735581	
19.210125049391134	8.765366027143164	
22.353570839082124	8.707675315677928	
19.56144287585984	13.887542468500616	
21.989193526018585	8.541535991618996	
21.18749581234032	8.832166749816341	
22.493460684885665	8.708026528389928	
21.097096950282637	13.478773787094848	
22.95061394860222	10.669119287534143	
22.078379844948483	9.30473961892151	
20.779535905251375	14.194286189334312	
20.972488710053312	11.256605089768026	
20.816638865032413	8.65293343727803	
22.05593119387431	11.518079053951427	
26.628414364642175	6.896123227568349	
21.471234091534956	10.546292035866278	
23.180171633256528	15.68231894636084	
21.8137911868893	14.957161708100566	
21.5046233138408	14.039918555993301	
23.9609536421402	10.720984226433183	
22.27381115601465	13.86710667529407	
25.044443911232268	20.832072719319616	
22.746192321290625	14.741262790866147	
21.617099662685202	11.377753952013581	
20.104584930325377	8.289357191696046	
21.398169930049903	8.66472332290864	
22.389953306917533	10.360747980618331	
21.714802899053385	8.520966908140496	
21.720699359123056	12.507153110265172	
22.801484382011832	14.438598521925785	
22.6947643477301	18.006754594162118	
23.81408672275853	13.99055211951642	
20.79216643551191	9.814501975534018	
19.569346961409806	7.622616626303651	
21.153442992327335	13.043094204349021	
19.85108375113773	9.728050448101655	
20.145325121918845	6.853027526494766	
19.676760224710506	11.426113417443645	
21.644434729424486	12.936992346879322	
19.924662584783178	11.186203353780906	
21.221216595477152	12.527266218371324	
20.91718664389745	8.033457770907656	
20.82169550685194	6.198627123950664	
21.601810066037476	13.978734621097876	
21.99763685390783	9.927683327659393	
23.797839401018575	11.086364800098467	
22.8101682893631	12.033195653375776	
23.16876817228634	13.092590073543292	
23.056229133327882	14.167740507186826	
22.957448320891892	11.16598357613471	
21.377860521124177	11.217464671685411	
23.309830228722806	10.60905048036724	
21.83097078424597	17.119380872458397	
20.824950446600496	14.014559753333709	
23.663481536871625	7.133862618478262	
22.136934214460247	8.421170453363217	
24.09534743248608	17.98378895779404	
21.717859634462744	17.025703412382082	
24.02857975212246	11.587369709437992	
20.571957226352126	19.711347386617987	
21.586068323701006	10.645504196107195	
23.448937970879552	15.213016359990304	
22.593509644068213	13.476956656009955	
22.333176786813002	14.105935131091954	
21.093063315669017	12.165543879318419	
21.54523109438415	11.627760062323274	
21.818640401062115	9.167193588397582	
20.885778154088516	12.38906669810879	
21.378345121579017	12.412354475640658	
20.57581645724291	8.878997545376988	
21.26780732474095	12.298957806324692	
19.775535642741236	9.452510326597677	
20.839110725022167	10.710202050898896	
21.16811101668066	11.153517834154467	
21.172495395150655	13.464205165698392	
22.67037730481968	10.42086567444553	
21.233664924226012	10.933263289553883	
20.988855255155286	17.514687252200236	
21.790023203966232	11.995705208123367	
21.952570889332392	15.513369757457738	
21.918073863321492	15.450410279402313	
23.015739412263343	13.035605831353418	
21.559187973089706	12.379866115855782	
22.261664421834276	9.284371174098943	
21.823682849013164	15.859644679680311	
22.52627162498745	13.765480895964298	
22.160965412402202	15.133875201392012	
22.52310760892353	12.196265383193698	
22.32309784024618	10.416270489337418	
19.645449724047506	8.973525830392866	
20.050059706681456	8.602548404450715	
20.280333617975423	9.336671741754309	
21.669717501968695	12.638363703874536	
20.63753273819123	11.864930058202674	
24.464194776419617	13.754517672630163	
21.937596769257226	12.683436556937469	
21.815116103717873	14.529385595706259	
21.500456056039535	13.936736448853345	
20.023615153637643	9.508650621449952	
21.214145880037883	13.996991812673512	
22.763412960108077	12.956435002620132	
22.253569601266435	16.549989638689567	
22.00343467563557	13.976886477110087	
20.714955769044526	13.280575850565931	
23.06706829194862	10.104023205419523	
22.61577202482689	15.164260164397314	
20.660987364433183	14.289445526975191	
20.968345544698344	14.4366339009533	
21.407154894075113	10.2465490247299	
20.817808134337184	14.216043352339726	
25.344333107336418	13.416379472120738	
24.958979973179645	8.96911669866416	
22.008107157880687	12.747611571426763	
22.397917167806934	10.421954799142526	
22.454423887649217	11.660570210983687	
24.055690448682103	12.387015842346377	
24.104084461022094	14.521451926260363	
21.59384116720665	8.880348349194836	
24.055795934788698	18.719239275853365	
22.080075051046585	13.524048819758555	
22.33635774133516	11.714731275748735	
22.80792784002558	15.067653899912186	
24.26504295023314	11.548016970808552	
21.993779745187638	13.485082052876578	
22.273362986988456	8.139604347696746	
20.921845163636807	13.354576024260533	
22.016378097169188	11.759979003599161	
21.730698067963168	10.792573284230896	
21.524167596306754	7.131253230934506	
20.14575890920919	8.33310534730022	
22.010327613826437	10.451319880931955	
20.787616742335594	10.980521518585018	
19.720220340007163	11.78092275537245	
20.6261716066768	7.437023097420336	
21.506227262590713	10.187079225683224	
21.250658267627234	13.366228984887666	
23.696029371247942	7.398640603894802	
21.988697962711658	11.34047549583871	
22.763984077738197	10.50505074121187	
24.01386110275592	11.706847515426407	
24.64100331860186	10.880045893293435	
23.033641157258383	14.809019246462029	
22.14474221562781	12.71920489479104	
22.622409792510954	11.794226672004756	
23.485962812861445	12.728931776791958	
21.821133491680715	12.067501554911999	
24.16818704030086	10.75932064099108	
24.178238560740567	8.780539412411413	
23.18462076254914	11.574288989550134	
21.439342757067	11.434069974240439	
21.404026148253767	8.734192470706857	
21.225673277426996	9.764174909790652	
20.446357217832393	9.395545327363374	
21.820434114626085	11.558241762047095	
20.125235392587893	10.528919147767207	
22.731293497729503	10.070148124541351	
22.687860690803827	11.933751741231978	
18.397258096974518	14.829662837653723	
19.954159258685202	8.423683097622714	
22.264460329090923	9.192713903187823	
22.454597248485065	14.447548339270455	
22.19109939514089	13.197728835239827	
22.06188106157997	9.884499782240503	
23.488042730448157	9.248382214560925	
22.291364007735435	7.428987365066593	
21.94765955981375	11.211674308355724	
21.67021610769292	9.774843383778833	
21.08394983115633	10.497305310640682	
22.35803114241269	9.7797379241923	
21.45561659454126	11.146930835285922	
19.5254295357486	10.162829046995824	
22.644226827575213	11.458453088372034	
21.630469511675916	17.55809941906397	
23.24585605106344	10.489548572455943	
26.792529622112582	13.87387977283607	
24.17934711502077	12.589165430264202	
26.02750547798859	11.143986102214965	
22.458791635220557	8.866895719400002	
21.119961894728853	7.768448479762785	
22.790739907241406	9.243429708228318	
22.839284896495812	8.416614959360402	
23.67681778816806	10.7583699658254	
20.135509585453487	8.956263444629412	
22.766953664636546	15.988839146437284	
20.631364555288606	13.383082490038628	
20.21256618425878	5.360649689846544	
19.380291022818106	11.724382932585831	
19.316112806922796	10.61632492854057	
18.092964632958957	14.448849262981874	
21.438898966583643	8.789925966011827	
22.46475982308872	8.913332403207226	
21.08953730604911	7.956896320779159	
20.2550707965339	8.25126939299504	
20.849776029388995	16.782470418275953	
22.069931861751446	10.869628793116036	
22.448981728314205	11.950390255169662	
21.119933391602235	10.489370309933117	
22.62636743427366	11.365018275315945	
24.48322740427579	10.886171359811998	
22.922923258508444	10.577437168771686	
24.532772219970777	14.669080707415434	
23.630958445917774	13.81711560956657	
24.48555520404489	7.73104063050547	
21.517777848092233	9.456500863845958	
20.39392707262484	7.274980916032811	
20.023992951487326	12.666394869935557	
21.435872591984385	12.814357318659551	
24.755362694976807	9.691514630257476	
21.245620443302823	9.8257771415154	
23.177706878591152	8.199255728777171	
22.121030286677826	11.571174062505397	
20.870231171920345	7.917087372007284	
20.650935473995563	9.630978230661203	
21.315178998151307	5.206053043343399	
19.54074223509218	10.926822851706886	
21.37791864508026	15.301027765483783	
21.19245733147354	8.930375984839598	
20.97869543562388	14.851510130401476	
20.818252777211935	9.526808445605372	
21.11984077817913	14.874424160003393	
21.6912845048314	8.16517152978749	
20.417142785879427	15.899813404711582	
22.13157708858387	10.773425710655602	
20.772090690548385	12.064304944036719	
21.069578810029746	13.273966283909912	
20.750684991557762	12.00099885812843	
21.918327211202367	10.076867785744842	
19.866710643983822	9.555993860012755	
19.37638130948487	8.239517365639738	
20.9219480329895	10.071500673251622	
20.704376197745336	10.345239507375792	
19.626232529719477	13.895732759629668	
19.277180887423633	7.972173866945492	
19.22857301935346	8.809976152177544	
22.34181162638331	8.325673868287664	
21.617775531786474	7.747233970340102	
22.58234881208872	13.665501153089824	
21.064331117988765	13.498930679113661	
19.97384791138789	15.001732506074655	
21.010737126427504	9.23685122514186	
21.17586279723103	11.660856088079129	
22.05193746875314	15.214081730433447	
21.6210959534301	7.155966235493141	
18.878656482468337	9.601541170873409	
