22.478676259363887	6.649769064467817	
21.78665643356629	7.357444558331428	
20.686153206326296	10.630152286691498	
20.81377771459702	6.9343261341098525	
20.11688694482281	7.512011714744655	
18.873103542940747	7.899216365306184	
19.826405600674153	8.894857985058838	
20.72412370912507	8.748437412936042	
18.696615197881805	9.36428937589878	
19.7766778389271	10.149190777868215	
21.304065810052485	10.714647693607807	
21.347263395490728	10.37042341282164	
19.886436521333966	7.983016881789937	
18.48642320783147	9.141690251421153	
19.034031605405318	8.68278972549986	
18.999516329323757	8.328300871873282	
18.974970139777707	9.890987977840693	
18.975218050113977	6.1498568386620915	
18.1263694550327	9.043803859338372	
19.505413923371666	5.238110732696604	
19.387965395929037	8.927074147185198	
19.28118151315313	7.6241423963394475	
18.50128333917637	6.186509880132566	
19.706617435244773	8.856421542218877	
19.1279928923827	6.123256539226665	
18.632741654644526	7.782873806885	
18.9422878199748	3.0940664673099394	
18.664193555621313	7.698389223137595	
21.60265452107065	8.410376590670685	
20.486439584055855	9.994367503279387	
20.46090390055424	8.493379207286845	
20.719868647575286	9.518450596606758	
19.35191010923808	11.04846676827826	
17.643470801223696	7.93909735312644	
18.27011247014633	8.107420520470463	
17.97875729902176	8.467115243083558	
19.3758760213069	10.522314059535484	
18.995232377067577	5.326832076658871	
18.9289262547445	7.985870302239844	
17.798451097890172	9.491258329345067	
18.880707820254194	7.132298927491795	
19.78932519897261	8.035284787813433	
18.63010820712946	7.318705528218286	
20.501947795404664	7.284976989093371	
19.64486308816983	11.359992205116736	
20.3702009787446	11.548269130562304	
19.57775712786339	8.16643914718079	
17.587344347245132	7.082654380176629	
18.794968564867474	8.033090208561898	
19.96712787901586	6.654474133287462	
21.0328690207511	6.409224240401337	
19.642012554573885	7.440019985788772	
20.814486034262284	12.127000585505607	
21.28497787296898	7.578868982164982	
21.74593195211865	11.808674406579255	
19.5239517752383	9.12258025914731	
18.175021466726577	7.509670439993013	
16.39238497560421	14.928888416604797	
19.426601761546788	9.18384887971964	
18.579115833117328	8.84792870447372	
20.343508743599614	10.763869757795248	
21.259939180826972	13.745353511473168	
19.08030453710329	8.743226837079083	
20.933297555878745	14.001310298402933	
22.24466899082366	9.277196557961306	
20.60807925948675	9.265648407470703	
20.495440330064397	8.665490496505258	
19.248516503054027	10.485347784518568	
19.30587437369559	7.872922398919563	
21.067322356432307	7.715308076377044	
20.939900374445507	10.633558153869831	
21.45824740907383	8.366457909284978	
19.64375294592012	8.66389947059686	
20.584536764324945	12.624119373966103	
19.66704453657776	6.663833683602422	
18.831455899350765	9.556322620404913	
17.136731594718803	8.03026666231358	
19.65701497471673	10.935469700792755	
17.26582132802553	9.432500444154323	
19.6091456882646	9.234548256399849	
20.867783708145826	8.388898369642215	
18.663762464774848	7.821120225612209	
19.266057280530216	5.2893074608739665	
22.08192847953054	4.993468526635059	
19.959388703332422	6.941744190762968	
18.6036749220716	6.842646238749758	
19.327827475995345	10.611024679864874	
19.8619596286316	8.440670785484077	
19.80666872889406	9.039144674551274	
18.697775911283564	9.783053134310066	
20.236848700167943	9.71269483285917	
18.330310867853466	9.125246952126831	
16.65753422965414	15.59416291556534	
17.623365993465974	21.570284421052367	
19.453600235846654	9.653681301964195	
19.269075450797235	8.697259616443962	
20.429571467111465	9.071159199639919	
20.663770349801492	8.107092285219316	
21.213197441174565	6.093136688994362	
19.2869966205341	14.645277063095307	
20.27571536584451	12.290862180349356	
19.02861267784383	10.443978964853585	
17.663258292124667	8.84980672358029	
19.300970407163398	9.534696386506615	
18.964205127425867	7.591168666356063	
22.503037705772677	8.534412274587908	
18.52516926443241	8.205006428754972	
19.74068861642972	7.568585421233237	
22.054432948506726	8.871674040289411	
18.420840012218836	8.762120332570852	
18.517678091451796	8.77493515886342	
20.689904631189375	14.63224617853826	
18.855614627715685	11.548317230195563	
21.06445857309916	8.91565735701121	
21.084508606649386	6.095828994680756	
19.72535596494259	13.53012579365444	
21.610101784633812	10.380603927406753	
17.564282952994162	8.254670169179425	
18.79931481659478	6.793028227931531	
19.309290267944945	8.600188768801374	
19.532472900130262	7.650435267014626	
19.99315112488963	7.1599309142191006	
21.388566988972926	8.190578925858548	
19.680120915274465	11.9051379923937	
20.402359318960904	15.482022922080667	
19.38919509765134	11.023887984340055	
19.99496193893087	10.401347947509269	
22.190829750732696	9.76036578069287	
20.275414783162613	7.394420973479819	
19.932164038342243	8.417484712431742	
16.90040902783059	13.34462532276029	
17.82790694051788	7.618727915287635	
17.90623506626933	11.384000586753356	
19.10099150154211	10.18388674422827	
20.55336744331249	8.127865466166128	
20.302138343230272	11.532662707723025	
20.44332091651046	15.131425051983237	
19.494047784072364	7.72065934029912	
18.325803151820903	12.291841367851065	
18.775114282503882	9.0780536691532	
21.30922238977392	9.19052132694499	
16.993382659651953	11.208395900123458	
20.331568264096145	10.525638471015698	
18.911870124681112	9.937880913945321	
19.44739282687603	7.963483964279099	
17.73611563699302	6.384836063697688	
18.806392134089304	9.06590652745743	
21.43093956626015	11.957540437884818	
22.570214493698952	7.604641882474582	
20.71331011546097	7.133779433025987	
18.253866187542148	9.96910217514706	
22.119809138563884	11.919668579714068	
21.18095120617854	7.87761943662058	
19.055033131679213	9.280783578722039	
20.922587516014097	10.211274494184712	
19.341809722132336	6.967503616695877	
19.460226410526246	8.511669205271943	
18.373707607172577	8.214269009852153	
19.956835473032893	9.804801195877129	
21.033648516472905	13.254276450147225	
21.022722579071907	11.996697160400027	
19.31004584331806	9.150573507792156	
21.87417728213921	13.206037559144024	
21.15666339503409	4.763810830706509	
18.451580013366787	7.977404050539596	
18.407532039192944	6.596091903005081	
16.90495358761658	6.773279474897147	
18.068921530955112	8.241203014494262	
18.691817570900813	7.626731251526054	
19.432409596915917	6.192693672259209	
17.151431962851717	10.077381693746268	
21.226004736307825	7.2934919723976375	
19.476623694438732	9.201665012706204	
19.896930318903433	5.444747567321922	
21.27204584845013	7.9888465789325185	
19.120787341145483	7.42756038842723	
18.966118866509976	7.19343025739849	
19.107750719128912	8.345781111703271	
19.33788358739329	7.386650600986187	
19.323135726380507	9.127706428069063	
19.906685063540873	6.618079552613981	
18.86466802283222	5.687512010692737	
18.74227997930786	7.841504741896651	
18.792816984822714	7.486699723634379	
18.67384837188862	6.857277515706278	
20.44505307348376	7.546602814417651	
21.370477683416905	9.087324566405908	
21.56765735742104	11.599172475010816	
20.225551061422127	8.518359699731917	
21.054640002713	10.48472382327597	
18.732943360619043	9.984919760146775	
20.22181705028694	9.137381010542429	
20.693876200721164	9.851402777883264	
18.362654148346373	8.336540631874486	
19.958207868282713	8.347593099560534	
16.236690015065456	9.287109062972187	
19.78875170299558	7.8081011540688845	
19.61916021309897	10.701779592479111	
20.336839103619365	11.356245780080194	
18.970055723110875	11.796857031378702	
19.904330768257577	9.637937005550762	
17.673440792926893	8.8704020039029	
20.08295515461879	9.384596638052288	
18.54979996952419	19.44653613246168	
18.497876561722947	9.871927672764063	
19.650252939293235	10.545960082475967	
21.822412515497582	7.013946996278767	
19.234669763740076	7.555995293500234	
19.342527288669356	10.415972983822465	
19.851251041528194	12.323426594882749	
19.02619153520128	12.061476517520509	
20.427740567457228	9.587445094122279	
21.261141409691007	8.386334220114295	
18.45180867369934	10.577197786302234	
20.438721548794	12.336698206495264	
21.149507873220077	9.798877799294099	
18.269074394285393	8.259250478858299	
21.054919861524038	8.263681182458582	
19.01679788745599	10.833831610327978	
18.543796674111764	7.870565239395778	
20.106789133088256	3.629666725453406	
19.40548520409202	8.435659154083881	
20.958163623810712	11.08280527942562	
20.273413209426465	13.207097398431312	
23.482594927567554	10.322937500675625	
19.709996033103657	10.98558930735093	
17.287407380155006	7.703736770073303	
17.66810908279336	6.427726026673295	
18.92324592884874	5.987311896332406	
21.145440484972458	9.16602015095403	
19.31014383057107	12.465298010022284	
19.854917153218064	10.51653866207819	
19.715988554587163	10.318250658940226	
18.392894772699833	7.563052742371932	
20.12769860859262	7.971807413509343	
19.866786194267856	12.089288466302936	
21.088772233539597	11.197197741141295	
18.72317192735264	9.856720431531276	
18.044829778498865	7.814426747343378	
18.602295855950704	8.393229780657064	
19.364106930210635	7.400344052003714	
18.39920490727865	10.229435026154226	
19.205589575860838	11.148199237348637	
16.211506813193797	12.044446953894946	
18.644592364816393	11.056989578634733	
17.36431132164943	6.916897143625271	
19.239495744814132	12.14834749731172	
19.504570794062747	8.441354776558253	
19.985366570085098	8.187197915060969	
18.24341268173436	13.462192725843412	
22.93131409929821	8.94233684048157	
20.602819248493972	9.237267155181298	
19.590599378074486	7.447337253768395	
18.21949757931793	8.996161639145322	
19.15180181882594	6.773648944162371	
19.8159559307323	9.88441347455625	
19.094788376513367	9.35525401454208	
17.80607053695244	6.573571811640752	
16.930499803428404	10.57125931697617	
17.001347855637484	8.838216531733071	
18.953077172783498	8.81860041586356	
18.48683801853049	6.759200791359161	
19.369256588372536	7.12585883548747	
18.660028005466696	5.075935460162494	
17.193746364812593	7.553225792692861	
21.539150221900492	11.379222436643381	
21.66178913835188	8.000660076625609	
19.04142454878118	9.227729621582483	
19.716050545383037	8.81185452982829	
19.890518831993752	7.402306050426369	
19.518247340762137	7.317715415487798	
19.490024295666515	7.161016376304469	
19.09358640148739	5.471862864535606	
16.96635795996912	5.395257274749878	
17.71229768191415	9.922229205871636	
19.226986606873872	6.472144616588328	
18.5183813522325	7.01142838356065	
20.28048108872643	6.72724825238862	
20.8391548417653	8.666058766787936	
20.95316119167639	7.689963203453463	
20.098132975675917	12.88916595702786	
19.195469439277453	8.413596734334032	
19.165092830507326	7.51161160142311	
21.474438271512106	9.729532467778414	
18.769042627965394	6.785799856839325	
20.755533948125596	5.802425346929276	
20.50736435466226	9.395224098940922	
20.275629556033145	9.40649730778075	
17.473618511098838	7.515892071190423	
17.845927693930122	9.668417207478033	
18.028404461215263	16.724889671615646	
21.246489125144496	5.977735968611154	
20.55816556110189	9.851992187487886	
21.727393061603877	10.392211419032868	
19.57286098817032	10.77236698766631	
20.316602288049847	9.345060949086733	
19.112709906420307	8.277090807335249	
16.25305934444299	7.7495999773109885	
17.777879339888432	6.377810163365261	
19.79330622001025	6.971991831560569	
18.307553370888034	8.056068148528768	
19.781840930063943	10.276201699889604	
19.56514480904787	11.28717684687119	
19.189820941428586	11.319186574555657	
19.229818971208175	7.06457916658268	
18.204391339290677	7.475003662936388	
19.148000804130017	8.658664074050423	
19.67252474629691	13.712895193586393	
18.955470796120125	7.231627303158847	
19.19723416536665	7.749551291158528	
18.47771044959376	14.152927239567884	
18.34241057396686	7.187854174483361	
16.64795996729096	7.776539248542995	
17.138297603342487	7.108721780112348	
20.226761801733005	12.05737661005035	
20.13441051934888	9.442433606111344	
17.815859960156377	8.478570311328587	
19.013544753605345	6.677318318142768	
18.76814536040769	7.7988841261535145	
19.49959306742058	7.796591254711151	
20.102468081972038	7.63315549120255	
19.12311133422912	10.861597002809104	
18.77727619386886	13.084034201592045	
18.2209288094977	8.283792146614484	
20.887428998177885	9.189763355025711	
20.65599401994931	6.8742684087391845	
19.956409784054912	11.919874930846234	
19.65467007260067	9.273258097635368	
20.261183855863738	8.129142920809231	
20.469079682321443	9.305756817196803	
20.076775792998696	6.95583464612817	
20.298857344260796	15.325231247162703	
18.384852713965742	7.823852050052409	
18.03969468285258	10.010466242413303	
20.24382657581094	7.761141689674583	
18.92145567335005	12.378495237431869	
18.995008326605753	9.632064994229044	
20.974712706807424	7.157635814352522	
19.297428644365787	7.814884992802875	
17.553916684703204	5.987580316923629	
20.423226859680735	10.443927748343015	
21.022980896002014	7.839107770277363	
21.03032652848557	5.706453207421345	
21.850780434234075	6.637329479693748	
20.73139522792765	11.994993584894138	
20.836818695081874	12.892209217692745	
20.899080496161343	11.888736759387326	
24.329568141784264	14.5246693091899	
22.1023912068955	10.66354644276915	
21.59976290294974	9.502361667764442	
21.679044519089878	7.658488197305785	
20.13779499681497	7.111633529325751	
18.573868776219506	9.711675122397263	
19.76117347630628	9.596164696630678	
18.72541027762499	11.490196908699184	
22.5491147774716	12.318542888804968	
21.93143168534667	10.688260576243838	
22.07508113076678	10.46680428413031	
19.85563218680724	10.133948103148432	
19.83867020903538	7.899072970338308	
18.94312903674237	8.469132022580759	
20.367367724680527	10.307790228164968	
19.705884415724963	8.586236562868988	
18.809146351409627	7.598523586476302	
16.619902117973833	7.923941542172864	
19.195116494265246	10.321652989364429	
19.159957764966737	7.96737269179004	
19.922887892352506	4.743215149325219	
20.203299986118115	13.396509778215204	
19.338817631069904	7.165679551182523	
17.913444535439666	9.327309074582182	
20.34197576792367	10.123844866214567	
19.247312377380634	11.166446385305449	
18.952732854551048	7.33981133772652	
18.86393072246552	11.330611205310843	
16.633535725723224	11.315648734006881	
20.247288889736854	8.652160099554127	
17.947884148895607	6.433523982512567	
18.309576243794037	6.830024165719713	
19.78880729899351	9.229605308937522	
23.15552371869007	11.351257248240575	
21.659716397568662	10.975342819908676	
22.75397986019883	6.68735373041842	
21.675446007133882	6.470323629286068	
20.72748572671853	10.262002421440966	
22.57067723920775	9.069044945084825	
20.02055501455796	10.97581912276015	
19.343447419029197	8.07996092729827	
20.60548979110958	7.201955262921074	
20.96677537512772	11.550350666831548	
21.170358735546053	9.099621297805289	
22.429494697298477	5.42364942406169	
17.826508769739984	8.26357339905262	
18.944611319533195	7.727160761881243	
19.472138817331892	10.00845720271462	
17.37854041997491	8.060897134494665	
16.644150797790953	5.875255174200367	
16.395047800856826	10.079960925358556	
16.868853125483707	10.951042561912915	
18.666839760561842	9.56781946852945	
17.080550435090128	9.97972885463749	
17.37827058102713	8.919678760206112	
17.787026039215323	10.157192158502006	
20.69377334035634	6.316876377904868	
19.014530464922114	9.667553977517185	
19.533819659059336	11.210353067585418	
21.555030324679198	8.49313560542279	
18.392707721734315	6.153337557776669	
19.892961832147215	7.631309230031487	
18.280463125444673	8.136450215278863	
20.372444405862126	9.877859540426849	
18.785200290164983	9.118619237053434	
18.990950225004504	8.908457651820086	
19.540264342891405	7.204348832261152	
20.28218196901882	6.389683859922577	
19.005521703583707	10.347889550158076	
18.646778544148994	7.375211770303661	
20.156385856432284	9.199335701606163	
20.568438731254826	12.32100565220051	
18.70196858858632	7.409896814125945	
19.324039104806715	8.787826829248147	
18.84306496799228	8.547707999031779	
21.673335340570734	9.104313738962237	
20.307276834719346	12.634693431897462	
21.08887224008277	8.801792586585258	
21.32440848391083	12.178608509516726	
22.717242559293386	7.955610115454511	
20.807067266396377	10.481160865865741	
18.724987641883384	10.42931371924963	
19.859195421535667	6.930028807901347	
19.68884775777363	8.58866901342548	
19.509606466465932	8.484830096495367	
21.0943102243901	7.28053836414241	
20.316674954428894	7.400330955760753	
19.496594835532463	9.006838923772813	
18.969313781072678	10.420180059672933	
19.341991526772073	6.844734553148586	
