28.93938348546066	10.020994215244103	
28.365472203735035	27.5984094262469	
28.22097042991782	24.400418521190144	
27.827242430017787	32.02800817141472	
26.519052047969506	7.5746672463962845	
28.008996809632002	15.410068698775259	
24.14307630760997	12.998470919189963	
24.254791490432638	16.4499728643889	
25.412174896611017	8.291037528905532	
25.337404237689878	13.8779462230051	
27.893793390299148	16.721503854370066	
27.358479940369367	12.116872180492189	
26.147939585677737	8.832723477259972	
27.410032687799802	12.681390007032384	
25.29752820891669	18.57168479312464	
27.521422911119075	14.01654993809265	
25.111656909650165	7.6779686835230745	
27.83475617114253	13.695020124057423	
23.964824460205946	12.845597446552615	
25.853917558101696	8.960802536358875	
25.65468890052346	9.578957089268748	
26.54683095603104	8.161312348944806	
25.26245051615411	14.253263469629719	
26.118823616700155	12.937766572576498	
23.587205398051548	11.749405516567391	
24.533147303957982	14.123953213664407	
22.947333804066115	6.68937313991342	
24.451445436207177	11.96060690929958	
25.007562161405783	10.931196628671424	
26.147480312508	9.882608059727808	
28.04912502754863	12.529776377779594	
26.33810774438374	5.083230449506277	
25.886237150587114	13.659644842421631	
27.056052632406313	11.824727711854562	
25.211124619795633	10.075088609131699	
24.625474713428925	19.789914121856448	
23.903049390212463	11.430237123356216	
24.942460262369103	9.683636427220621	
25.26791788092833	10.433083440619914	
25.89515492499856	7.8652455155157295	
24.813262933569682	7.64395888833076	
24.060186059385785	13.71364155876172	
21.04602373095594	14.92636591022224	
23.501575891597376	7.117349364257123	
21.800960162092352	15.264301206666138	
25.050083876833973	8.159258844179487	
21.81180556235321	12.715925414887122	
23.650147104347564	14.082269274775697	
23.077707576834296	20.76348789692487	
26.373662423085385	12.907327193095663	
24.990550866493628	13.580107199884687	
24.516427200245836	10.032888562077648	
27.05272028275952	27.024172031893695	
27.251961645687587	8.249575281848138	
23.827265411185365	12.282966176331474	
25.78582013580121	9.316485647177371	
24.989244042871327	12.617929360888533	
23.87920641917239	11.546628535463263	
21.99491665974511	13.12670248450054	
21.749533919252556	15.062949419593961	
23.285159113643065	13.796558835559596	
23.01982535961936	10.561551969516053	
23.587356614869343	11.74178295826843	
23.157498469825317	21.66787241035139	
22.964300011122265	11.860185423012528	
21.749092667397942	13.90479230796461	
22.75236274917157	10.61062198017235	
20.535306749541228	12.040489817208526	
21.85905278502226	18.551858073505308	
22.354999106368858	12.403211744068795	
25.71268958628908	13.266108449177509	
27.3159849860882	14.56506786629991	
28.131491333315857	18.19035154364457	
25.798068553002242	9.576418117749098	
24.34823322981072	10.33900471433175	
27.768145802810427	8.273732654205286	
26.66017432373699	10.311873435083864	
24.854989505435235	11.779604093452207	
24.307715487333617	11.147915789125872	
24.091189353690318	2.531616334165588	
25.432442719882246	9.820311895428594	
24.955807353587005	12.13553472734822	
24.73458474630005	8.37429494489872	
24.135786280905176	10.909714948222014	
25.426819495050385	13.4716720218954	
26.036173721737562	12.835026975329903	
26.12771669708344	13.37224248730721	
24.911578541226838	6.871742414625029	
24.96200626383062	7.885070735469095	
25.992829354879973	15.288062822394483	
26.53454653669404	18.57859749920798	
22.46466693141284	13.536463837988508	
24.954240639794254	11.9414395452281	
24.179711939494748	10.429018974127922	
21.86244132198049	15.359411969298376	
19.07613065195019	13.773325120486122	
22.82528192433147	10.322190669314624	
22.1250178387138	10.682328081117374	
21.46667460542109	12.014194738063946	
23.66133997061221	9.793310272227716	
24.81860038527189	12.251605662619701	
21.078735955451464	11.75459181628333	
22.505620738357074	13.195133462165751	
22.20682447189713	13.027269199680548	
22.15644876184273	11.585351351493928	
22.25116607395625	11.282953611654463	
24.658903135804973	16.149568211411037	
26.087354516223936	5.690749469939215	
23.478514914402407	9.520291448528134	
24.249215157506182	10.536830349622175	
25.06377811711543	9.625993149570421	
24.146110649517695	10.494334486753878	
23.224786093340843	18.624488258543767	
26.303931230083034	13.82348510497893	
23.971374516002804	13.41205826155285	
25.635154649455554	13.885425871561175	
22.003955594276235	12.465530271462573	
24.23942979499178	9.337505922617419	
24.850275171601822	8.92748019069532	
24.59482668566382	12.221120388637935	
24.839185032297546	11.455887630692404	
25.277602157281013	10.31885905632009	
23.550464823338796	5.21542456876475	
24.43130583038278	11.133422961973896	
26.376828396770392	10.49810001637487	
25.451912093204776	16.64828501506294	
27.1863045224356	8.057149098920211	
28.61535192025508	1.7279095922159255	
26.125349979977152	7.583654537443121	
27.174561758757278	13.187783417610577	
27.64084982870522	11.18909384419245	
26.216618222510714	12.300595918330814	
25.122892234589667	17.439078876984244	
23.784572032028155	14.218563386045242	
25.67346588499159	14.676898691662283	
24.502367089835992	11.784195333877921	
28.12170294512169	17.989916271921114	
25.988345757432224	13.597131387837491	
25.35868249191284	8.024974578385079	
27.078196696784282	10.93904585968544	
27.582899343494695	8.829042520554554	
26.33477009372568	12.698674035675264	
27.854888193158008	16.226096015781465	
24.885411102298676	12.009483666066377	
26.233067234009276	11.680584420180933	
27.121628842870155	5.725449886737887	
26.303171714322296	12.00026931255995	
26.583386314782366	6.557797480971077	
30.503223281321375	15.776513671046981	
28.17320228438775	16.527331222653782	
31.121306383124875	14.099585835118088	
25.266596691265512	12.077011272401855	
24.33610373224809	12.025561237016134	
24.53463317938114	18.746143828459502	
25.19748209998998	13.467342528682703	
27.360258410578314	14.932673911430191	
24.03783374994735	10.72579435838703	
22.07032300741092	11.483996895578453	
24.142900225565985	14.507622196830331	
23.4829467993109	13.035264910369936	
24.921258655428097	8.581913381687219	
25.14692128594711	6.9552576441240435	
24.42814833156635	7.394324877426394	
24.23678858966645	6.251218400966074	
23.30747515001812	11.334939884403312	
26.13404098955676	10.168281679748945	
22.0223544744832	9.025138974981003	
20.446741747940404	10.234690253147775	
23.240097066706902	14.111245584428588	
24.474244149553336	12.072146765067087	
22.941073691467246	12.651419142145096	
22.421553001704055	6.622415462129968	
23.640838449569088	7.046117097011147	
23.499767830745274	11.331692789552555	
25.324947921226546	10.309523754817944	
22.33130023250717	10.568931375481398	
20.127349622881262	17.14437531216452	
24.102206314736186	8.186563005594838	
23.28708928085839	8.79897067141411	
24.9046255984817	9.106262562036218	
24.58494325628574	8.451437965713469	
25.764639830919933	14.059296543379817	
24.380598082962006	7.1479275226565315	
25.939925212410717	11.697011817431601	
24.965698598060637	17.064121606535206	
24.282871231205988	7.713088200260947	
27.308622080138516	11.758338991230506	
23.345422929455015	14.124616301796902	
25.100715267337538	17.119684175300428	
21.810051460398455	7.972610539045137	
21.860347169641308	16.361776517522678	
28.342129993818588	18.383856863000627	
23.02262988233976	13.842318232072458	
23.068407429845514	14.261444095057326	
24.396217267647422	12.444582151637807	
24.8340238471486	13.408408593469666	
29.09672424872673	8.166174793655287	
27.24663374865413	8.002663517129244	
23.865462691229514	15.529800295405435	
22.919000683144613	15.188794600700032	
25.096046070193356	9.980522027488059	
24.256867631089044	14.162775653610131	
24.491397525994028	10.346563972978332	
25.8479704507337	11.327337909583072	
25.725436842277084	10.226167524601303	
22.67074332369356	10.92858207677778	
25.146068526781978	9.075974969933077	
23.655557444067494	16.34234957158152	
25.874715813793607	11.250893822045272	
28.1194795714626	10.26871324867719	
27.200038560409613	7.29586561026437	
26.007981889707917	15.647108671678502	
23.9278480837869	10.696390966271226	
20.55610917191103	9.41319600179168	
20.163123788313523	7.553503014481803	
22.84807630351079	13.372836509172297	
23.590447951276094	9.106117109370507	
23.183921851451252	12.571674241482372	
23.720140370091666	7.84465347400865	
25.3380413144419	5.759200204310949	
25.694104659169717	21.92749967318392	
23.704479972332805	11.289496335155418	
23.331202548979533	12.798606791654315	
24.776468873905536	10.162303383013587	
25.369006875365887	18.87565792799756	
22.52450454018756	9.85101370395063	
25.540272653697773	2.3458843838847967	
22.019514439258316	10.425969230157298	
21.776639108316335	9.325083044401186	
22.182704406682372	9.161239696703847	
21.121675616663477	14.591395582248166	
19.81379798334012	9.898177665280782	
20.228743080349474	9.901197984704384	
21.28497885660425	11.495419674096183	
21.15479730770209	10.654612518124111	
19.413019642462032	9.130368743029875	
21.372870831606434	13.19690075047994	
22.59375580325398	10.953380231643246	
21.157877103751403	10.39909963678655	
24.526507116630285	11.109630484296028	
23.016184768907326	18.620535277033746	
22.86355956214767	9.19605839996828	
23.877043565607902	12.711098184135391	
20.67533467533062	14.76782866563714	
22.70466766231073	13.005098321508527	
25.660925916007923	13.450521989304018	
23.006797632318833	8.381573520210106	
26.59556459893145	17.909348053382946	
24.052845912016334	9.964689617878225	
21.91083465267934	11.420135347542441	
21.90052098022017	10.247679725072384	
20.3945962952932	7.2831266281598195	
22.589654681647147	10.048578631413877	
19.654487573806833	10.91776420622978	
23.579807105126203	8.421578244200523	
20.918010156166588	9.973496290348344	
22.514119488889673	13.55650502649387	
20.99702917566197	16.79456006658388	
23.596258991911387	13.153148686951123	
24.81706386976144	11.99966114759026	
23.694296745993523	8.862099407612103	
22.004962742078067	15.490599243808596	
24.19971343543113	17.35722550208836	
24.62528633755698	6.9361140814695235	
24.82378721413841	18.380728195396827	
23.94227264311505	11.69486435667945	
21.971466411028707	10.252291088835783	
21.412588117985063	11.941227414952639	
24.255734147207402	19.052634430278527	
21.85804118195943	10.912035367981346	
26.074374520119623	6.852980131732359	
25.40691516873505	16.4647997164003	
23.718677093757357	25.021664280503238	
24.67887818898068	16.58762562244214	
21.759485236489393	11.381652872588651	
25.483412955843313	12.385116263329165	
27.59145288255481	6.634725756626053	
24.72991588303438	7.361350178662109	
25.523900583565347	13.249895622491918	
23.269841884845157	11.95330959618707	
23.613046857392646	16.27744226591587	
24.95192876318988	10.320930251537824	
22.53113249167549	9.647234019912794	
26.28808874978928	9.877957207929194	
25.13127299519051	26.25689056426041	
23.161284274829853	15.112212206738453	
21.799357231767853	11.076098054500452	
23.81365108915902	8.10997713280978	
24.48649311440976	10.594322495915488	
22.295300989122364	9.186427697717003	
23.107868337790187	8.413100866501432	
24.889840043453084	11.791720323345553	
22.795249327800466	10.523502934897966	
25.43889587407304	12.577474186839147	
26.471636060467066	11.91654352172638	
22.587573865319534	14.249348880311025	
24.45216228941116	15.57032295680235	
22.12668907736299	9.114964282235837	
26.2655176836315	9.252217405876026	
23.562164984257052	12.789331768023198	
26.84619827661358	4.442034097116589	
21.574257018478466	9.547135004460051	
22.56230036128171	4.718889833667483	
26.060793328503205	29.245062412047684	
25.63527206239625	26.281897271277977	
29.005897411800028	18.74683226147215	
24.723079921958142	10.085007145933709	
25.9230789339248	16.214218546759014	
25.801468617328972	19.57381646600008	
23.115444652759354	5.370557982757881	
21.86406265709137	11.385333184168033	
24.882156758171497	8.630730815959128	
25.05822210599347	5.803849235371771	
23.61917750362137	13.951377859672329	
23.37847646955733	14.814642390786627	
23.12493021212947	15.338373058589928	
20.52607342653437	8.932315326284925	
21.07647774345496	6.825756388647387	
21.04309949944442	8.442944111129712	
24.556176800259795	14.406792304183305	
24.88585198290474	17.002116883301586	
25.644237982710056	10.352576082534334	
26.883974252821467	13.788061622579386	
23.439345545273707	12.656106320796919	
22.35762996308986	9.77602512214351	
26.162293419260156	13.260053452395915	
25.836914778801603	13.84075055971378	
23.36250802415591	10.311006334664796	
22.15155859200362	19.7140072160736	
23.632295359520867	16.789850479019776	
26.12375040378759	9.471006341275665	
24.946535271099904	16.542721232166866	
25.854931808742894	9.185653430089987	
26.608672437845645	12.667166550051615	
26.0458900797462	11.832117032856276	
28.070611077361143	9.132762717494142	
26.84747133775042	15.96645892944811	
28.136903092110863	16.964502751744043	
28.75549678105763	11.326000333338513	
27.45410945379909	8.931749341867725	
26.44547946778305	13.347959139895508	
28.341281627731874	12.593762158025198	
25.101948669555057	8.879749094923447	
26.40659090079618	17.233635786455643	
24.59465729133146	11.679699273967728	
21.90950634687893	4.8355188701733605	
22.970508563995867	15.06497830972408	
22.02365173694662	14.485969048877699	
22.626685975249053	17.280458666259857	
25.24727906272257	13.274889629428154	
26.568857833660008	9.393830603702826	
23.240677992606255	11.935406787808684	
23.409162017810832	11.423440291083379	
22.195813950607842	9.01882833727719	
23.785902803144996	14.098612326381518	
23.890963881303854	15.137348776353091	
26.865723807323057	11.844973738571554	
22.260010888511115	10.888173000481064	
23.322216843626013	10.22786209874831	
23.28979549637042	12.048501517817105	
23.435608446811095	11.791346570609816	
25.81622735126251	9.558086759527548	
25.92079923773758	17.80826917724661	
25.076533468102124	9.548131338688123	
27.75870892647872	14.957105575397236	
22.796638905964237	13.470314794115245	
25.27748785493944	12.488684056643242	
25.22248177200645	11.470629032040229	
24.690163899074967	10.35653196532716	
26.189596060820552	21.813310603965405	
25.821549319046355	13.61481132016038	
23.18708575124327	7.682303832961336	
25.15045558704131	12.929661899991608	
26.184342579398333	11.704469615964094	
26.318202959838715	18.34067225396568	
22.13898833582896	15.230776720696436	
22.217302046173508	9.589883235920583	
21.947450267034856	14.004960807525652	
22.390708730346986	11.205166255962922	
23.902300461904545	8.595567821166886	
25.16437860160797	10.799986196530938	
23.937495414522722	9.219525292458167	
23.429419729929478	12.002827682941104	
23.318238970324906	8.925834460554473	
20.822651985284256	9.992804809016743	
22.914600229331402	11.676766335002506	
23.04749301503703	7.203102616813509	
24.970538125572567	13.527839836733047	
25.26794397328663	11.599727562227391	
23.043701728164777	11.500574945037934	
21.251190996551692	12.411673530683686	
22.9622716519654	13.693795946846283	
21.459768353790228	9.267412905929794	
23.221886098801193	13.76694960259098	
22.784534933497955	17.663664773803927	
22.05071718392024	13.054100918332843	
25.503399367763393	12.92266237917413	
28.318103788141574	4.534526674649156	
23.847310003478665	15.235753367432698	
24.62221280976969	9.485462279743555	
23.31054978673042	11.612144755534535	
24.792992977269684	14.313133410079757	
24.379339714527408	10.385813652650498	
23.432746895856937	13.405164026838976	
25.740196372932672	15.402940814688874	
29.42054692410667	6.198510461750111	
24.886367539096977	19.13156773732889	
26.152951367131582	20.85284941810692	
25.540367513404593	15.495860919371946	
27.43203944920755	13.825835138313082	
26.891663929065704	9.722596910756145	
28.908001870806856	6.782964575333873	
23.891191017760598	12.834750562528722	
23.158861983430647	9.730426997643676	
23.789742973219607	16.97793945686783	
20.901238151664245	9.68120018556727	
23.780119349936697	9.81341457908333	
25.278686665492692	11.049229995467957	
24.580033928047513	16.332552561124306	
24.643471607652987	12.041220042154821	
22.5621646605357	11.177900043854988	
21.334845527381834	16.96009984332054	
25.818604713289673	7.406259240315132	
22.017220673248435	10.721862061538069	
22.199824479910895	12.734470308904436	
22.24545203198504	15.303013309123909	
25.19128853146454	13.073655434278274	
23.36470605113091	16.53070961246819	
19.473905207477767	7.544586587549035	
22.2019273465977	7.794090824071895	
21.43071208600471	10.73394970236877	
22.585226655249738	14.657340238304137	
26.050988073108993	11.563303873958157	
25.323168309394397	14.374586443260194	
23.64829600638334	8.88664204508345	
24.364040002482078	12.46742038180532	
23.35426329402188	10.993443120724146	
