3774.120477410292	5429.076597454303	
3290.1145175733063	3030.0789677831035	
3205.014183267212	2604.959480437846	
4103.992600318598	3414.3312831678872	
3580.179107748086	1548.7266643617768	
3261.7124685041367	3709.979480301436	
3728.5415428432207	4752.126026666846	
4059.280360123033	5041.245919443696	
3511.8651140923134	2967.725698696593	
3738.8946892300664	4213.866754572794	
3796.1830251267347	5862.663083268131	
3860.079288534604	2744.868280268317	
3757.55990210174	4088.6302334386105	
3312.4072207728814	2563.659598415393	
3657.5511163198867	5088.399643952619	
3225.1477657923774	3788.10214501894	
3266.105610979676	2428.565337866703	
3201.993754107217	3457.129702011082	
3386.122200744988	3354.812452326848	
3428.950060607522	3353.354178752891	
3645.8073302851412	3035.8200896434137	
3566.7389212643175	4495.121821536631	
2951.7822968183887	2795.2616057762057	
3394.3666199911845	3389.7323303736903	
3930.044195040987	5273.658314725412	
3663.2510168501285	3145.015917786915	
3565.171552995306	5892.39711204723	
3527.390897201144	1646.5024418024932	
4127.899436051168	2307.6327767353846	
3385.4154173599945	3501.2085242741246	
3455.1312635665327	2746.855393096538	
3330.074193400542	3237.6826914471835	
3551.7243406410266	4795.393773139054	
3328.643379859415	3859.4233905024485	
3811.5222284709916	3255.0409247547336	
3562.9086377160284	6429.677902533099	
3726.933344233368	5659.484817291145	
3966.8799737968243	4060.5219845247802	
3753.477417697067	1905.4986013006987	
3422.8829482458427	4096.188592718972	
3422.4573888435766	3164.0084812929917	
3661.8413900458577	4429.310121532732	
3004.6842696313274	3423.5128894566064	
3773.344157507742	2216.644143831306	
3187.5779790651095	3817.9490091672837	
3590.6134021461285	2794.706136478385	
3695.547866696571	3344.40468314512	
3962.5034091452562	3538.82863621792	
3951.200336851028	3166.6970331908583	
3705.111164231092	4171.681630248072	
3578.5347083854167	6028.42091813944	
3463.1303901013794	766.0415909010775	
3615.0356616894105	3204.4513986076518	
3909.7033776151716	4674.166578123823	
3657.5974250634995	3548.476905162122	
3633.8217776860597	2439.4524437154905	
3390.4064659788805	2516.896301791603	
3583.7106899527384	2062.1865107596886	
3922.620411704342	5772.750690757504	
4089.4357540667515	1695.8335373430475	
3527.1967626051137	3169.335090453883	
4070.7733165205227	4361.662939289588	
3695.035467286117	3221.9679846744193	
3562.7614393527037	4289.183779955842	
3522.3998427714114	1811.9051368657222	
3529.078336743807	2704.051432024748	
3566.185837209061	3268.265005192734	
3735.152275935535	3316.414132359121	
3193.154196872835	4032.6494567885957	
3558.3257690002597	1944.2553400958807	
3488.049187801437	2183.2593650643526	
3811.3782410742315	6344.055392793471	
4063.3840682263562	2989.191634954046	
3848.5206652431775	4625.736230632318	
3455.9528361633097	4184.845317615165	
3031.49530176445	3945.469602929258	
3394.7303016308115	3407.954217343183	
3370.403044559922	2119.9277943327415	
3399.04683809831	2387.468430384704	
3287.4956312596	2513.7009886148594	
3131.0899262856747	3033.093535657743	
3521.0149299156474	3584.859371701461	
3210.412390322107	2264.07287036849	
3012.3361959235226	1997.4256252843961	
3236.4314052566783	2307.505280283635	
3067.3091768589966	1901.5636104340663	
2973.7274253631203	2370.1167716942823	
4145.535791039953	2352.327836223015	
3193.8602082828897	3081.9767530126587	
3777.817620328833	1741.2355264085732	
3593.0847291656783	3480.48261733439	
3197.901779566425	2586.8157257778375	
3574.919318567707	3710.054443415139	
3793.630153215202	3441.1189892979155	
3532.4675234293136	4183.530722068868	
3481.3539527911194	2952.1856362363537	
3374.4126484887843	5958.344932624942	
3582.0860773835207	6054.592141277894	
3009.8409371369708	2254.90267760714	
3327.9569885777332	2646.2012787647714	
3517.0077489073774	3419.771569362861	
2874.6590794723693	3422.362107198525	
3266.169527766456	4423.491858332037	
3328.477115124337	2754.5686827713685	
2962.7889412077443	2209.3761045781466	
3554.404079636355	2625.61988132929	
3698.762818143491	4109.890616648648	
3336.457269012721	1592.5783359011157	
3083.4726016002573	3465.3782999382784	
3334.5471354782144	2514.0151334506145	
3547.6785774718714	3195.1802754099062	
3977.034896157939	7771.860029008749	
4007.7705743887377	5865.56862509651	
3649.775990405754	1782.2062032505974	
3345.490074988174	2499.3760235723216	
3087.3895071219167	3703.101192348668	
3419.5826691676743	3029.393955105555	
3847.9354049562617	3813.2948757736167	
3648.784235317203	1508.3100720310017	
3543.1829071525717	5303.959408699932	
3545.012994267564	3166.6835332587607	
3216.0288893860384	9604.644886258478	
3484.4369988674457	2843.899680626616	
3204.962099921749	4002.281834719394	
2929.199074113877	2977.5604757311444	
3632.988961048079	3336.5491452289616	
2930.089677895538	3277.5062651617654	
4158.7609675906415	5991.358821910169	
3361.6553245326754	6735.573763438418	
3634.3582916955083	3539.202023517221	
3396.8448133235934	4629.719540849503	
3011.912002180243	2872.610852497563	
3522.1312584525285	3210.93791979011	
3525.216984686509	2544.030672556076	
3278.3886839083957	4243.260527652837	
2891.9260061958234	3567.590748584741	
3099.21163349588	3266.771210243879	
2960.8290925040833	2815.2376924059386	
4169.253530999731	3489.496665409265	
3585.0906974329782	4019.046362025442	
3990.3313135125813	3572.3145168971896	
3712.338567357104	4343.077601129857	
3410.984893267493	1544.621850517156	
3205.3298418653385	4222.395264549095	
3960.2704033881782	3814.9715263595313	
3096.7512141383204	4800.173350121393	
3608.033672966242	2640.1372118696763	
3967.73352899099	4317.39287244421	
3482.8206078241187	2090.743669865453	
3087.527317309559	3059.3224342490753	
3094.2147564153634	4607.288203602628	
2891.1553894692806	3406.2753662409114	
3585.7994459260353	3329.868553851597	
3714.1527628400368	3318.4355589915535	
3567.7002549450017	2499.857481524789	
3404.721402828965	3062.1972437932773	
3684.784158651316	4292.036954919177	
3769.9531426445146	4718.8895227428275	
3511.8430118273727	3302.451295767269	
3356.0620004383577	3035.365748090804	
3295.7631286417095	2982.7692244457644	
3594.3708334813095	4950.755665966715	
4169.281043187245	3881.242627753033	
3608.1251420330805	3499.839892412133	
3643.4319130098484	5071.7218837356695	
3388.3026720098765	2604.3150218837477	
3274.753147863394	3682.26807894817	
3988.7222333584864	5455.495624472021	
3254.7797859319	3788.308885059622	
3399.7593025776273	1632.9636902076943	
4142.353988506733	6537.4958328247185	
4009.826278775492	1824.1802552352653	
4041.8686009810463	3888.278739020362	
4145.8219356305735	7713.663881185199	
3885.8908268249106	3887.6698876081496	
4188.4335861171885	4496.66917072422	
3739.317316766824	3086.4149307195175	
3258.8909301817735	3818.4149750985293	
2979.4701856910865	2948.3257235103565	
3398.176357836822	3921.8855878139316	
3484.4043351612427	4783.383106935118	
3727.204402856046	3339.671936622333	
3898.8664749182735	5846.89463304658	
3350.6520018987962	3028.5315010844024	
4689.372807861085	7161.2341318171875	
3725.331576517216	2383.940081853361	
3685.4806666485592	2910.6682673171267	
3281.958489463496	3578.9531581359292	
3604.786734637022	1902.6064028345231	
3379.418899615726	5149.61637128688	
3304.6453361465374	2706.813494276092	
3707.928003672677	2785.178914676171	
3610.26397719298	4272.121183205181	
3516.812676303853	3638.634080208067	
3574.2686903063204	1340.1671508100947	
3349.2395351008486	5702.910397028347	
3673.125329996778	3829.4292745612183	
3177.2602170357063	3022.9102518376435	
3856.924695452321	5584.622289268143	
3497.049050748105	3226.1773845073485	
3538.5529109136132	3348.549227102924	
3848.116062695687	2489.5794477173263	
4446.037462637432	4287.491227128717	
3966.0651262735037	4914.300435223255	
3914.446915397781	3203.6696121272353	
3575.766900404348	4786.2786004133	
3067.4648683180912	2439.6699894016733	
3657.8988952714926	1855.5081372307282	
3204.708976441609	7600.170279306014	
3575.8359021067945	2785.2706816796326	
3303.5364994752003	2606.8602311217464	
3409.139146028127	1906.5305706824693	
3818.688852137825	3181.0385818148975	
4326.203556860503	4632.622663118744	
3847.7545037631344	2497.878596866749	
3898.5351990520317	2822.2702906508075	
3733.2922316408503	5958.134491002898	
3547.451166380815	2935.500702271894	
3648.6524566924463	3023.6930398196027	
3700.625293776802	1844.8856317851532	
3490.0079716363316	1379.2323950610712	
3597.5331519137253	4487.971567780477	
3611.46747632773	4872.472179049595	
4120.487298561392	1871.36869314888	
3698.611310850167	5279.800705804179	
3629.355048733198	2600.6888580133705	
3977.4734804112436	4348.74332370215	
4385.7924597487545	3920.681683554883	
4513.771642099185	2582.4768973731198	
4225.254593292433	3710.572644772656	
4050.137682614936	3166.2255388418907	
3287.0093715352305	807.1977311301891	
3960.8141743320302	4293.652659546202	
3560.2029670081433	4329.201843164037	
4031.9609075420412	3482.134940985251	
3473.433365374528	3545.4866565834845	
3393.424263072408	3161.569632280378	
3440.6823477570424	4505.604233494037	
3259.633144037236	3849.1129045455045	
3782.4371526852096	2166.582971551752	
4159.328730140189	1838.138815833024	
3492.223298840332	3152.6748307694306	
2943.085947327921	2197.8561836025556	
3523.8500928550893	5588.346427748442	
3827.2040862496515	4129.085174270889	
3536.6967024800697	3053.680183372294	
4315.021023476879	4601.857287031549	
3546.846522626596	4584.062230241953	
3396.8167129533213	3053.4257991423074	
3461.763710522617	2640.828711849073	
3385.321887475645	4139.766318644885	
2991.990880388933	2501.751871649234	
3998.8041645421963	3240.7467983548863	
3359.8876550834107	4024.9865132967216	
3281.498618472658	2259.3198136382944	
3579.920447351757	5170.433785013675	
3887.1896465998616	1848.3242924526219	
3506.5340346616304	4404.040680981433	
3264.844562127732	2935.052379559721	
2994.6143296991922	2125.7819902107026	
3465.1878652272276	4684.161312336737	
3422.546767010429	4175.697709185421	
4183.688062975279	16307.068074829682	
4003.110706784925	3241.1750208849644	
3243.6635110836082	3254.264165284538	
3816.4374478361237	3516.239736662655	
3276.4545608339754	1970.3493276505385	
4007.8038073253965	2772.6807166317103	
4071.5347685776383	3266.5928791959495	
4363.841764825258	2074.950623667577	
3841.4313505180207	5659.333737442843	
3899.623661631837	3168.9212721371337	
3691.5119818033177	4059.82085236571	
3098.481861111078	5468.545210633041	
3300.294562744109	3613.4204724187657	
4076.5680251709155	3488.065499679478	
3575.864895897564	3969.2896623508414	
6272.538787202265	10404.313888150846	
3289.189120472917	3761.8712139218837	
3345.687191845019	1736.025447142657	
4214.913410634513	5650.023981248022	
2485.9098272325728	3828.670293972204	
4125.644556656915	3237.328298103306	
4197.2123099717755	3113.2819456224047	
3304.18637644952	3014.239582116441	
3389.5051938079923	3178.0760578277636	
3355.4082055195677	2360.2190030301554	
3300.901398092874	2536.601447850506	
3176.075643832488	2845.530553538256	
3218.398007513596	2414.069874340209	
4415.461126497132	5898.9735697169135	
3088.99548745073	3270.263610137004	
3845.674134392308	3830.3537499942718	
3533.8571804570743	1557.974251622882	
3368.2530907368296	3740.651285929525	
3524.127676406908	6049.818657989634	
4837.449311086727	6911.146040557138	
4130.217054354972	4479.034729584621	
3463.925824668673	5442.509172506416	
3557.5233706006757	2836.618440924266	
3462.774330745399	2402.391196423761	
3510.3834038503446	3432.756111196401	
3010.5473720898385	2951.181797978637	
3231.4994880898653	4122.561915262683	
2983.1404111618385	2528.713014646333	
3097.994706432701	2468.143278446634	
3711.15017356045	1831.4747235914078	
3552.6266502808035	3114.2351368016157	
3681.23404249668	3968.6082464424244	
3464.5994278824564	3576.3608125036512	
3663.8923404228817	4905.7179671803915	
3130.7484395613437	2633.5509049104176	
3482.5001410727964	2596.6494345396964	
3647.775658245345	4313.451982610465	
3785.567666449348	2746.6282894413944	
3628.0381904456385	4009.2891558689776	
3556.7583660681435	5158.832620529647	
3684.8186406630775	608.6033035636808	
3477.906788418742	1498.7895634647452	
3304.2776279637046	2837.1867499614905	
3844.1683578982015	1830.380445306906	
3355.1552033708185	2857.515071779605	
2879.297584337684	1748.3889694476093	
3167.3257761003083	2770.066315537309	
3446.851062406043	2917.7666520766966	
3186.269609404115	3985.35861272068	
3195.6118675534076	3280.838251341915	
3695.622772696817	5292.683948809658	
3503.5309896541107	2981.4674660113483	
3598.5382899973843	6467.625699846429	
3225.282950016443	5119.896113954197	
2885.1844142489094	2529.9915161262315	
2997.4080744223006	3524.5802846017623	
3768.353299949879	5823.165015722692	
3407.923415344776	5701.189083385304	
3722.288451885846	4296.7914374241955	
3409.831827754508	2326.3188692024846	
3076.6655850991788	3886.343947411224	
3446.1764628123965	2844.0760765114233	
3653.3024541462855	2548.2344164240067	
3817.0606781032116	2767.71416940909	
3705.352005714127	6924.103249750335	
3466.4328790082204	2912.1572333678128	
3352.633139988039	2773.1624607842264	
3171.652423977089	3572.613999907264	
3857.601525976468	5832.177030661498	
3388.2938380072765	4036.8809375624473	
3484.202234736543	8880.496636222357	
3482.557605590605	3281.143446358482	
3609.4072462456215	3216.990149871777	
4235.720840355089	2800.561225985505	
3940.780948465075	1910.7623606633551	
3362.5111872238062	4212.722342630932	
3425.09218784235	2029.5285122865882	
4500.655563471768	3324.6044774926895	
3634.571657428698	2446.883776267911	
4043.0034346835946	4815.3604740141245	
3009.3402626243687	3354.5608528946946	
3834.3199055345854	1390.6722197293057	
3636.731390043545	2288.779372759557	
3635.6620666955987	2054.713935116504	
3534.260491327133	2554.0607921335795	
3173.826756140606	3022.3646061178342	
3603.3262789007886	5046.680714791506	
2807.083324787638	2673.7770999479494	
3429.4957960540028	3167.819589014723	
3814.8217823825066	3706.3522882754373	
4481.8093920826395	6573.656522078953	
2997.9656243448553	2503.9947747851966	
3575.444083157121	5571.178982999329	
3958.643906301006	3355.12638173691	
3676.6457397934805	3686.231509461162	
3902.883634994976	4382.62931138149	
3392.0555995439336	3324.9817194081897	
3830.4274921235865	3093.227563637916	
3629.1044933914154	4527.543472392099	
3703.4240282404076	4491.05278584228	
3295.7965097527067	5054.158862615488	
3578.5654554442654	3673.8166811538163	
3399.9562609229574	3282.6793481807354	
4022.0850188553313	3648.8162048448917	
3588.9943615647862	4793.898476637504	
4000.294303486495	2317.8446941329585	
3562.683390115826	3130.118987251251	
3755.8427161961704	4758.016592782872	
3488.3744018490543	2360.673856992408	
3227.804434954597	3816.667658955978	
3232.022853768828	2374.3212813466707	
3435.872978907223	816.2075815284093	
3216.6387816329175	3985.27480289437	
3061.53576374424	2857.3592202173886	
3340.34487085399	2378.4883424124473	
3220.018402304667	3767.839770452108	
3222.1631452912707	5496.182321538179	
3513.275721948651	2156.605297813139	
3694.113048262814	4227.68238975262	
3677.5332457642435	3728.8040233926345	
3166.459937935924	3376.966947233664	
2869.9451499049924	6488.928984609462	
3336.11602412003	2934.7364919105576	
3273.9888590466016	3041.448245830033	
3217.35262679467	3941.5309569336177	
3306.5835485928005	2503.649046461674	
3605.6299941631055	2967.688671137184	
3597.1248803845215	2393.3450642936723	
3977.774358620504	5109.097971503614	
3253.346629672625	3895.064926405832	
4134.0850473271485	1960.7733465441156	
3853.2569567776645	3149.839176196327	
3314.2998393998996	3607.944924411685	
3671.6854256957276	3360.054847579277	
3144.8032842225452	3806.0028545088894	
4828.559361674719	5029.403053258634	
3510.4889578182947	2674.8764570153344	
3013.9438116767087	5744.8797135427285	
3084.8649146654343	2551.798517118755	
3481.636980284741	3004.3518691233294	
3604.873449702001	5627.157490057629	
3423.2713250878546	2398.287242980219	
3757.018344337209	1898.1104317814627	
3603.91436174186	2726.8009128599174	
3766.0328578435756	5912.937754172844	
3481.2445978723167	3589.998053571747	
3531.2039732862254	2634.340385192358	
3392.210369540415	3193.0606380860663	
3540.4655553460634	2886.953723606768	
3657.9374116406666	3541.1367671708595	
3705.032763758653	2271.2641719892126	
4461.475796858953	4210.953697334233	
3505.115843121982	1378.694435004711	
2960.705619128655	937.0817045351549	
3944.9504587210135	3836.2640747004925	
3289.932429095295	3245.01983136759	
2980.0483881785008	2671.277563074685	
3304.3929681711975	2893.327834252478	
3406.7783217818233	3827.434613346272	
3151.822391659276	5525.236587841862	
