18.757597624693215	13.992358269580796	
17.185927718675032	14.723458815687474	
17.134499641505567	13.16556379746679	
19.039910283402005	14.210798136106177	
18.937585622889085	14.726527557080514	
15.937578830122888	15.328418984790071	
17.436118359441075	13.178021752552985	
19.597726312921115	14.68292302359386	
19.163206344438393	14.672216216679711	
19.45051347998226	11.058667163819898	
18.091934350044536	13.832062435820117	
18.085998123873434	14.076721820142772	
17.585728971825482	11.266558521642972	
16.042190163082566	16.10589768119503	
17.160108677231786	15.500359613678965	
16.97309320690954	11.868503573454072	
14.92188180096553	11.51248060253669	
16.909712305276667	11.490128802880967	
17.10668697336467	18.71270398890047	
17.625744834696352	13.378017429805661	
18.79702744754901	12.150914234484501	
17.991540226595635	14.050151030379649	
17.02954573120592	16.403178604887263	
17.26114652350986	9.832406376031924	
17.64584969725736	13.219271065554612	
17.536148100672044	12.60946975298565	
16.41346951995807	14.323164679373708	
18.821895272959036	9.772404833386517	
18.407630828778647	15.72789519273814	
18.402122316843556	13.564543036094227	
17.70314232139642	15.01324283190354	
16.910944303742813	16.16844141866033	
18.632645400001056	19.349444560134906	
19.21275666486165	9.07600537258289	
19.196072629728338	11.5596593435076	
16.66784555265298	20.078779564512093	
18.26134134656337	12.419243548047675	
19.238109104472944	18.702088369620007	
19.84704016343808	9.204698800669162	
15.792564396146835	13.745925050579322	
18.85584167313619	11.234066184418232	
17.441043602380265	13.569410464270872	
17.14429455106777	13.761277088343306	
19.035197780959276	15.546323719759386	
16.027022592782355	13.135024280874687	
19.12243907411464	10.163110105120897	
17.469149221044972	13.666764076514465	
17.349353555406775	17.09159569817321	
18.12121053814784	13.726497185023176	
17.321500575414827	17.837441739784953	
17.83034363265395	14.682068909178668	
17.627133361514787	16.490780805696936	
17.364996608536558	13.227957831650357	
18.374276999221838	14.366470041325206	
18.13255654836318	13.322747834667675	
17.402581153970907	15.184752425424158	
17.86312571052744	13.090145242099867	
18.205621889444277	8.912665359094227	
18.857566869825387	15.44398394871079	
21.262733958157423	10.40182192374362	
18.31971824301976	12.372300877345493	
19.010466381723038	16.673708600773427	
17.852697478037978	11.302095349991395	
17.65132330914485	13.37088253968401	
19.315093229729353	13.579514235003366	
17.211608925122132	10.286172437620031	
16.297508697851562	13.572942373689298	
18.401691343746062	16.023739868685926	
18.607696051078037	7.242322994241463	
18.161778344453584	9.889183536363165	
17.645906708255172	9.628866416818878	
16.210427309958988	14.936255246264507	
19.195043065244203	11.455881062138435	
18.418725154164317	13.544810978444293	
18.16227015773565	14.6244680981624	
16.286926021238603	10.165687334768473	
17.206257542549352	12.60586002272116	
17.301063592138203	12.541130565115822	
17.66103064988706	15.395093710954745	
17.67726325049302	13.812532869948841	
17.09318961428425	12.102258711723719	
17.533253290033965	9.563589932060442	
17.04906772925347	9.936122874250998	
16.404164661422957	8.468853994336856	
15.886400564567595	11.406637734327846	
16.94772741435344	9.738587553736872	
17.694822017399165	9.139028431293902	
19.35653748645399	10.373672289762627	
16.37852997806611	14.807211886166145	
18.406753582819928	12.84003405454643	
18.983048311394164	10.672843795439588	
15.871779575981854	13.245887417972414	
18.921750436466766	16.105556991557897	
18.754962800598513	15.400458531987068	
16.319992483178897	12.933053399949062	
17.03796617931902	12.699033296695733	
18.189349915630697	15.134770849336315	
16.494735636103833	14.044002894807456	
15.51477463442682	14.224243452535767	
16.10535237223084	14.640563479623346	
18.57626415743947	16.259630530002042	
16.971575831971535	9.796905302815198	
16.893768005132188	10.465890758965513	
18.325521050516663	12.50819628382164	
17.95400375363157	18.507789001487286	
18.81221313001209	15.524891301987182	
17.915875526780155	15.510545238225774	
18.835247696007674	11.960316690003037	
16.841557873365105	15.565338146113719	
17.871270446066156	10.316112480148618	
17.475205309079936	16.07006598471091	
17.488248218057578	13.430905783697993	
18.69527168710166	13.641675310544349	
18.05291614882693	12.79535155162881	
17.454938771597295	13.557117303768186	
17.179558946471314	16.142798783332655	
17.358820057869675	10.363751172617809	
17.98409557317164	18.447828078118317	
19.264996132430262	13.427710082457272	
17.586145082884595	17.722153554347997	
18.767095631135998	17.49608854463139	
16.363009641928542	16.26235353605469	
18.253089122989817	8.95236359555898	
16.590696305730123	9.80190806823858	
15.767130532686545	12.297842325902062	
18.02096947674977	13.013416201237414	
16.778281286977663	14.291232979469337	
17.582908601862904	16.888155126985755	
16.257242926874625	12.742612724445085	
17.915230069451813	10.031645975134744	
16.19823998401296	12.60382160692101	
16.347799295116975	13.244195269891467	
17.4199030503091	12.702021789327361	
16.210162916345567	12.529322252891117	
17.7299606128475	12.41149170364692	
16.611426999660043	11.204635486137484	
16.75466693255236	11.1213187038447	
16.555083788715606	13.562067514885355	
18.101246540562705	14.92609489922453	
16.73670712416574	11.97661101024393	
18.45908628054619	13.169185778011686	
17.88035954974572	12.604897217215472	
18.64580223084235	11.40697007611297	
16.85006039861192	15.087431364348966	
19.805261487066222	13.284202322423873	
16.892224649517168	18.027557923549203	
18.171519259946095	11.184846562664765	
19.000394717900235	12.469444023130857	
18.7514716082212	12.830647918962097	
16.355453858125625	19.747953465790363	
15.586988276771043	13.050601453572254	
16.02893997944135	12.840627105231489	
17.79730552504809	8.925165536767551	
17.44011442691396	15.167348159508173	
17.524048393962016	16.64667864440024	
17.252315113524478	14.00091078519831	
16.083263163749635	12.973699552310157	
17.46123133955528	14.388182351084257	
17.564234172151746	12.724307334256366	
16.030465583958602	13.606142562297975	
17.789883875403817	11.535746013732922	
17.805555782455706	12.839041680379436	
17.49290158131519	16.83534220655385	
16.476727967333034	12.99082999021228	
17.276585415924075	17.234804520827854	
16.962993985120686	9.332563362532174	
15.132853861170675	11.130943263455078	
17.404305902656315	14.113460973937933	
17.069242096552195	10.433057054895471	
16.10785585784372	13.970799234134102	
16.487557157208283	18.046829441781526	
18.452362827418387	13.346312636080006	
19.52692719013702	11.390131961895738	
19.709466750879265	14.297840211803942	
18.923772371104246	15.17531833251489	
20.454436458775255	18.921086309393246	
18.996648851147235	13.456848662413496	
15.829454374508817	14.744085926720771	
15.354451719125953	10.39287834336481	
17.27014156790995	13.637368421311757	
17.44701467516507	16.439079773266517	
17.76566876948714	15.900733266116383	
19.054025248067834	18.056808277145553	
17.84074953297026	12.23765136971783	
19.40119107023565	16.984771458011394	
19.68863083423549	8.46936065197141	
19.045373444667494	12.73645607362909	
16.971030267141504	14.265489951226302	
18.593863871623917	12.772904213943795	
18.201851971740375	11.405813621753197	
16.204584760228585	13.48540930181873	
18.135198392854964	14.867750602798653	
18.17396351116417	15.299199341861897	
18.485693137302608	13.286854096750831	
18.667542389654493	11.905876019238278	
18.2556893343965	19.1912254433872	
18.48004909198062	18.01431622811387	
17.65031020751931	11.899039697502237	
16.59981356705105	14.664270047504427	
17.506363028748122	11.123967672629632	
16.9754853399376	12.319711232899628	
20.659032735992184	12.914387983786291	
20.508064254673705	17.868540523561027	
19.123626173380142	13.055938576365508	
18.54938754075967	16.352913480905634	
18.413698355258244	11.040288301541223	
17.342939682567554	13.426611897721429	
18.302812749359372	12.262322511978931	
17.59395399944294	14.12521359399523	
19.508920229530847	13.733851591152627	
17.689031765711558	12.881468700146455	
16.999782325031997	15.138225321489186	
17.998103504587245	14.592058209839594	
20.240783708584924	14.022344662746452	
20.39759102185681	7.979833165391567	
19.34530107054518	9.394655298247645	
18.10630919231508	21.553131551057533	
18.648498224878743	10.883839781164571	
18.20919051402583	11.890303472201854	
18.829868663673412	13.509610135156407	
18.19481517125662	8.237712030000953	
16.59667273468658	12.246567852659703	
18.651833815746766	20.423350965339694	
20.961851214324195	15.38845506597561	
18.344904340779973	11.647200286121185	
19.249364311339974	12.66115805784725	
18.94309170497276	17.288745704886313	
21.09351883447137	12.453934263268094	
20.857456304390595	13.236163923284494	
18.74234124614143	16.574095060218262	
17.40158540200588	17.338800748260134	
17.78511433409583	16.52957507436144	
17.837797749893078	13.723514868441075	
18.015344019314607	15.853511023536829	
19.28954100258199	11.323051194906675	
16.108523723673887	13.671332137950829	
17.166937835730504	11.21187701982343	
15.715046641428195	14.716644139027546	
15.97950365147494	11.90983304444751	
19.817982726387754	13.825004762627877	
18.73295742374596	15.276961394746126	
16.973615000603026	12.454599906474373	
16.56873402999426	13.889352114962204	
18.43751158131193	15.96852566877089	
22.076259249840096	12.017885881695781	
19.38387883451851	11.037677688191799	
19.178381458066745	15.176102813948557	
17.449194017959933	17.395740860439094	
18.187636442607428	9.250752443936053	
18.21615339004684	11.528173659636296	
15.508040044295708	15.49591940168767	
16.27898732036175	13.476896129002446	
19.85521887929301	15.281233931847465	
17.63835659398317	12.636361575864386	
18.348073371042194	14.363304470425687	
18.41553267430798	15.026664320932941	
17.8395618174909	14.509594068880993	
16.23886615471654	16.23443740991731	
19.620898064532234	8.019720649014522	
16.30019625112773	11.515678196267617	
17.924373194583495	10.932857855683851	
18.034424131140714	14.030800899307218	
17.112982457937772	25.123616131791916	
19.616982260576282	15.123732867959413	
17.429985797342393	18.56022287190357	
18.371528263318297	15.163212444539258	
17.9166014564831	14.949890215016374	
20.703735057474546	16.144226232460536	
18.5765526857784	16.086626184794774	
19.870276457220367	10.031770940051063	
17.151142634982904	14.643845769353987	
18.853224826197504	16.10423625022314	
18.214895715413412	16.67896732854177	
16.116713986724655	20.28494074088263	
16.70993680368079	14.184112059774234	
18.010066680440396	16.669522496537063	
16.832052576691023	10.202515848436873	
18.624892072076374	28.67658064925781	
16.248312489797556	14.373445303269191	
17.682263241037568	11.989010317710845	
19.359449140227483	19.738913557101398	
16.57088809295009	14.542011838420402	
19.039514539097212	14.373068665757723	
20.869700473902352	13.948623820128535	
18.813627537410092	16.11436021839508	
17.851853605605104	14.391746735151536	
17.352564548439194	10.592318614119277	
17.26722902221146	14.26018496879177	
16.865792275247834	12.113071975243308	
17.502231351427216	11.652770436682275	
19.650886781185527	14.710891675262685	
16.12234295451171	12.598113490106737	
17.635242095682504	17.5789606767978	
19.466919992596882	10.308564450840219	
17.69832203856345	12.300239801651715	
16.8327222972004	12.634699079934109	
17.447014285643018	20.94210459402151	
19.08576843639978	16.146542482316878	
18.258657467908048	12.704817576987118	
18.097919767810936	15.04507447241568	
18.28474627561254	9.982025783476718	
16.55443056398282	11.80143567999431	
15.375235749015312	12.422842380899544	
16.34095712847868	13.743979547350323	
16.650416944110738	10.403162846331323	
15.766430458692081	12.263965740866796	
18.62554539063417	12.378591283347804	
17.436006099679467	12.933711900801589	
18.04725601778121	12.305477627888477	
17.860499885269682	10.43889287396853	
17.787594234342446	12.94148086249355	
16.456731264043277	14.970487292493022	
17.21244308836463	10.670412751711869	
17.253020325600673	13.94852907897109	
18.667090169460224	11.579367080721767	
16.344893115184984	12.443800970362886	
16.330621608689675	14.804383667877689	
19.065124851168456	10.241582827701487	
18.54530030247205	10.648120968006623	
17.11811930929344	11.187732993435471	
19.57474274305635	9.209364628299396	
16.529583417781218	13.937818401947721	
15.730164753508856	10.512078688681026	
16.40724842682744	15.809414209866233	
17.347498214247288	14.417535340223107	
17.830184717471685	13.874494151012522	
16.710897307697703	10.78718732519748	
16.667441999349776	15.982006898610143	
17.762600527405155	14.11566129986934	
17.46283689701872	16.72222707845349	
16.32651501812848	13.104774938685422	
15.685072200571026	12.72850318663585	
16.051650912103785	11.16868107760093	
18.20715045827893	14.9841957280137	
18.490650568917424	10.82558496514855	
18.349354097975553	14.056418544952821	
17.652703605916937	13.285498453026712	
14.844080544201875	14.6582694385154	
18.54232146670823	11.066349755961753	
18.357368675360078	10.133178653566336	
17.728854701459134	15.14448779502168	
17.74169216301985	15.768248725183438	
17.249879603995463	14.662895085762518	
17.949852756911845	11.854704413009523	
17.117661276954745	13.172028316120347	
17.79013705361978	12.46667311845334	
17.18138811034344	14.371873562542614	
16.334251696670236	8.634999565446844	
17.494644220389326	12.630871865978616	
18.164551786687937	11.44189229325156	
19.133235383169318	15.273622344535541	
17.854619080819926	21.45063134191501	
17.761324929623406	13.311689187384896	
17.60161779521958	14.334259935446132	
21.20678957058844	13.763276214811478	
19.73059798046795	10.352042944689483	
19.225314572993835	16.685694054491826	
15.673987841796952	12.090677503803997	
18.47686304991921	11.995723525125275	
16.49321078614856	14.445232610621037	
17.621373120013665	13.523334991450586	
18.50881695183262	11.11421757925541	
16.6590809021798	9.316900839950605	
18.545681777737258	10.220965833896429	
15.93082824819071	12.65491706126939	
17.886923709127	15.662333151168657	
18.63736370306779	15.45138509695375	
20.410460509347814	16.565279823393173	
16.40362349481403	14.910147753625933	
18.363043373412193	13.742915665759439	
19.273588116883367	11.6827523885012	
18.815055135306434	12.56117474898746	
18.70857716578625	11.273029530643027	
17.557093247242864	15.34406167592517	
18.89451235910006	14.621405022725481	
18.705928560882388	11.454014314096396	
17.316948448207256	14.854709182315581	
17.314527112373625	16.14334019214854	
18.63268475702044	11.542611815333387	
17.55060477690109	12.691274972905934	
18.82704387586647	12.973437319346623	
19.226646539310345	14.22569070956341	
18.825572802398227	12.890684325423567	
18.62726457413817	12.308145224246564	
16.133123349439995	18.83155553986098	
17.527278993637214	11.137459531858784	
17.113644640825477	10.502989306496078	
16.59844272565407	12.18478280438587	
17.299204338908087	12.240637009324775	
16.71070640632801	14.15693992039275	
16.386790149960895	11.317816585504021	
16.54868917754027	13.71465527575189	
17.209745936441625	10.282428245491618	
16.940249598179676	12.01893351279297	
17.48301912968565	12.96081243764072	
15.326036696935091	15.91123721039025	
16.9732393092604	11.975360427394175	
17.53305352915543	15.150360860388627	
14.929202753987434	18.425345667176202	
17.39226073406148	10.336815029052618	
16.475906519835828	11.417029098760105	
17.112677329296965	11.072698453765328	
18.23482730534986	15.538690832297336	
17.2715843620404	14.43803490181493	
18.3600028178306	12.229223851045747	
19.793442919920206	16.751166737611946	
18.301172273321132	14.776267762898867	
20.339291779597605	13.685114390619606	
19.95731292081697	10.798059897016902	
19.504680101672143	17.56552558337386	
18.666845234536076	10.65352538015065	
17.06992878678178	14.48858430256641	
18.17686572203264	18.741329295036348	
17.13503204518484	13.63667148068052	
18.373096449812955	14.597286301917864	
15.698365446934597	11.361799806224498	
18.099280988779995	12.405244018492434	
18.714549161249202	13.678129362011457	
17.524054395086726	12.47053018749764	
19.92169971147862	11.42065044574045	
18.82879163417218	11.109128121979284	
18.919771326979724	19.341078435234664	
18.00060908033338	13.397537810541099	
18.34442179772718	16.593045392540873	
18.429715935043323	9.847848375367011	
17.19841609014488	15.645051887705835	
17.808168745769812	12.607770673013821	
19.41480419431583	10.591749276523192	
19.308023256310037	16.98397630522754	
17.471130998425238	10.211266324397817	
15.958008927311088	12.121972146629119	
17.355483795032036	15.926777779371852	
17.72319203019911	11.138149294069834	
16.948667476439873	10.303732634593146	
16.443025182357452	10.972725987614737	
15.987534231858342	11.643271370031327	
15.792195836344588	15.2819037816332	
