19.051966559776933	14.00170220256679	
19.904255830592554	8.982229578243379	
22.147823993162504	11.403207726631893	
22.64996478498664	12.798717411416293	
21.590408582737155	11.008679134316667	
19.538794169794375	11.58175945856786	
21.25614794120807	11.36679921373467	
21.49383360121525	9.532338942617823	
22.73204084967372	15.561559487556815	
20.635497441193504	9.90553607902436	
22.83668657970716	8.802673507442952	
21.044997128180103	9.522852760797235	
20.076872465858724	9.427561344001386	
20.239689691850945	12.247669195577338	
19.786338013591365	11.35434601370573	
22.301151547070713	14.635657737983497	
21.028118615208303	10.279116154034295	
23.16810257280058	8.969395914022673	
20.917841764382363	12.510155103150497	
21.053695303394072	11.537904309862347	
20.26817637079192	11.062750432261986	
20.970756941515717	8.358124609542456	
21.358513396146172	11.190560511943728	
21.41525466237707	10.790223924183083	
20.03031052793626	10.31662446537998	
21.131325386609873	8.321119339954038	
21.746859073481943	12.282268890283946	
21.107890740945585	8.467408139502824	
20.445794438337018	11.130445440359967	
21.533440534230248	10.395224834974583	
20.90699005994701	10.695184133301193	
21.893118868951202	13.759792584098738	
23.37289933823832	11.551781820912078	
21.78995801932381	13.003222803792912	
22.53033970034537	8.657680078544653	
21.892335908325546	7.209899479363328	
22.3246948417719	12.93201757033512	
20.528538428418827	10.093135866950178	
20.540825417987143	7.451404500901021	
20.280186653335342	10.1015738407582	
21.023607861579755	8.227561531211146	
19.70885888377481	8.221549593381939	
21.30264134693889	13.26193355715029	
20.894379099689253	10.135728267515962	
20.708019141192413	12.26650234588878	
20.927217741608132	11.547847470049417	
22.201159268862252	9.290244343390992	
20.99370754081742	12.904431605543001	
21.28881056185638	9.353329958316175	
20.240280253288056	12.633407994454545	
20.082208327951573	10.766121112246502	
19.70407931311099	10.715438313607663	
19.7297179838218	12.507330629432245	
20.22250716996167	11.489414104548986	
20.198338355249124	11.030081252869563	
19.849737082301697	10.406324367227093	
19.712614512427777	11.077644577833128	
20.120028484859795	10.929036263473797	
21.02807952334666	11.07179177061106	
20.466461480851343	10.34466948411901	
19.673825565773164	9.586426117949834	
20.178558080863077	12.226402587603108	
20.902008578345836	11.577463573686845	
22.06006003661785	9.721928277337144	
21.04951799854131	13.937558733605918	
19.37546513708849	14.173262471755288	
21.027340553715057	13.303900669364802	
21.18103434596438	12.81713589966471	
20.602894229621587	12.56324634017907	
21.2359117195519	9.074945470580793	
21.939858552731398	10.604868266441365	
20.39310032673072	9.095138032242124	
21.399910242166147	11.23222600727046	
20.767377507551814	11.02048188694587	
19.924092690844784	10.480516942440467	
20.918321442367407	10.507341844230991	
20.709967852944672	9.584987453002201	
22.14396316807898	9.289286487163906	
23.35018479991103	8.83034759849714	
22.27419388228491	9.395810119487995	
21.150184065685767	11.78353548256283	
21.683140817296305	11.341388339251518	
22.70140396139331	10.130508108011147	
21.8381845120735	10.110643110967294	
20.916200088269555	10.356390511549188	
21.601339697520107	11.655475553549602	
22.332323254609303	12.062973646849155	
21.711380775260682	7.394948903583373	
19.06722218195237	18.084556340672624	
21.699650995359864	11.120142238210603	
23.66379099631899	9.09955731204988	
19.98413849954393	10.870642872461461	
21.883246771461828	11.083643880072358	
21.568693463153583	8.736381364539428	
19.5102790719442	13.48368787796983	
20.861243525290845	13.590488593686146	
20.777696454733537	12.609139978340869	
20.293649619691216	9.735724343565142	
21.509171019589708	11.26198849026857	
22.188162785202927	12.36205229606309	
19.90472519227659	12.333447305544178	
21.049965672277395	9.411341511027263	
19.343133651935972	12.292860182628319	
19.918101482014375	9.297174566236475	
19.265417788357507	13.140574616012744	
22.102205556492162	9.688407848464227	
20.180890223007314	11.702550743782611	
20.39175869668804	11.8307971237108	
21.633360409933772	12.8569070065797	
21.981100313052927	10.676154903956405	
22.49371259706696	9.849677100801763	
20.62580202623153	11.726331798371168	
21.37069165452868	12.34723597285445	
19.765419004285388	12.83846742920182	
22.04012045487792	7.164049391936029	
20.951537267807648	13.776970337448416	
20.857043039028813	9.848247225931548	
21.133855314376603	10.32589465781953	
20.972812421934744	12.483385113267603	
20.076363447377158	13.254547167333223	
20.049269295257268	9.067201401791793	
21.23846191363	10.77277194394327	
23.376829399021485	8.521319685552523	
20.97738796634353	9.405318794947835	
20.33780810785057	10.928241570426607	
20.253603488875967	8.413813947735619	
20.602324207929037	11.559820159450892	
20.458588713252635	9.390687237458465	
20.363216401022424	9.535640026017896	
22.219975667063	11.87818011127014	
22.40061076899607	10.361472191102461	
21.53771583464335	12.627538546946845	
21.370053161310537	10.709413230500461	
21.264114117457392	9.92141105635967	
19.5090754476942	11.51035315803695	
20.66451143038111	12.42541491817692	
20.462137162999763	10.766847995642134	
18.986840051901545	12.82446432149405	
20.082678453211884	8.097825518355867	
21.124820697700386	10.470118752472718	
20.721130556950904	11.607983722491994	
20.592156354604924	11.597223329297872	
22.03338317062946	8.377153788836988	
20.897956863832004	8.011598195659614	
24.36074477180499	9.213390973402063	
22.316020597596403	12.545027001501214	
21.35418406617859	10.925571335988128	
21.899053391477082	11.315738409277522	
22.957926610311112	11.625777168678686	
23.47200720074844	14.62872490143439	
23.199277716358765	18.495205236549424	
22.193370081350416	11.022678661979523	
21.54656582913207	11.705557593721775	
23.45183437453915	10.79475364823541	
23.791417200868857	12.41154946437416	
23.140444207523377	11.615316800583692	
20.427578090581417	10.971799316786782	
24.83661528023706	16.07248014651517	
22.0871259770965	10.330237748304752	
23.13229417712049	11.673095323758828	
24.222084830082387	10.856148807660928	
20.94237294703816	14.003427803111714	
21.684056134226584	14.663564152250299	
22.24611073823491	11.566294617688541	
21.879865280557077	7.42413563263895	
20.159140100639256	11.035053213193912	
20.054680091744114	10.55308651082456	
21.448430341938217	9.681156054589602	
21.12261632150495	11.376780868801818	
19.875060989580344	10.324507825701428	
20.74963396070178	10.690142055708188	
19.956981140891376	12.501980618287948	
20.20260592374171	10.117874146855481	
20.59309141064827	14.107753790184947	
20.516090614899486	8.436232331973995	
19.361866342036787	11.046456610062751	
20.88071220545301	13.398776763600932	
20.158620105185694	12.237494978407472	
20.374077231534866	11.688261930944767	
21.200983441160457	10.896802998425041	
20.05441118996501	9.642806116511782	
21.876690457122365	8.930169401022424	
21.202156494853433	9.521581890377867	
22.429227637186393	9.705586919671825	
21.830188305542638	13.132337443529853	
20.086691342907063	13.542596515995761	
21.10799181046986	10.441637782353615	
22.623688843437268	8.80580465104743	
23.098762239582	12.124993862914542	
24.068637102250925	7.316825517240172	
22.41038882158257	8.981095779807085	
20.939244096538655	14.354260004805589	
21.605696724033535	11.349232458700913	
21.502856760101857	10.091786123703724	
21.450296865542853	12.634557390462696	
20.745911359150988	11.146212032346465	
20.12541736849481	11.09384474240566	
20.703987179230563	7.39664695210296	
21.881928651664715	10.561106458038301	
20.635687358404915	8.576799267223812	
23.082840567247075	9.074682721610035	
21.453487713891455	12.741435203267018	
21.905982811403838	10.846160533431265	
22.151691900418353	10.585677931270592	
21.17612416872119	9.510518719986846	
21.80687807094148	13.239864802756152	
21.568681493771354	10.084558733860197	
22.026923476731202	11.700059310286612	
22.202886161972827	10.43284817485287	
20.738750334662182	14.469159280082401	
20.195917244864884	10.043243247335926	
21.990742589867963	11.962670793050433	
19.853675873064283	11.481520077842115	
21.631174052390705	7.727767543920968	
20.699130016665293	11.031335346557317	
20.268624372428533	7.091891842049568	
21.119668850537863	10.086003001756437	
19.885469914505805	10.168357501519731	
20.940019265402857	11.27316527470322	
19.74549875184904	14.65913255829884	
20.72628116233522	10.25377882780744	
21.206394169867306	10.12479484036222	
21.07872398153136	8.79241301115122	
19.80750974597671	10.008354277272208	
20.90825198059676	14.931242537692913	
21.7442180533617	8.182490830346746	
20.90302011381743	12.03768656710875	
22.328944826908035	11.950922341907711	
20.47635822251352	10.465627157113365	
21.104967602251193	13.290691280046296	
19.357778219874422	12.252166140978353	
21.919055551827157	7.848151057277094	
20.29311536429426	8.54396593719933	
21.45101427145536	11.152474078995667	
21.57921090647257	12.362714681892081	
19.21910331467917	14.967807387019167	
21.722850487052582	12.511901181555904	
19.226025477277545	11.775234297497711	
21.862831099274768	9.28361026025217	
22.38333815139003	11.127292034420268	
20.510274190036835	9.65351124523748	
21.80662000199196	8.622699235732048	
20.834302516344163	15.82822281042745	
19.593237408150852	12.003714046690744	
21.94647300086928	14.213135057627534	
21.32380276824289	9.895059242225644	
21.27525405395437	9.443071720632224	
19.469326329971093	10.811662204189883	
21.944034837201855	12.973264038157769	
20.93240008436495	9.457469906746061	
20.301317744591895	9.768162317739181	
21.630657184362985	11.596174916150241	
20.364518250328803	11.28871044994751	
20.96504214582807	10.86540883970654	
21.83259433242527	9.811770119329363	
21.077432192802203	9.48730817267933	
21.22772891988244	12.193566253148441	
22.574058053410983	13.174464811917224	
20.212193338077412	11.939851397452347	
19.809934004358205	11.280156471715728	
20.432984172301637	12.325692149525583	
19.254967771243564	15.898448000236048	
21.45386427314794	14.60394012994875	
22.242526180604614	11.310089096151334	
22.51624766160895	9.272939406573157	
23.222801513812346	8.895638244334112	
22.01815090226383	13.326129001572989	
21.11210784406477	10.73429289022148	
21.034061635309975	14.69190498969579	
20.888427592343813	11.952310654114225	
20.279573891126834	12.792408313360582	
21.486034547124472	11.331992265722318	
20.13953105773596	9.060647652202247	
20.288067299806208	10.79721704576956	
22.482544216473226	8.452407217937703	
20.915892730060555	12.538495944667922	
21.551705603364333	10.79962305621745	
20.40155654147379	7.863450089411633	
21.281583062843204	8.970828359525138	
21.150816598997245	8.954104789541312	
21.739424934299645	10.861028612808118	
21.811783939906306	13.514855226533992	
22.043215208107235	10.187335419263743	
20.871650812619325	14.66109199815937	
20.191439922442854	17.7738552155739	
20.70009608295054	11.14507192983827	
20.072338046958826	10.081989140864803	
20.858991173114575	11.764284545526603	
21.121810427121893	11.208665563438656	
20.82027430840647	10.670131288658947	
19.32924083380721	10.914377001008315	
19.35401609979767	7.637562068631504	
19.325839398214875	13.307613230124577	
20.609427503217336	8.556026651800654	
19.52845929188852	11.257437237284519	
20.13619013141126	10.626236168599492	
21.662710128087507	13.975394343101726	
22.208696362531736	7.566843026271549	
21.735733199865457	10.358004739931525	
22.146929746865677	10.001068078663957	
22.979431199071193	10.167625467470216	
20.564643940076895	13.306465923531576	
20.813270208476123	18.9354512107649	
19.79927408477771	11.808372660547548	
20.686411973496995	12.735419815502318	
20.710228498407727	10.503485453023481	
21.926447224657657	12.943551027654918	
21.5740903805704	10.249081213905596	
20.047325770256794	10.667731119628368	
19.213781191168486	12.925112391117814	
18.22733324272862	11.94904256528522	
20.408728426474536	11.14067163044935	
19.170199445510256	7.4059709154064235	
19.23302730605395	10.998505124955313	
18.85408055899218	8.904688098749292	
21.232498260114227	12.127358205470719	
21.5783607414441	10.645838621192938	
20.97535889217542	11.332391498550907	
20.563432367995972	9.141961778092632	
20.97282609682024	9.962439709599176	
20.435694668433936	11.02431631223303	
20.09256573052515	9.500468967795056	
19.987746709808704	11.294531214722143	
21.194758635071363	11.252631327610915	
20.76475245251618	13.467747089384778	
21.332533575511547	16.730221846314816	
19.909146199744047	12.342308091951018	
21.22486650758548	12.48856783863874	
21.271675082865393	10.516808576956496	
21.533570929936285	11.670528689027854	
20.2969417179294	10.486716105369817	
23.02816806504451	10.505239314302166	
21.160692234702722	10.752928737886696	
23.977695912656312	8.999604436059311	
20.943915539053553	9.186262793505774	
22.199034854155403	10.144188842848717	
19.55159044459642	13.142103981785873	
20.209377532418145	12.692493466256781	
22.371454487526506	11.691481464292522	
20.630091440028764	6.822467177248501	
19.70963670190262	10.721929082604865	
19.71529088675169	14.359022946173404	
17.774280612308097	12.724907153631534	
19.613603572020338	11.098691286887922	
19.961959551784275	9.186891234308716	
20.371691562908342	9.726560399203759	
20.801929830714716	8.107177872788027	
20.318691699765548	11.992645808076027	
22.419297478529234	11.68801319966202	
20.91218790815544	10.996727843469268	
21.606043055710106	11.092958659687378	
21.289854587498624	9.27475256459814	
21.659494260144964	8.374983939747477	
19.73167856083451	10.18009419416985	
18.59387769900674	18.300592175699546	
20.757065663883964	9.013840344926153	
20.166267150988183	12.16462864215427	
19.543392676461213	8.607833423216698	
19.99989140019432	11.781888607273444	
19.752633496132194	13.43079375021866	
18.746780649975964	9.708101044505879	
20.35306040384234	13.373493823161365	
20.48916570778801	10.50656025652512	
20.810315512925982	8.620051335128482	
20.110653459661847	12.19644403416415	
22.52863962352666	7.996742421818073	
21.975038579608192	10.762947318482473	
21.1747162670007	7.968869579380081	
20.28065958422163	13.191603594166386	
21.266230420230443	9.127485721305861	
22.32250007059978	6.915458877677334	
21.66944191818347	13.34761098237927	
19.951753058014962	10.578905318301752	
22.6595388523923	9.971845878147528	
20.712086595693723	6.612863827798479	
22.945816339872728	13.477158884115537	
22.35162053282405	11.145473867116532	
22.76589898331386	12.397084897243246	
21.76855939480637	9.796073340375127	
21.85269225354332	7.191378818194775	
22.47346360344474	7.60961349655644	
21.959869738860377	6.6513041918595075	
20.990852166900748	12.094201242340617	
22.266914286047623	10.8434042005088	
20.64755002004929	11.968786477962066	
20.673925838478898	12.937148973796349	
21.76444541457194	8.357254510776869	
23.215944978959378	12.60426851834069	
22.484967850594973	9.709380709669981	
21.340983922970334	12.757997627916634	
21.69514223682384	10.123941274360922	
19.84255924041997	12.215874485410207	
21.07080970870641	11.932298455450242	
21.524467483571296	11.788413015955303	
21.199384681037866	11.077403677788531	
21.69345286371387	9.328697752006345	
20.24465513783675	9.940200056297385	
21.554717887016967	11.05005114532413	
20.605235748104516	11.555094978693784	
21.576776290074456	13.545970881305045	
20.6683127328318	10.238079182567004	
21.376698447795093	12.041332783426036	
20.751409153999784	11.453135250531377	
20.651467481816336	13.405920686908525	
21.651543318051157	11.43965220525761	
20.171061693921555	10.125160074870076	
20.301396780860482	11.67994115769237	
18.348363018420695	10.797733400407619	
19.8002486781392	11.5325358252772	
20.191830304381533	10.074704541842165	
19.326635251855066	10.005687391664518	
20.786314170343886	9.744846154548334	
20.08442641621767	9.60546729575104	
23.220972579889693	11.414920019627102	
21.497035498578885	11.873486385342382	
22.4968709817722	8.095703020791131	
21.556414031910506	12.27937686143641	
22.18191945085382	10.294463813600398	
20.753504601118934	11.615237253704256	
20.18468368824027	7.979877857914663	
20.145564639799442	14.859436613423362	
21.372922504325278	9.676744378114273	
21.2427227017062	10.994914054189797	
21.492392145444203	8.236105433223157	
20.917599490247234	10.283613319832602	
20.6043063466541	9.83232844007336	
21.805403892950768	10.894079157773497	
20.734297810222596	9.640800904279685	
21.492980608453244	8.53439812820877	
24.518224893441747	7.882385012732884	
21.63975300232028	10.119939506332015	
21.53416279574817	10.009530980768265	
22.383370394747647	10.091196812548544	
23.251132610274418	12.798830725295177	
23.658917231613703	10.922241485040361	
23.637278402305533	10.537687291054926	
18.592581893629692	12.081584728457708	
