mean_branch_dispersal_velocity	weighted_branch_dispersal_velocity	branch_dispersal_velocity_variation_among_branches	original_diffusion_coefficient	weighted_diffusion_coefficient	diffusion_coefficient_variation_among_branches
20.7139313459472	12.7265454569309	1.30494932658122	1851.05457538753	2068.52082025594	3.05816211910214
26.2369232382093	11.2486748901882	1.76527393548367	2908.00474917	1737.88153074085	3.82263592551491
19.6342284712307	10.9992179305713	1.47066516325218	1625.78589207212	1599.00227473806	3.19664160793562
29.2560657961099	10.6133249347118	1.84727384475495	3763.30502543399	1603.14216380135	3.81810893546634
21.6022921074988	10.8733393634807	1.57354984483289	1627.69013647908	1674.62481742261	3.61460069242593
37.0410483130049	10.2950300082039	2.25271466768883	4034.30077863476	1491.49332773906	5.26262069595428
24.3977964247784	12.3680639344407	2.38033199813725	4162.1680611357	1947.13317186152	4.91877423337581
25.4949291958146	11.3144283976653	1.76792362568178	1524.80015254563	1660.94315259584	2.75426918542865
31.7969086012431	13.3798544837006	1.64141552954983	2433.16241016882	2211.8988334689	3.55080944052082
33.034894897636	12.3431239881323	3.01886991002096	2528.2102009401	1761.84535846856	3.46528603587546
21.0110286450472	10.4691101792151	2.4092114604127	1320.87170412795	1515.90011083337	2.81891197822167
39.2438624298271	12.7292998547476	2.47352603605487	2847.8049869686	2329.53783921198	3.0292025596384
25.3463633335457	10.61544570456	1.97359905871802	1560.04584848739	1684.54275320597	3.02987482636935
20.7531591346816	7.4785937971404	2.13127006752982	1719.18698251428	1116.00187903342	4.80372192410943
33.4005859551587	11.7066125668805	1.87524095008895	2619.70202721667	1479.10913414495	3.93444644400642
19.55925275494	11.9520230003916	1.42759493608721	1870.16350385267	1785.33898472696	3.16373718936963
38.2384897478028	11.2573673617093	2.53393033399716	1744.4787203964	1487.68948740072	3.03542729838372
15.0534107004192	10.2167777103492	1.53633378573026	1155.57606367092	1435.35456901634	3.13378887895678
29.0150203398027	10.1259237307794	1.52736787937595	1758.41823283427	1545.34433972482	3.33994150974375
17.3536612693377	11.4807875932959	1.24674587091971	1756.25944318187	1912.65950215943	3.21279163560692
29.4993244135563	13.5970077278376	1.70571309951431	3472.6072128119	2235.38072508989	4.47465758258181
19.340843716846	9.17189170229433	1.82192220412244	2257.37341734796	1433.55067792491	3.21459453464251
19.979319969799	10.0085532655071	1.67064935271212	1964.53085555463	1537.00972039787	4.14236453634274
28.4579685739859	12.2918541436028	1.83594432690299	2226.83200650914	1751.11423995603	2.60337664336144
20.5097649027167	10.1668180521943	1.89943611324158	2101.35610383522	1235.18713789415	4.30071166267921
23.3379417657088	10.8280838817185	1.71242137924783	2128.2741072229	1809.07317206752	3.48730551904272
16.2098510512266	11.8057559797721	1.21657862722912	1399.22123522801	1709.39571396752	2.80329524319118
29.5647862782642	7.56338074145314	2.49702571304509	2222.02022846432	873.548031184591	3.52917642475375
22.1907279374144	10.1891577910916	2.10728225261344	1472.57352744843	1517.40591744013	2.70788379680193
21.3845921540809	10.4352308830656	1.43791543746772	1586.73675705779	1571.08244147678	3.9754430797106
29.124097753584	12.1179254637916	1.93928169351603	3150.47610630444	1925.03809226266	4.57639093775864
29.8783615394407	13.5661678351308	1.67206309546421	3085.57608955309	2286.52590318362	3.82239138935076
22.8481775002056	15.2420512465959	1.39315511438869	2447.40035708188	2533.35743546013	2.87206331967248
29.0106593050418	11.3009230276129	2.85617058932804	3277.02355429548	1919.80484342571	3.38556184071191
54.7613023217011	12.8939461507118	3.28600859239231	3121.93669638014	1877.57481795615	3.79106432354378
38.9550252240199	15.6613509224755	1.97951448791112	2567.95398827075	2543.62023325113	3.42564195660288
31.0864546849297	11.023426711359	2.11334829312047	1387.04451016435	1633.69054614282	3.06933909968727
17.8301642334886	10.7324072983807	1.25323732741099	1149.8869737973	1486.22699118871	3.33750802212755
26.3608179757368	11.6926392289031	2.00427316900248	3522.67174728559	1884.38076773798	3.86576402052376
32.2341652188305	12.1518626586226	2.88640787662875	5268.33996471591	1836.42641837671	4.81190034083025
26.1777491676391	13.1307329040829	1.25051047779574	1904.16993879594	1750.29676436625	2.74729755076684
27.8183234215155	13.0147245737956	1.81907684371836	1735.85615674035	1889.64373044549	2.54620393737441
33.6602059590711	13.4131984054695	1.98079644613275	3724.40133103436	1989.43262319143	3.94420555564299
26.0162780662522	14.0893194455359	1.47120206179531	2513.88557078535	2467.82817649072	2.99166849387052
35.0903827474788	11.7753814238793	2.26179711732485	2045.6961443999	1890.26337100017	3.30821824095794
23.5082883081333	10.4413787612637	1.7805488364069	2734.4755147571	1695.27488988165	3.46542919185228
16.5090043801553	11.3766691409492	1.22620011512735	1460.81700301266	1710.12892731336	3.2696259226666
28.130083771711	13.5100169008657	1.4851423466096	2436.05993928613	1925.71754301867	3.35912696086074
21.272923048895	12.1823767383589	1.98797740573915	3079.87919836909	1918.42902631833	4.0781037973045
19.112780537295	11.4894028938689	1.22177786784383	1742.21527261972	1623.40689025772	2.93524787409031
24.1309801761461	11.4078704083605	1.76762396449142	1974.08663668628	1890.0954973387	3.61644471751766
19.1878070175661	10.2685637372954	1.58333010772112	1447.40769191457	1399.57648754513	2.49537673793336
18.1158004938848	10.2019765688846	1.72806327712167	2206.81937277519	1764.43685546151	3.39718125180566
19.5806003648297	13.5038123588194	1.89338789250384	2885.03158119496	2380.13796723959	3.57356961391032
29.9884727034249	12.0312321855184	1.64983978782313	1869.03270124151	2102.87930517344	3.15445526791294
14.1493366837644	10.2125327921466	1.39996408758891	1455.93090582246	1607.91882758529	3.18007859137563
25.5523297550378	10.4444472408803	1.27380537413393	1386.02425079278	1393.66192646026	2.61496642023978
33.8427909191762	11.6716256867139	1.76990350569191	2712.99193937895	1893.95706335976	3.14372599435294
22.9489098411718	11.5753585422611	1.31754239760531	1849.54769413873	1477.41948347147	3.33946625113414
22.5174548957574	13.2380035018718	1.29794783759884	2200.75684161046	2260.72008700602	2.88799448539194
21.3143328537339	12.5308350903172	1.65024922602807	1722.2541766149	1943.67074258083	3.27798712562772
21.3386453966547	12.2905642002215	1.47987966364196	2020.40231231226	1788.12998525984	3.11987793468986
20.1383620661139	11.3559924305439	1.58246573307684	1788.1835560811	1659.14109628341	3.17276684713494
37.3335795231541	11.0533826247157	1.73917981052595	1675.28255745601	1595.52312849509	3.0114902241181
18.7864445472793	11.1411651265577	1.46220396391955	2118.47749094483	1528.5128196345	3.54755234027839
27.9260466634933	11.0136427360842	1.70901678113008	1958.85419746682	1341.77776237725	2.55514091773304
24.0640862141404	10.3557500741205	1.80270727767928	1560.15397591662	1411.2619645044	3.35763056685492
18.6658903759931	11.2703132699386	1.54445686681607	2035.38353311563	1655.58036677954	3.22154813716596
25.121826780496	14.2852419927703	1.67607982955228	3320.90234571486	2355.31212157644	3.49973902328148
22.6241153038801	11.1884892720798	1.65599339485062	2459.99265612065	1709.67346726171	3.04195790206592
41.4104000660684	9.89027576379765	2.94438087107097	1953.33527650344	1539.06252457732	3.18098103481422
23.8647673983371	9.97275137547485	1.864133353077	1757.41536389548	1461.35279635468	3.83616737907329
19.3219151100309	12.3014327945664	1.3892260147278	1650.40931687163	1543.96987771239	2.82386908292831
23.413416211212	10.4815531583639	1.92129711076126	1193.03926276992	1543.92960000686	2.90959591211786
36.6832072029296	12.4423969335773	2.18732630600554	3977.61605178112	2081.91534230661	3.84886205696106
25.5030099552274	11.4113914920984	2.12439903891656	3303.16376252712	1758.3067073661	4.19757444832494
24.7356304038373	11.1964213705335	2.61185027697008	4009.20064079383	1814.21283384471	4.4984652557982
31.6423141778207	10.1648904445293	1.73094906414119	2235.77994329692	1725.37647070426	3.32426876006409
26.3352400351177	13.6881413351287	1.49290269253701	2720.05958679342	2372.24032399131	3.3945057901497
26.8775645571667	9.03030185656697	1.92947832805294	1146.17794181091	1281.57816499075	2.66980659827427
51.4541856516238	8.43832143453071	4.63447428380676	3716.23621373521	1016.29867706158	4.06423753089958
17.9464145725475	9.28675322299058	1.66001554217805	1779.6973238734	1372.19292230323	3.97698026317715
23.980035985037	12.1857558754751	1.61114123769601	2628.75301615028	1642.22716741988	3.73888150917894
27.3184661064114	12.4431144361212	2.5642218012755	2875.00731810571	1686.93207708289	2.94687858778187
19.9838497337954	10.9738914219066	1.63541258559349	2145.56735671284	1753.56796902885	3.57243740309034
23.7151227608088	12.1199102877265	1.3784780410175	2323.38420160707	1944.88670268761	2.78144432001771
143.910723089352	13.1501724060527	4.93624786929171	6136.95645069875	2243.60681279879	3.94389487449925
35.9476996687115	11.359294195062	2.01281222597754	2324.09137603259	1790.29672048367	3.62583384302098
30.1052075421997	13.5328087697354	1.49543879394776	2799.09116949673	2235.34251056208	3.15064800147649
25.8921906147077	12.5652276451519	1.77247579245066	2956.38624375715	1877.31924433706	3.46156283268445
26.4258620184918	14.5326568706497	1.30770175186631	2095.27485250139	2292.63220809566	2.90726968024256
30.2821653115486	13.4012259099695	1.86244036996841	3675.86538765534	2193.23461993186	4.64803560088216
31.4882337441457	14.0787259693209	1.89525657093289	2822.70982575438	1845.65780803049	2.74329647981772
24.9058735759264	15.589180535784	1.50912521589269	3024.94195189117	2623.1344003968	3.97494615811296
25.6122050178518	15.3393655990231	1.55907265642995	2902.82210186326	2395.6938447989	3.65726767597772
28.6556041425226	13.1915326040812	1.53742681485139	2702.74429921044	1870.14003431808	3.31254876975535
26.7094231610782	11.1478512330528	2.44767216065573	1183.12994615166	1791.7297828225	2.56173034039928
25.9866734481842	14.8222631439762	1.55690671953449	2815.59298378181	2562.2720383039	3.26478284730731
35.5692877695823	15.4951537566607	1.59839291501222	2963.48287493171	2269.96483283428	3.51149311040204
35.8515288760581	16.4442093651233	1.76155135816018	4491.12676644706	2815.79167076211	4.02653712103889
