mean_branch_dispersal_velocity	weighted_branch_dispersal_velocity	branch_dispersal_velocity_variation_among_branches	original_diffusion_coefficient	weighted_diffusion_coefficient	diffusion_coefficient_variation_among_branches
50.6252112663419	17.1883277468204	3.2643457820334	2154.95892846804	2926.42859268539	5.13060338168265
49.2588548869327	15.2118617817072	2.38487481050044	3148.83215743043	2233.33670176717	7.53226932038378
44.7938701054406	13.9135994932362	2.33079824383035	3006.22669050964	1878.629703093	5.99230439495474
64.0341655795722	14.8022452840779	2.6547132170354	2924.62779064219	1978.67501674916	5.1082512475044
40.5490189169664	13.5845294185772	2.09959617792136	2128.08823484713	1864.61549131591	4.60127271566815
45.1878896445524	16.3384793466303	1.91408646504261	2262.7868229548	2332.35400310826	5.15568485000707
56.0357252741318	16.358046824509	1.96879256178348	2681.11273180621	2875.80151615434	6.74579100068921
100.38104459559	15.3863453794852	5.66020187313183	3941.44707282781	2308.87750842629	6.62050108159288
62.1413642144188	15.1870006813759	3.01418884231946	3178.7496088558	2065.63419529148	6.50259059598831
52.9464860824787	14.8818855202453	3.66244295803155	3933.71456849536	2022.0310956177	7.87742545124029
55.4638437113803	15.5955368285962	2.06256544029627	2784.89205628261	1961.0760130012	4.64778265257693
63.6736514225006	17.7254200759074	2.34385837743082	3917.35060836406	2281.59598629525	6.71192231371696
57.8715277941921	18.4011758055402	2.42175915846588	3567.18488905669	2763.43515912054	6.37744416918047
61.8311328508462	17.541911190783	2.17429781034949	2933.11684818157	2475.51371004692	5.67714681535897
40.503270487767	15.0887349035984	2.45493938724413	2568.43504336443	2193.00754215472	5.62339664796208
59.1365667573999	16.9084775503202	3.28962946438301	3915.74083919181	2839.37943123246	5.27928160846482
44.5196012657455	15.6228528551787	1.75543961193119	2587.49148905985	2295.846032104	6.07211904719135
27.4683971795472	13.4598901651293	1.98770688836176	1970.97883681993	1916.24458467888	6.38951825918879
39.378108863196	15.3111105290001	2.03586751929006	2419.28703433733	2366.18697123649	5.52888324784598
53.5158838002092	16.7756038015261	2.73509910968195	3993.24518038606	2423.26101889658	7.58809150318245
39.5531646938315	14.852642465711	2.01695342910236	1735.13208757	2129.76670220274	4.71752755383478
56.2694802097537	16.6919676277467	3.16872172269024	3078.07783807144	2209.96060357051	6.00650110047158
41.9925952654416	14.3638997026279	2.80277946842191	2087.32686648365	2054.17243185106	5.29733743116694
55.2982204012126	16.170773096109	2.10126859217165	2262.28222292748	2191.24638309511	5.0606088813348
48.9783730428181	14.9070282903131	2.1790028886652	2260.34552818762	1902.25163691493	4.25678060558313
46.6819019880021	15.7427456060059	2.88819868015612	2949.54536688443	2319.59631240166	5.61146143615988
70.6212511386689	17.5315580363849	3.50871648944085	2957.57794814261	2702.86701855737	5.30216018749915
51.8057550128194	18.453780914253	2.02067365619556	2917.160762096	2719.08368730776	5.45034676609087
48.0908833287449	16.9211337005713	1.77104590023894	2375.50616185932	2260.80272211177	5.88782161226274
41.0894789092564	13.107669098894	2.22642968581172	2439.05978256077	1743.48836580556	6.33756251657301
35.3674420137064	12.935308649606	3.34096003618267	1397.95335050057	1800.35921426539	4.5886543226273
46.434323286776	11.8554902686923	2.52870713257369	2103.6188622608	1517.56467717039	5.88670079870534
57.2650167857573	13.2169600924255	4.99206791425817	1834.07155431079	1585.96746336982	4.56084176810388
33.5937907797064	11.7590659277368	1.74602546929371	1075.89731814153	1466.42215040233	4.32830860658495
37.8480265412535	12.633186196426	3.49705042359847	1805.09448152613	1808.31640093307	4.54503957503048
45.5100757374852	12.9265612252167	3.17874709041869	1908.66291884138	1814.97393223146	4.42054224246375
43.1741946549491	12.6269795828551	2.49979527480206	1725.66723611587	1917.16338514612	4.94126537913663
40.0070118526649	12.9048101015427	2.78843307741668	1354.97578254394	1689.06375270844	3.91003147161242
51.5244790238383	13.0081541844772	4.04565442196616	2099.88018268498	1826.12080054458	5.56154538032978
46.9754075145452	16.2484111635144	2.72754713978759	2211.11895325584	2127.49375489848	4.84765134928937
49.2048685947017	16.4056062096141	2.31063867628357	2998.54571454166	1941.61154118145	6.72803938583548
45.4061507829547	16.0706517230853	2.4601596259095	2560.43570984271	2087.72204398789	6.48310135866126
58.6378006226208	14.6324436130656	3.08620271475836	1707.47566725633	1860.38257151039	5.05981726217516
119.78104583844	16.5797430894505	8.33115323507905	3347.42736381473	1823.12286954876	6.36781090919604
48.1404409256581	18.8454593709673	1.95379484850932	2922.7607033558	2251.19836682478	6.76831160598057
42.0547185868725	16.212631030756	1.67768538137246	2112.89426930513	2143.86099437776	5.01641101903628
55.0177965728395	15.6126796848409	2.62462890850752	2226.76744028444	1843.67574957212	5.28555868293
57.8126061049808	15.3222495667429	2.83772056639324	2128.85623061721	1901.81614470659	5.70734971172161
39.5197237964203	14.4207211372716	2.16736022029223	2647.47124311342	1805.16546977838	7.19531071719587
41.5007842274063	14.4982899224411	2.06938920754364	2406.82392074418	2006.92827140082	4.76401519113845
37.9662920261834	15.2855889225702	1.8563408254995	1879.94184471591	1916.92023281936	4.08163432038939
49.686091209118	16.0976927027633	2.64565065556405	3287.52096006754	2218.15094839845	7.09070071897197
42.7570086052132	14.0854600606721	2.18760547033831	2279.04819814628	1920.98713588356	5.88982757615058
54.1624536011982	16.8554935355561	2.0771598149732	2688.15498937425	2263.09359898023	5.12220637082693
37.506808763007	16.0702986837496	1.87858998120397	2126.19573551438	2790.21243100369	5.20641492865531
43.1575511801056	15.0301130346731	2.31188887390237	2601.26298926382	2386.57164551397	5.67590363233507
53.1806506186641	15.6194970935827	2.08027834840604	2241.95926653372	2235.77634652631	4.55529904625418
42.5141262295319	16.1925365684783	2.20064651081526	2500.15253380777	2733.67931506589	6.18757233163009
45.7112424656624	13.4163520760768	2.64388437070272	2060.88323383657	2191.80352338047	5.63749121614098
40.9628483963679	15.4502821725438	1.83120756741108	2154.03612333978	2013.73559986634	5.79640082103115
50.6012010266209	16.8263790898675	2.66221155305838	2930.32531621336	2242.88325210748	5.37613252285873
38.1047650211698	14.3731498627691	2.02544720933257	1752.75617618784	2033.65257503535	5.00466262897497
55.1053970228555	15.6330117118601	2.36897238344156	2578.76543225845	2320.11517388087	5.79029066078581
41.8248994690675	13.2889957505071	2.95368873021465	2082.10856394596	1902.60209482998	5.52125623789379
60.8803661737723	16.1102945303066	2.90192813397242	2571.69756845471	2094.27865496231	4.43168478947738
53.6984807034174	14.6771045485647	3.22173896333557	2053.75299286923	2127.10064053935	4.78027913163584
41.7097808109487	15.9951721475273	2.2870136275104	2332.56252979769	2187.00808125874	5.46531633254511
42.3192722772671	15.5430819925682	1.83469412270144	2721.85370393247	2384.1550739442	6.38250480644948
63.7275425379634	16.5415062685354	3.28475982179864	3060.05265285821	2079.33934427138	4.35285318456831
56.5100607159786	14.895389163918	2.87357771823734	4039.71824640006	2057.45107348094	8.46676252129689
49.6568690837161	16.6221059324191	2.75878933216669	2365.20307311607	2039.74005697983	4.74836808261135
66.3254359534406	16.397539629554	4.08648813628023	2822.77602827947	2991.91722999466	5.95514281475534
75.5342592078317	17.5956652960132	3.57696782867227	4735.2577137259	2394.34402716124	7.04750916314683
104.146032992112	18.669533458887	4.681675253924	4462.60134632211	2321.11640630322	7.66644779314984
99.7647394930404	16.862307424372	4.77759371001596	2832.1204851402	2162.59958979439	5.15580844139223
57.5158417734934	15.5262187530255	2.94965868236452	5075.78750227738	2142.72989582487	8.36559294440643
41.5986844198986	13.9870316761575	1.95039571685522	1926.90473702475	1965.57641185844	4.78325834019348
37.8318704665331	15.7316364602722	2.03469640170608	2891.89962278957	2266.53661532235	8.14142188118742
74.0066462656347	16.7726691158748	3.59329948088298	3752.52699027481	2451.66413287202	6.19781726142688
40.7783094091818	16.597134368481	2.16544655265439	2413.35693848629	2511.71664227159	5.5298634843462
37.1146119200888	12.8973490956229	2.27961479255114	1762.0858518625	1813.0368784765	4.48914002235424
34.5240488960636	12.3065032301926	2.89450019644311	1907.55196154816	1583.71042684062	4.88658330541721
57.7647232762497	14.7239671425395	2.68978059562834	1891.08919880703	2245.84445491393	4.90095600281376
40.207182870133	14.7786902809889	2.13515029373743	2269.77845645278	2278.67825112643	5.9925151768582
51.2181937027747	15.1950761794633	2.83683102228424	2208.92323813958	1996.17405635062	4.23185661360152
35.1882415847321	15.115249936366	1.71049183482582	2213.05332954184	2346.7777724172	7.08170829575342
69.4265078119563	17.5405902489012	4.18920762596634	3397.96861470906	3169.58774116561	4.81266958092234
44.3916720273326	15.118320557953	2.18545400879168	2874.31178539172	2773.57551827866	6.53602789737612
68.184331432027	15.288374822084	3.87108922361189	2129.68605405421	2041.80311256504	4.34554721394185
58.1165348475349	15.4313030505591	4.63104561204549	2236.05503860017	2124.61546017393	4.59738544074512
51.7813745651704	16.0870297943105	2.11358758838435	3046.58762423623	2180.20824087639	5.47025114899827
55.7417952691942	15.7004635520716	2.70890162455859	4849.39706692959	2809.10663459794	9.13143794434725
56.0346364930206	14.4984626564526	2.52795478327936	3288.84096366247	2104.30932734481	7.3516155076612
43.6457001849353	13.3109285877936	1.83153454097489	2250.87974400916	1911.42962114843	5.85942644538292
48.1345227397923	16.7153021970319	2.44664940131316	2466.36369836178	2379.56292125628	4.89937965940052
46.8053604044838	17.0939816525092	4.16140273937413	2052.01048210651	2750.89304211791	4.66434516926577
44.1264122063278	15.4196628688915	2.44770812935533	1954.73694209217	1934.55108050055	5.26937409968575
63.9640542388717	17.9540773366205	3.87562484505716	3007.53959519819	3081.25829618117	5.59256616905895
45.7754628991865	14.7779532666431	3.01860764154759	3593.62653345613	1978.50174555266	6.90904067258234
42.4910900164911	16.7463307154977	1.89554987600238	2731.37660659273	2311.0524803549	5.99823709220043
