mean_branch_dispersal_velocity	weighted_branch_dispersal_velocity	branch_dispersal_velocity_variation_among_branches	original_diffusion_coefficient	weighted_diffusion_coefficient	diffusion_coefficient_variation_among_branches
40.1376327233103	10.2737207707826	2.59088081513248	1562.44820844195	1066.28682188007	6.5316414829608
68.7984134423824	10.1935062713136	3.83239699877568	1577.94711800544	1139.69384799002	3.76447708531942
28.3939707523823	10.8168154955982	1.82486207619959	1068.78195925889	1279.82824418267	3.64412701325982
54.0621519003162	11.8169109120429	3.0545416274898	1256.91786822043	1354.91465962192	3.25043687211659
41.4469501350958	10.2429771067836	2.91540923014383	1409.05415384616	1251.94606366574	5.45386521861448
42.1832635156363	10.4537547129607	2.06059979632113	1619.7887964423	1088.61235317836	5.12701951528283
34.4749457425981	9.89803108029408	1.90509787592337	1119.54649776725	937.932045193403	3.57552763190103
37.3704011125166	9.52177519458019	2.74105447457794	941.329651080688	1047.84056599183	3.99413078399409
33.5937370957175	9.65182217651369	2.0110174444665	1091.20891810137	1021.31804840468	3.90165534489528
24.501120581756	11.3789261435631	1.55683464231238	1167.40354666877	1592.66733343686	3.69164123511615
36.1583769418279	10.6480374250995	2.75039033448521	1302.99623011322	1242.43326800576	3.47072854921258
35.756222882395	9.71933143586885	2.26055176245772	1075.2364380305	1126.28361299703	3.49058299010247
28.3316812009729	9.13709887803951	1.80881688130949	859.652349076173	985.700419460727	3.42437822711024
37.6257313857988	9.80742080098838	2.53066672903948	1288.16687782714	1139.16923905822	3.97019499490183
35.8972986054721	10.1389741206651	2.15631245040146	1098.95091464637	921.250546405921	3.46391597689922
43.2426962187976	10.2559794040655	2.52025357512176	1631.99652815432	1083.94086567614	5.09445755830427
33.684352252395	10.1513822328733	2.26699948556521	1153.63526836863	1057.80370492561	4.76798939472108
41.8897377141243	10.3681682722557	2.66694087856381	1452.65764504241	1175.64511871504	4.27721711500833
35.3732395057992	10.5914065691862	2.34999068828741	1437.66300193721	1231.22761538078	5.00607657474115
54.7625094296325	10.0615262602657	5.3399580001007	1071.56713926681	1054.63248116426	3.70528026765886
62.2112344003609	9.96180435085162	4.80079810287151	1131.97279859158	1253.11696704045	3.67953419005747
73.3971239366713	10.7617360131753	4.58383779837242	1194.56970401407	1095.95903534473	3.74927430001081
43.5790806150892	10.2613994384302	3.08708877752289	1149.48641596058	1150.58772508919	3.8235489687921
68.7422751182034	10.1616667264922	5.80896619628893	1811.06947902967	932.65117072209	6.47470753893318
50.9691666290191	10.9075123993323	2.67029847836213	1401.70361540011	1452.93754703817	4.86059911112751
42.4904046447342	11.1796930693335	2.99824593644871	1349.46593058031	1445.60272299647	3.17583436259744
31.8306511699424	10.4745756184731	2.13456678931031	1024.5114206433	1131.63454534606	3.7940910696337
28.5454930138851	11.1859954768184	2.09127915483909	994.80805446226	1252.20262001714	4.11786085690664
30.7337319657926	10.3563250833265	1.6504705599577	1130.80503984033	1093.60880513372	4.48883587178504
32.2136860674803	10.4983736144608	2.33301323313207	1154.68114739982	1202.90611549977	3.95632684786969
27.5521716723956	10.5143414446692	2.1676543520983	1011.43250449857	1379.62458365733	4.04544413979693
28.9413516507461	10.0507663517664	2.0026036508833	985.821036793847	1178.55795285358	4.38860848379024
39.631589370141	9.55301399082712	3.20517369275405	1216.95273651354	1132.84627919338	4.15849230607592
33.6463492922333	9.79228990958609	2.29353687001592	993.492835394583	1015.03971389729	3.61819910887175
52.4778431646421	10.2034290928856	3.39556765273253	1064.84051259925	1149.83386249108	3.17378354764902
27.0083960845346	10.6984370009672	2.30444189698861	1198.42497481618	1187.92488277241	4.77786479042039
36.9884312055787	10.4632622865654	3.94125571014397	1613.62842910233	1130.26382448646	4.97245401820286
46.1544533700197	10.5044212478538	2.43177304829986	1107.65887270158	1147.95770251293	3.00932909466166
31.0535280862939	9.43579858096685	2.97577734974698	1045.30158812231	1122.9818539958	4.16892706798639
34.4969008594367	9.99247318932915	1.93701654420211	1117.30094343976	1066.68231725503	3.9574104274401
27.9832074727058	10.8457066325676	1.68122604104605	1162.78507110483	1205.52084602785	4.00706360841997
32.9161118742914	9.43784090072903	2.35532360543081	1034.36421666794	1086.78368583616	3.61932525223138
35.5999790394987	11.5962736868395	1.6467886419866	1307.97884818562	1090.84236076028	2.93969948208471
41.1255775816281	10.2226667222434	3.35567330735829	1085.3920913368	1166.89078755551	4.25352997267347
52.7850637317289	10.5914400077724	4.44181366078718	1116.46443822048	1180.08088614584	3.42980107458232
33.7684136454911	9.43484895928574	2.62148221946014	946.678425111628	1078.69795304522	3.5228222193502
41.8359461633604	10.1095849939654	2.80479449611082	1631.39255407758	1037.37215161235	6.84461602914169
35.3648229081896	9.65766958212332	2.97948941263844	1041.4557593139	932.899331282499	4.98703656494221
31.6823335670484	9.20455215211935	2.20952656560585	1197.66322654034	1041.90507244079	4.82126089269587
33.5331874831923	10.8026977204582	1.96922015327032	1415.03249021722	1170.21365107179	4.87379135166077
31.4022169609985	10.7576998535482	2.82370357271928	1267.74109837981	1349.83242763574	5.64159053123239
34.5123199885555	11.0604104158305	2.92143632089641	1785.43408966252	1283.52794362325	5.76730120391015
60.1007904492925	10.0121845604351	6.36646423999413	1363.66416204342	1115.02095954039	4.24104064340287
41.7099192807845	10.6221069621102	3.272973094824	1164.92106508675	1286.04700732497	4.26302277747535
44.2962177272018	10.2430822506332	3.71807843911515	1643.24512708633	1094.09361842074	5.21324536311152
49.730264350733	9.75548238074854	3.66927581037064	1209.87259641809	1293.65074211108	3.78158023140569
30.8138589538258	10.4297518354092	1.81261455460276	1041.46822331435	1302.25220906502	4.0627109286722
51.5074065194924	10.4998659123372	6.69637911822172	1261.70225802667	1231.56871149184	4.9110727758502
25.8147303469488	9.9263953379581	1.59278902777693	865.78432866734	954.508390229728	3.39210169016996
35.2805726979199	12.0945984534859	1.97589936414323	1335.86881822229	1476.69761828402	3.8724249933453
57.6151812537241	10.7082827033494	7.05534567983879	1535.93167138495	1076.52149860239	4.18372593484099
37.6132040800334	10.3214344458816	2.39210883588422	1510.31944168721	1052.78717041199	3.93158062693956
41.3259418429075	10.6168497714378	3.62281452159107	1624.134181746	1335.51308994619	4.24098718667592
34.5361936647288	10.6720055952117	1.98768894530664	1420.61361101488	1119.76559562856	4.07164061861004
35.0793120243619	9.57845684821747	2.93444632833011	2040.00959373445	1137.9266558707	7.73987307581199
31.7340558994976	9.13586036463634	2.20387096661131	1169.2396218153	942.351819347129	5.08539909223598
43.9836643078932	10.1185454513731	2.36473813683813	1716.81765330973	1085.28864359906	4.30351106773186
31.4892514825928	10.3443902536414	2.06259779112334	987.885643353633	1014.28588179363	2.97080254176999
32.1500918839024	11.9905478116486	1.7386837716425	1326.55076882762	1464.10525888272	3.54796514028399
49.1005075664897	11.0819473310929	4.65119457409714	1511.14052744651	1200.08675655956	3.91192433665387
32.401492158262	10.6551038464519	2.877487745646	1621.47418563826	1291.73514355015	5.62998832627072
31.8935346238713	9.29518230582953	2.22179242199432	1009.60047276026	986.565754349218	3.80118823378084
38.8950755183818	10.5032053408957	2.06060657751356	1362.74424079225	1102.91854404272	3.58052919149358
49.7116907775204	10.4557055581118	3.15405604521815	1581.69172232802	1119.51436175237	6.12434069049516
31.3672911131204	10.0001381934085	2.8426100873516	1096.74920800599	1115.46608316068	3.73831122194106
41.2531775221414	10.3349477672313	2.75471655819768	2215.85447392395	1207.76210969325	7.05648955996117
31.3336018916223	9.73522002786021	2.46281222604666	1213.3209814938	1047.12193847564	4.23883924737999
37.8108594861824	9.83778721775786	3.84229664287631	1060.89720502335	1134.91872924753	4.48253495157429
43.1551137818856	10.3627745002251	2.54559728479208	1107.37465464747	1037.31997877516	3.94529473790039
31.4570921083975	10.0084530013773	2.10508458814517	1303.56591207505	1000.12013873916	5.46053559217506
39.3533367185989	9.23765321589584	2.5704436269133	1256.48610690292	1095.45439889828	5.08388322807633
30.1926014702994	8.78043085631026	1.90585544929741	891.378580999509	987.090320155058	3.6726988488149
39.9029011816258	9.36984609598071	3.31662591101105	1079.0441301828	1153.10810561084	3.57417064916232
33.9869402133215	10.4998890545414	2.58391725350465	1085.44082246117	1321.20678424183	4.54264777815127
32.4560480661446	9.16648771086288	2.48981780073233	1158.89563815393	1014.57989229208	4.13320330183627
28.2093382772821	9.15882711012755	1.86301353558463	997.36461620277	914.886674696951	3.83330136825308
32.6753576680044	9.75322174350761	1.97424306960645	1175.92780149612	1105.43888650949	3.67136017257834
29.762341307467	9.61802697249745	2.26193613129669	1262.81646746357	1160.10489240108	4.02904695576046
36.5133523677339	10.2414787585004	2.98450820049735	1001.85525581485	1130.22086099574	3.50018461373074
33.7010987383379	9.6692884471691	1.97460961884863	1082.48820822083	1115.02714147083	4.06518110508348
34.0110909527351	10.401386277217	2.40196396383958	956.513058395811	1235.93052874463	3.53259426793759
40.9760459922795	9.7248527543163	2.23461112979402	1096.53350669539	1051.8373137108	3.29707346462629
47.8940188256875	10.9694653597574	3.31362009991094	1221.1811021776	1265.51749278714	3.62199938287656
41.3437697362207	10.1359359888608	3.00921614059486	1326.6324418038	1184.11095511642	4.9432831970691
44.8150222354856	10.206029196061	3.04785640660289	1474.08457784476	1244.41415793272	4.53648635744155
41.9784500298082	11.088016458157	2.64112755787085	1299.89686902122	1272.22439018781	3.30777058155694
36.1661202441963	11.1855271766318	2.68882291557169	1223.33696583692	1269.10297542321	3.24774407569374
32.2922131677008	10.6238300392078	2.13750206834218	1188.58020216267	1257.783246744	3.71529460046022
32.0355370548736	10.2251000116684	1.68848963698243	1126.05294570498	1053.81505169853	3.61513120149757
34.4906843267247	10.6389847362551	2.06185748084628	990.168523903514	1299.87115259035	3.58883133593904
