mean_branch_dispersal_velocity	weighted_branch_dispersal_velocity	branch_dispersal_velocity_variation_among_branches	original_diffusion_coefficient	weighted_diffusion_coefficient	diffusion_coefficient_variation_among_branches
38.0670878196254	16.0949850247732	2.10614892431226	2797.69490053122	3091.16927693315	5.00342893489302
44.8300523519047	16.8120804615167	2.17474223851938	2722.93410350496	3184.93983181189	4.10383202052242
36.1007710538856	16.1760265105353	2.29405836311256	2104.74466234072	3406.76362649132	4.49576119215963
72.1945414855425	16.0889974745509	4.05802577818191	4019.50412616561	3712.04403334823	5.25704050010346
40.8469576183798	14.8259800070652	2.19887543581046	2052.39945875519	3099.23606470396	4.65862417939544
45.9618394977523	16.1211939996489	2.13239590866375	2363.40798483986	3406.19066791385	4.62265029246252
57.9039290713116	17.6095070687445	2.80224683101342	3240.67604581773	3799.17034696217	4.3910299323429
52.3646863953786	15.3926186762992	3.04711180036765	4466.7366286623	3571.16670205611	7.63704590282869
78.1807387235065	16.6687797888425	7.13470441659183	3220.06289362412	3681.76173492051	5.14756253853446
41.3135681364972	15.2797391804273	1.97122178180604	2229.51874237105	3345.71012899854	4.82601660844321
56.1493588913282	18.3758715790701	3.40601452338175	3035.32310869508	3819.67075322007	4.2865674025907
61.9454190912954	16.7234229142029	6.21856945835287	2062.34509500905	3403.93344379083	3.75573212455232
42.6972174482154	15.5366000090866	2.22979594492494	2124.0499843229	3252.29581220758	4.72325108585162
62.0173350536423	15.9204080284835	3.44078255717279	2850.63088628748	3449.63672390166	5.14048623164074
43.3357670824637	18.027775759064	1.85862398284252	2539.90386731811	4063.72295181873	3.92109483897269
57.7156596272522	18.8536124974484	2.41630645158489	2490.016260265	3732.99782865302	3.95314160805425
37.2415314195332	16.0448618794346	2.10528687942264	2250.83489226601	3096.98547046081	4.61954635455755
50.0870541251065	15.9823827011996	2.82826903129689	2552.27099608348	3439.23248589238	4.64765013986893
85.4275329422332	16.0372674010577	8.43018134071502	2655.84832382453	3344.23103232048	4.96094104658233
54.0057397681705	16.7470657475865	3.37186017858808	2233.32262791198	3280.79166547409	3.62915470459578
40.2918824745309	15.9344321106418	2.26096107426012	2911.668177133	3340.27567791012	5.55556959848241
40.600175729676	17.2742247419385	1.96513671888836	2291.78271691011	3753.29824805754	5.17271773152193
40.0673683634558	16.0480450329282	1.75365481694966	2085.68585359475	3175.0015408124	4.34383948288332
42.8276629560167	16.3574767765107	2.37182716359915	2520.62097172834	3549.18667325871	4.9095470037739
45.2100132659987	17.1702905466791	2.5750425465654	3795.35727887897	3644.07477417944	7.03951904133628
40.199428668023	16.7887330589361	1.98029905750194	2090.89892750835	3386.72521973135	4.4978161342456
44.4042269451997	19.1683662297247	1.74294310568014	2913.80266884369	3909.11509140527	4.72858785137672
75.235542881512	14.6690906190768	7.30309453904728	2336.28567745768	2963.98568297366	4.06315826971081
57.6242737543601	17.4277115022666	2.64154169554714	3291.31644156759	3654.96080692337	4.97673158502654
65.6523706097801	15.7747886243776	2.93010414756069	3829.49239972681	3324.56704323908	7.07983640509871
59.9747873941812	18.1249113152179	3.40367174467116	2642.36033785639	4094.57526610687	4.2750338535712
51.0267029679127	15.8450041837906	2.24583158476288	2645.94070795508	3276.78707124118	4.95402234005469
45.9000745825004	16.8078556834289	1.9039234617999	2459.38738274187	3220.10357321214	6.42443618167388
57.0761915802569	19.6101153013614	2.93096791214241	3555.87580855228	5378.69795910164	5.22140678109175
55.1972191185928	15.1391841958154	3.32393348880968	2741.90711471987	3216.34170839333	4.75027867398449
67.4023316797528	16.5785563972394	2.4920261225747	3152.55096034672	3430.46892808571	5.07387180730082
48.1369060379316	17.7369199902998	1.78548005229191	2363.84374413103	3831.81854991042	4.31772304537246
53.3800675714154	15.8237285741349	2.77411895354696	1923.69477764303	3142.93847146111	4.12428459526064
59.4041282724427	16.3298978261013	3.76775578679389	2814.92339765436	4439.91418794384	6.80792308095112
46.3138143577875	17.8885144844627	2.11417621937613	3163.53430870338	3662.87719004838	6.11167655983962
55.838286776936	19.202887578968	2.91906166464167	2825.76096539029	4070.19073211069	4.58418035350559
47.4902403671761	17.3348136145681	2.00081774376607	2793.15176379059	4116.64138957315	4.57597904459771
56.086791739186	15.9610208827577	4.34732323004529	2889.00303468531	3553.22919980595	5.31393933272036
58.66041635077	17.2727361611792	3.31098800940279	4075.87946285713	4085.24986503177	6.37700452953786
58.3764126303542	17.9437709327237	2.34018952697462	4109.11632645748	3660.25580122891	6.1771498558425
56.5789098053047	16.0986178964706	3.84709348276409	3017.7591804464	3388.08611827481	6.93858858986632
42.972421780826	15.2358245722927	2.28494307761079	2094.83010962932	2943.60683019213	4.18683319203687
46.1621186127601	17.4762158593015	1.77732104634052	2096.11161753745	3763.90490620115	4.11859995617801
47.4943128138682	16.4257848730343	2.13070084067325	2581.13802783385	3701.52655125285	4.78057000521034
54.6045112785944	16.3610681366119	2.38354115434106	3175.75532772147	3628.717643259	4.30535457320517
39.5011976925251	16.8514598941031	1.98029832962373	2667.06979832374	3621.28093309771	5.48766893170098
54.6000102356076	15.6053152080028	2.29133949845088	2559.07279191493	3333.97285501789	4.85916281674652
47.2483760878632	18.1845106086543	2.21229224922738	3073.69836966924	4074.52833131229	5.30667777841938
56.4077801275289	16.5162332175022	4.45495931229491	2599.78665284271	3836.65235003001	6.18981673293769
37.8117155779724	16.8728223005425	1.67708615000309	2263.10773720473	3697.24418337495	4.70534527863979
45.2408044945814	16.6894668136175	1.98200483719482	2335.91520196723	3347.02935133609	4.3711920518663
42.6170929413398	15.616656136023	2.14540591945038	2392.80671344674	3425.2101608075	4.9694170826788
41.0067431967675	16.16883133512	2.49345593662229	2310.31238212389	3563.80800013557	4.41688365886148
49.4717880279606	15.5312366281622	4.04268225586179	2117.42605621171	3581.47632623666	4.41592615769724
56.7526608819786	14.9898729545882	3.33996850330506	2316.85767697968	3004.82123216157	4.19992264684424
52.8695457876989	14.8399274024224	2.49626791022126	2411.55705830359	2896.08349439253	4.34922034195292
50.9761553433102	16.6829441527226	2.12043740674926	2622.08378062927	3459.55452455958	3.90770184087802
57.4207750768436	16.8143965153156	2.56253505307871	3131.75587884022	3366.94645552596	5.9757824754276
52.2594301063905	19.0344373869853	2.48124587115215	2826.90794748219	4049.08508154837	3.80074623723804
43.4924444158782	15.4095942298143	2.59450071260015	2423.39092672482	3108.49065360259	4.90664974044181
104.931076415969	16.5527325917928	7.47440701930564	2978.06320933429	3525.3917598324	4.072885952114
45.1867402316892	16.5061126961444	1.9938494119681	2391.59165665682	3560.59016431643	4.32612203985125
46.3588282359496	17.3832647980126	2.43399878089048	1950.16899390746	3497.97146030763	3.68774138829781
44.5675993007355	15.4746237299367	3.04787815252289	2358.82839091971	2963.03920585715	4.68351473772341
42.4511940755116	16.1783544731062	2.21544538168551	2385.24058096192	3081.02610254619	4.79717924206535
51.818144504499	15.4267226988086	2.3918420876307	2393.77516528347	3392.02215930354	3.69031276032225
53.2191677953688	17.4793062612229	2.88964420150799	2445.73459484354	3659.06101695337	4.37894662253517
67.0021890836112	16.6780794208198	3.13056468159284	2774.07246506517	3187.56651626514	4.96397110641992
54.0549258331261	17.3812436103874	1.97916823075157	2477.77092451976	3938.5725146307	4.33580732785965
70.1218563731675	16.5843696769202	4.00110968955404	3109.39068408669	3653.63593729024	4.38816188745702
48.7754510220098	18.6499745656315	2.14775328822128	3142.65593667173	4060.83053101261	5.15461573277839
63.5967636822063	15.9333962636533	3.97009636852775	4553.7093549948	3268.10114907922	8.25868810661629
41.4738729057529	14.8388545960674	2.75526354213958	2677.69745697931	3336.15105146756	7.5958607996531
51.3860840259756	18.8709820656057	2.36980083272802	4139.24115988624	4270.93502229878	6.09932779350366
49.4535319896043	16.9980285770905	2.19138363107656	3451.92694740479	4336.40782268824	7.36540128174895
55.4944705380662	17.9914712151492	2.40708891381758	3816.21694452962	4372.14875529949	5.92382243720515
50.9972018289371	15.923506658752	3.31566736248068	2320.10321695127	3689.40087818256	4.97324027455252
43.4139596802577	16.6639740392014	2.0336421738844	2500.63469789497	3727.06857912804	4.88862870295042
48.4545355988832	16.736961643045	1.82276050100349	2733.20272487702	3093.23495719245	4.81094148967247
47.3678584918522	17.287184113681	2.1853746991872	2318.78133907679	4055.14144855975	5.08703982703767
37.5643531094688	14.5155331769851	2.2201551136507	2118.45311648327	2876.362219021	4.05563152338184
53.1527897005306	18.0570993903929	3.16944948677156	3270.32352404863	4088.80198939908	5.22149100759933
51.5468086254316	15.9741588088904	2.68727425247611	3028.0050776418	3262.54283502185	6.95231414204473
50.4765730478503	16.7127479456575	2.76886764888247	2797.05571066212	3483.9234514623	5.83024089560884
33.7376311341443	14.3975853867012	1.5868798908138	2125.34677352237	3067.06483487525	4.12153986090209
39.1239442021259	15.3374506734699	1.57955910986663	2045.65323907238	3400.74036166409	4.43133715656955
43.9090191745187	15.3447655053064	1.93441271979711	2424.43858280185	3374.37399252731	6.40881595032125
48.3664265640616	17.9895738359073	1.99060829205054	2445.65241966313	4114.75004467446	3.90134885508061
58.2298262653831	15.8865041171013	5.50784083404802	3145.15229161576	3148.64645919579	4.97405925038815
60.8915527059758	19.6807329303701	2.28795590454232	3423.95410932774	5576.07357172337	4.59155744150866
46.7284936371279	17.7347366624495	1.84674486106588	2656.51135308989	3657.1873576286	5.83289736475417
57.9016163652636	16.2450566154263	3.41887934146432	2657.75793957689	3899.18976412741	4.68974449074149
48.4738479078624	17.0294184275229	2.2171343561952	2174.4602562374	3571.37385047447	4.2473768265801
47.6845193687414	16.1533294836505	2.23821096124586	2517.08945511929	3476.73186809304	5.28120505846488
39.0134456563434	15.8640102802837	2.17953161154901	2664.51371504226	3483.31981217178	6.20405311576041
