mean_branch_dispersal_velocity	weighted_branch_dispersal_velocity	branch_dispersal_velocity_variation_among_branches	original_diffusion_coefficient	weighted_diffusion_coefficient	diffusion_coefficient_variation_among_branches
72.184143270675	19.6130404188133	3.06194694371846	2883.41268379346	2910.39608684999	3.92164463636894
51.7961718335147	17.0198382669521	2.16460684253303	1956.934280072	2243.16196175851	3.88429473748852
46.5820685375749	18.0769280651424	1.96401185730163	2564.63329724412	2230.10786797409	4.39918712428971
62.1283072929053	16.1378074362281	3.79029269528901	2071.46893242084	2047.33374039816	4.4283261570914
44.936318646554	16.9031708209707	1.86779962622407	2023.28796921339	2035.58158703929	4.13442644211017
58.050097816	18.9822360780849	3.84028231014155	2117.04111617831	2630.52182130589	3.68417757461907
42.5422217285259	18.3627450174835	1.91307647922345	2149.34313807527	2776.45120681071	4.34621337040615
46.082860771934	18.7574388389028	1.67322566160969	2064.79737815442	2343.17140715959	4.29111611804921
56.7356941797679	19.9000381814448	3.6301828186569	2585.88570070868	2646.83704864348	4.08114628684476
48.4783590834568	15.3598248688122	2.75223590368587	1586.48052169463	1863.49488189664	4.35276256677811
57.1513728530344	17.5804645984741	2.3983152948524	2000.49910928654	2216.20643355592	3.4804233441265
40.7099935531455	17.2977167635159	1.94376811093339	1944.94297026155	2358.40089968587	4.29190188718035
38.9396823251374	18.1032179384983	1.98518637330444	1937.04050832742	2416.38139582786	4.17979812759642
44.409969108516	16.9048909748564	2.14971429470475	2022.29058420665	2130.4128961556	4.17324065136889
52.5647048208616	17.0932649255234	2.31145039003139	3100.97222238299	2128.29912426652	5.34671514975832
35.3551535532571	16.8088928070203	1.74039481088413	1567.06789544497	2082.31307241937	4.0547311205827
53.814600044135	18.0075950884135	3.08696341600279	2227.40441554418	2477.30980406822	4.18084665705965
56.5418344582714	17.1983874466645	4.85914728417259	1939.64260837434	2498.03420582063	3.7661144582556
58.0753450558166	17.9805470261811	2.08694367282688	2427.03937982461	2207.3038846842	4.61037703505446
46.6983611760956	16.9321390591087	2.89393439195871	2238.45768165267	2191.61992899008	4.14086226429583
70.5623161957488	18.7607523380139	2.95477528688895	4794.30933697412	2730.31209454171	8.15928714697454
46.890821424248	18.3359557214891	2.07158636397329	1941.74397179339	2880.49530960976	4.00322660264187
49.7984166562167	16.2420374582582	1.94892529091998	1845.44868611508	1941.74450692132	3.69568638665705
54.5410511086634	17.8911833636351	2.65157180780922	2376.66896462771	2342.10355787789	4.62378770416018
47.7757461512538	16.8027094564908	2.21246652997747	2142.61505447799	2061.12644944049	4.21876807592779
58.0547572422121	14.0044781598455	4.15289665748097	2103.01878739946	1684.85339331802	5.48182763174446
55.7012660258947	15.6125407763746	2.34440995773986	1708.78985396855	1675.20302770831	3.97196452226168
52.1829114930421	18.3219120953199	2.48351956372346	2382.97455271054	2485.96374356225	4.3842042806829
147.856071240884	15.5320447631175	11.2630271886677	1997.00483522556	1845.50875672378	3.9162789068495
52.3741685144132	17.4113008398343	2.3156594086971	2912.26206726243	2678.89770302469	5.52774953504536
57.8307113315569	18.7356891453447	2.58586779475959	2233.25542126085	2469.38033560529	4.41964648200249
44.7146525037238	17.585475056828	1.87232795562027	2027.3106725317	2319.09519775716	4.09876445915518
57.6012836087552	16.6823248114642	3.34120446437451	2137.07114319772	2262.7016050157	3.86474638607825
47.4730835607601	18.5200555966944	1.8449340385892	2152.21892685673	2621.44054239581	3.89070280829904
57.2258626087987	16.968121107796	2.49450334834246	2261.88584695936	2132.21161666385	3.7759838454836
135.467822707912	17.9193888056387	5.52763141011704	2069.18989460458	2241.33388395269	3.52371949849893
39.0156872762664	16.4085339230107	2.3017060784247	1780.55924083434	2292.7802073507	4.6082096970475
43.9014230463798	16.8772477538792	1.94533117149979	2320.04133196433	2171.03237325126	4.45631349151062
46.5238720863498	17.1287067340331	2.02032461208592	1678.35285491915	2085.229336042	3.32758463207563
63.8480508183298	16.4920646686605	4.89497456761536	2173.2600779283	1935.17763566622	3.92331285393725
44.8074047532074	19.4513321202948	1.75819760823412	1865.25803197603	2465.82045631888	3.18701205288536
50.6108904871335	19.293603572095	2.28579147949633	2505.14688461015	2861.16066801902	4.41029470873254
123.206517966221	17.1732708931348	9.5463934859221	2864.69179591818	1942.94256536312	5.42219954963232
54.043332382013	17.7697981633957	1.80284616803241	1958.34581228562	2272.83747276049	3.90838901242577
50.7959646603113	18.8532358741683	2.43276535475357	1943.27127991975	2441.73291928249	3.22750759637267
53.1557028167259	16.3269254697069	4.52015414142839	1926.94797957023	2087.1442842156	4.12357878156259
51.774085013101	17.9317165301143	2.55223600155277	2119.86029143986	2388.79689344759	4.47501064333218
52.2343667281861	17.8817922723732	3.1599585153782	1699.46389954142	2200.2872649321	3.82511642711655
57.6760312363175	16.2398459538283	3.8840122630639	2362.93894947369	2048.32355246131	5.14261159121136
64.1270631256449	17.4194456225812	5.23606918134249	1934.68736012776	2230.85332251474	3.56679499504774
67.2282639944289	16.3348539397114	3.08554009434831	1797.75624339045	2145.71305142118	4.16996631830891
45.2173099744858	16.9401704986487	2.62171191321726	1768.16682086879	2237.06969058546	3.988169087889
38.7723667196747	16.1952229860505	1.86582750142712	1831.64752339135	2112.62774876749	3.70822560193487
63.6524630679097	16.0954164410302	2.82809417704071	1518.36137495605	2016.99656738369	3.79788505403818
54.1483141706066	17.5603546230648	3.88438768319615	2036.70028052907	2455.67915400973	4.10566046203728
53.8464760764978	18.6337820983083	2.29523337640796	1990.73598316852	2813.44820885909	4.13203553823555
47.2027345535496	16.5145111876545	2.52232840788146	1656.5435124141	1919.62165528149	3.74931255552091
41.3485299849809	17.0264945203107	1.96699907005874	2529.42415731395	2459.08609460462	5.20969670714991
55.1730437281767	18.3823192560328	2.87797539882638	2497.43149836816	2736.76145003618	3.89698732159479
38.4728019354444	17.853691425701	2.2762542355113	1711.83447507661	2422.46067528901	3.97770574909343
60.7173237594534	16.5097309503934	2.84144649483484	2207.15114052352	1831.19005906524	4.3581342940239
41.9280002403492	17.7334994497118	2.48183191021383	1942.57239067269	2719.40170807076	3.92391927292541
61.4374455644913	18.1154722634593	2.56752515807289	2061.95904876193	2378.43916409772	3.64400594936936
41.6481254827299	17.6209941061796	2.05993017470216	2250.9776248369	2345.56122888893	4.17508183077868
46.8709352745165	17.8654380322461	1.77514148113221	2255.08129768367	2489.68426115274	4.37661013757775
44.9599141159113	18.8332209338229	2.50829346180353	2053.37974029001	2690.90821070142	3.9843072027987
63.6482996882327	15.7809756046963	4.48928569593815	2482.5950659992	2121.25547100209	4.85673634018084
39.64566532233	19.9006912429488	2.08948148425385	1936.15272496151	2757.81866402736	4.05845500847061
76.8991255300925	18.3097582269183	4.61541044023845	2827.99396102499	2401.63568396612	4.96025765367158
42.4757373483821	15.3307042481096	1.67586827985098	2195.03441051119	2019.00591259741	6.62979893738968
58.8946195025425	18.7838979696681	2.99841837653611	2391.90131968302	2771.64310000268	4.3885695861398
44.1462949420657	17.8354582804316	2.01890340673776	2253.59107857326	2226.90139321932	4.05881900429751
48.4124620566006	16.8051255394522	2.11134652675513	1910.69521823941	2031.88670272704	3.77029331220481
58.1894876094414	17.3635063628877	1.90061310825383	2505.49894351418	2173.83875768047	4.51038808800356
48.7769517215339	17.0102114843711	2.25761667876425	1753.05285028785	2391.64369185073	4.03821735544113
46.3713715947665	17.2677984842214	2.20853360969705	2711.09886246226	2507.94299332686	5.81285137482178
70.0002004174157	15.7445851188951	3.70038281913012	2023.60633193433	2134.65567706393	4.2196263705365
43.3169081284484	19.3254416758298	1.89491224244051	2036.34139630999	2998.93880046003	3.94750215531097
34.6703516173508	16.4944396862316	2.12377353134514	1710.70401434937	2506.90783765883	4.17118487701708
42.6232907069509	17.2814221416864	2.66701164055259	2299.04722674136	2007.55674337171	6.1381930912891
63.1409868816526	16.2945355537637	3.92043269014763	1810.50456233856	2024.49651726649	3.82646832485284
37.1465758657397	16.9594677968686	1.66348042870889	1599.43623549502	2344.04689700367	3.81880517253951
46.6434725199385	17.214521237736	2.45567270612432	1702.58765740677	2360.02992033304	3.924245315214
75.4159030151102	18.0146780542615	3.5551374363198	2126.9911701485	2451.97999351653	3.40421986191798
53.4781688262298	16.7231646210715	2.5224677175851	1848.56877894456	2093.33836486985	3.89178604146771
45.3365203801691	18.6258339374555	1.78051991306329	2187.01261377231	2617.64395183749	3.60730879747922
52.596595020246	18.9318945793506	2.1292322307123	2085.84007784237	2359.44275269936	3.70249836788234
43.3302815847976	17.2676861944384	1.92985486204499	1856.75656513247	2409.66980073764	4.2038183287705
51.9159164875394	15.9182322709782	2.98461098817597	2012.0597329734	2191.1820654552	5.00796141098998
44.0138796882199	15.3539612192676	2.16793092813901	1838.6501162758	1863.81093435297	5.0574336601956
50.7901331289784	16.9725147485429	2.54038266756627	2218.44643241348	2200.67153028313	4.50945677741657
48.2283774214804	15.5522142732355	2.13595211044326	2131.69940512793	1957.96043944091	5.15479189100853
38.2633151000466	17.8766550698859	1.70069625314549	1746.97802912529	2362.58499428625	4.3125167393727
45.5532158439857	17.1082284006815	2.03033429664526	2225.36222805935	2109.61186309058	5.52504735428937
49.0497935694306	17.7722988128203	2.30104427094755	2185.50338099205	2118.28041127272	4.0200263952621
47.4883860530496	17.1634626875124	2.20734896300987	2202.12735930703	2479.48648669743	5.35760768332
50.3090957044544	18.8085826305634	2.16934022457695	3209.77501157446	2699.39425943012	6.91999444801928
54.7073672437989	18.9388149436499	2.56022863353418	2308.08077792719	2517.97680372028	3.59825603155657
49.4393775794737	18.5743532084329	1.94578492656306	2164.52019162124	2942.16101735737	4.12962961778369
53.1713735500065	17.7147145849505	2.21209636656399	2551.07606887337	2635.35778363921	4.71457454643109
