mean_branch_dispersal_velocity	weighted_branch_dispersal_velocity	branch_dispersal_velocity_variation_among_branches	original_diffusion_coefficient	weighted_diffusion_coefficient	diffusion_coefficient_variation_among_branches
8.53747809495349	6.09287871039513	1.157545494076	527.204330743064	902.983139747242	3.61187562584607
18.881555785149	8.80211317039663	1.70359972835802	568.965370037668	1005.30550705735	2.38071292655966
15.6281549124347	4.48796756124108	2.06220047648142	221.9754512153	213.805745623511	2.07241012238952
6.37904927740676	5.39869588345679	1.44298648752925	507.24088870549	1135.61603105828	4.31354295515777
9.31382734648572	7.05717172912199	1.05380925122636	276.282074520512	389.138304552148	1.62669754564739
13.3666569917577	9.92165315541958	1.0594949575623	979.297534253985	1345.23468457993	2.56208719770306
17.6354363466846	7.62541731297423	1.35995678583567	269.164317504068	373.449396009855	1.26460491669923
20.676465202951	7.30540133826508	1.84061055205756	464.596386781233	371.018911350754	2.64412659989977
10.2923472303893	2.13111653756263	2.06617847312305	80.0417108806633	51.6376598039317	1.75322473088835
10.919808593911	4.70921092862555	2.12295588890696	245.515245933788	236.325121223607	2.13086847263029
7.71214410071001	4.38262965886521	1.20492748647682	259.581471233538	231.253460318788	3.41096093880747
13.0168962545399	5.11234779643442	2.0548486134018	461.950688158852	603.641478754564	2.79090028508798
11.0574678144331	4.77823435349502	1.22638708703512	311.401647166272	268.11309707725	3.7474773987718
7.855949094419	5.11964577664498	1.58259422290262	458.020314374565	364.414392107869	3.95197123936184
8.18069004529952	5.37564211618025	1.84543107249977	731.356706228451	693.436264611242	4.04875489250459
16.3753734731023	8.56664698201617	2.12975251079262	891.627481037935	1347.53451814186	2.49693500922979
15.5614530073795	4.29547989181674	1.38929270282593	286.548775148907	163.778238012222	2.33167840530114
23.0882753001065	6.60477982457344	2.57205450093544	707.603595361843	860.604022811971	2.92472756308647
17.3685643700443	4.88898089223085	1.88109706208645	267.294517701929	258.228129079056	2.26233368208575
16.495602010101	5.53000090228174	1.61901530994049	398.788761438148	191.83092673894	2.61524803208512
8.12034618748356	2.96652310420111	1.69193620885272	151.873648190484	139.685686601671	3.09007824717547
14.7837879272876	6.85644772633956	1.77671536560836	503.282469623989	778.896933225293	3.26896860631718
19.1215158661104	4.70894001372644	1.50208210210421	474.657076537808	225.828415481067	3.38479541633779
187.821480624072	5.9701973684069	3.50579611891506	905.702636136318	898.481256288998	3.3723309337783
7.35259696431582	5.44995448867774	1.16664534826581	235.461781404743	364.397720538372	2.32278021598892
17.1274610535314	4.80673344823696	2.16200141536314	824.45357377452	171.206857081875	3.87270706966136
26.6844123327035	8.64825179977884	2.90710982418944	1310.50083904058	1250.64694433082	2.82840827932414
13.4003137548031	4.70065795352429	1.91714397800002	366.994022827531	214.414698890431	2.73247819299411
24.8902893449116	9.03214085236181	1.44911092181091	911.597524046488	1027.55539791825	2.27863729006351
13.2439958060935	4.84131785389226	1.61511278364887	532.392950545239	665.385587649361	3.72605446584553
11.331856006848	6.13216054316498	1.7726973514908	217.372888419549	361.812906938987	1.64979966439409
13.6530159602886	6.98356177987348	1.51552139994169	597.677684671513	489.276705617537	2.74299300247598
13.1006852225767	3.76322955013077	1.72025463439718	173.417132831593	61.4725481484509	2.08270579585671
17.4447781170529	3.32989599268809	2.1155552225176	219.244904104678	161.608198665034	2.37870133743909
13.2524916176232	5.72897532563551	1.10281663383767	279.182172585469	267.592381876808	2.11100172339168
25.7353990850751	4.65732247129784	2.19732311168497	832.999994860622	192.759441289766	3.80194063476217
11.6979087683053	4.15112685754801	1.29756726167627	130.834555740693	188.796035752305	1.52615946355988
14.0094319005874	8.30524014305882	1.78684311587378	360.710941015984	530.783096703369	1.66905774072347
12.6016122632069	8.60349467441418	1.37646978923704	504.985693093289	645.685862766057	2.05099214019896
5.89739104005501	5.70665232156568	1.40726377332695	476.034825350617	767.783364027917	3.86722932314683
9.62253809837331	3.91833615009171	1.59477533975404	109.515445131603	132.504025969055	1.39212250927874
20.1799061513394	6.13039620396907	1.26509045748524	478.532618629135	398.04993140293	1.8461295184244
18.4345299270486	2.70008688218814	1.67959829673461	113.958574426758	38.5305917743502	1.33090846840591
12.3520311939866	6.85601814633674	0.976113811042735	338.039445345873	442.578602171702	1.61188725483564
10.9933551733514	5.49522214761084	1.39801181324557	402.0874063923	468.374397420752	3.54083790845241
6.03000671914839	3.0650075817263	1.37812047070931	108.156332913908	69.4026473409872	2.71782921931879
12.1958066608615	6.30397990577272	1.15983963394575	651.135627352562	878.123301758108	3.2476360428653
11.3047016888332	8.57811705589396	1.05148081417738	737.068764410135	1026.45394952221	2.28091482089996
12.7477020669148	5.19786089610332	1.95722619882628	253.475568970065	251.041324342611	1.80086956111354
9.42928503969539	4.24393811262793	1.6175318569723	197.620439093721	197.591579249821	1.76429280974819
13.5450989885669	11.0589894133592	1.22952906592077	1106.94275831596	1460.28978831516	2.6680875747613
10.8024149866508	4.5655450330179	1.07240862024819	139.910379467343	153.750526530295	2.05173568993548
7.6101777396152	5.73776645370876	0.880709718549575	188.679324696931	237.680481831735	2.23818278732637
14.3715458084775	9.62673960602977	1.29456380067956	1181.40953540959	1312.78254559247	2.9400987274471
6.40611220008183	6.02486823708632	0.814940800786899	175.572173822611	284.679519929717	1.86569848459374
5.26302644860343	2.8360900245318	1.07995565378141	61.0042264902329	92.6665860807719	1.70628678296806
6.46657700640342	5.92522202777071	0.965845797265684	140.590536045439	233.102165463376	2.38598566910838
10.5905202944258	4.5836948377449	1.5086786628495	170.39802153903	233.819699319864	2.02023926393586
10.2953046196289	8.27409833777915	0.990319998035123	454.886396993304	989.539397783086	2.2284443710215
12.3690319859258	11.3106981519124	1.25206582840742	1130.1414830582	2024.18935586819	2.63467799313623
11.6709935792136	4.86024875105304	1.15476888553671	140.161720300638	149.114938803038	1.11003127241217
4.57870586364338	2.65204589881426	1.57851336442432	59.1950542486421	69.8224635155008	2.08018882264588
11.2201911939734	8.78027808249143	1.22764452981316	898.492822011426	1211.38889287824	2.57606231354164
8.97673996040662	4.18569805702589	1.37930318950011	170.704452014187	271.564072980439	2.62277527750545
17.9554126817794	6.82288240948091	1.97118458515506	1137.47946110582	1107.19811667434	3.31010963111661
10.7670951382801	4.15615772661604	1.36753593295142	136.030203399285	238.634863718924	2.12489039392906
7.11433007066707	1.65812719486717	1.30717549417956	26.0742935298235	17.2390311796264	1.36286426591207
14.0674936625144	7.04901404928794	1.13387245893526	577.015061307186	868.268724658664	2.56355946040501
45.5816546269985	4.09525976233997	3.63246194161396	689.328498397537	146.552812409476	3.43295262600411
25.7778045236131	8.35726665324125	1.56800937478538	944.245750821308	1043.95904320541	3.14091377192139
13.4177201970075	8.44175529496874	1.57790992285854	581.570416875171	1078.60805128874	2.24574288129574
11.5537083043681	6.52739222955137	1.27269441894346	390.044479077502	595.232598277562	2.19906732266452
6.40374635017881	2.35810836426255	1.85450687420645	55.7380825761388	29.5795361904718	1.38332320095472
13.1412174771121	5.31857129757753	1.61366002618494	217.80002189188	244.817999373335	1.50015625020024
8.32991746031658	5.92022750239118	1.9470189740248	708.319674564642	483.172518159288	3.59479832882477
8.9714311658613	8.09858836281689	1.38987763175235	696.180752627456	1361.52787708845	3.40323940471814
11.0748969074665	8.3099415130045	1.46484476910823	993.817311000916	1355.67009736579	3.7239163501607
36.5366653168835	8.69243501490543	2.93855825133932	600.368214734219	993.506520301079	2.18917638091099
9.41118909391054	5.41343675558627	1.02305135231789	236.04969108844	210.351864666308	2.07219067483875
16.1026129946181	7.50449831144782	1.97847128402421	499.174791927902	406.051506819524	2.24857395253171
11.9127858903207	9.13560915767192	1.50662825959898	1164.52195512022	1393.01842479005	4.23145124554749
12.8122496818523	7.28127832246951	1.04407975968913	383.537786929223	424.674094875987	1.60034055734776
17.0874494688276	4.15563229335879	2.4029003893106	301.754862531557	140.314612093279	2.52846892224292
38.0739128086484	2.41231030660948	2.73465551337282	133.368821661978	26.6821788483189	2.42418696152875
13.3647186634853	8.64750763036866	1.2598701255296	347.262261717667	676.81841814375	3.23292216196774
9.10537382379793	5.21981910578041	1.39509071508223	326.106025922347	332.753405435087	2.95467955186283
5.72909553513802	5.4372746542927	0.823808149882602	192.72320323324	325.857793765376	2.15504154307169
9.71284934284945	7.8165185122417	1.1407447137454	561.001254245438	979.931826389099	3.19792035636956
8.52707542687771	4.09317220005233	1.57769556781822	289.913365164668	180.324283288944	3.5799646067592
15.5821289253514	6.99245881262402	2.05919051002664	736.973996591754	944.558803632057	2.93120199826161
24.1650718132087	6.01842667458423	1.45229030782341	319.252482254623	294.343761035738	2.0232988546417
7.72205006384061	6.10633292472871	1.07949246330088	434.788697665427	764.601538420186	3.76348970781504
15.6953327382178	5.21202713595803	1.5018887974393	299.383129404335	234.069145558746	1.74396595048745
11.3654579860171	2.29775496180901	2.26087758347076	113.110968074199	50.5002555998595	2.48463021715972
8.32292050197421	5.37324454731047	1.14093433462565	305.471824209227	414.679960305862	2.36204933150812
13.8385268952139	7.75863065344272	1.54851836634491	695.327205139023	1172.43138010666	2.98640624788239
16.611764182548	7.09049862642824	1.59845917899019	421.270810325566	337.456924789966	1.74469277430914
13.3208340148544	8.84757525492994	1.58543530495842	667.114786429497	1168.23222757436	2.52597366033642
12.0038007023755	6.80622249211917	1.43303553715042	570.564002183548	877.37035182124	3.48843168650342
12.9072805285046	7.04648246441215	1.69748695978213	684.140245311123	903.173446065066	4.01459336714825
