mean_branch_dispersal_velocity	weighted_branch_dispersal_velocity	branch_dispersal_velocity_variation_among_branches	original_diffusion_coefficient	weighted_diffusion_coefficient	diffusion_coefficient_variation_among_branches
64.097732659903	15.9142928225332	5.02685973739444	4540.63524664423	1959.66325001417	9.72860498497248
49.3793926188299	17.2077442511147	2.15213514582899	2307.26164240612	2114.07015025537	3.99177966270634
55.2040176404833	14.8249420812366	2.22466715633475	1650.17843932211	1725.00445661681	3.50273151406968
43.9368467351734	15.6535719352861	1.95329099919416	1600.87772977324	1864.49497494433	3.0540487760033
55.8966969939347	15.1151400192238	2.71254213778347	1577.40675797738	1823.54776313131	4.06686309577895
51.2120078768176	14.3586634194238	2.60728744098351	1524.02669759348	1630.96022039717	3.71840295340666
109.77721684078	15.4051595851373	8.99002214616826	2251.68026000652	2002.47897197351	4.14254710337723
44.865428709836	15.6238038364517	1.91328851376394	1854.00837460036	2098.50053554833	4.59109142982355
49.5325890105526	16.1861490308175	3.46071140611872	1338.52544842098	1896.50620200393	3.24794405671627
45.3566307376451	16.2770682433159	2.01791953928405	2230.2140841881	2219.49179735883	5.27791792131285
84.1681962144674	14.9108644156406	5.08891265677178	1638.34903948779	1857.79730656909	3.62772203503841
48.5455807373109	15.0395767589231	2.01145025741638	1646.35748739814	1769.3440955224	3.61163402261725
45.2781395861874	16.9243460328226	2.43718437182403	1649.67362254091	1956.07463335497	3.28969171922775
51.4912817739207	16.4823397706708	2.00371442657656	2375.57705090358	1736.32444569624	4.36170764430271
60.4249174138292	17.2428498659631	3.20444567297358	2314.55905959494	2169.83351919811	4.0982483766831
48.9557692256396	15.6722817270031	2.55081800060858	1822.42778570534	2070.13269497865	4.37864670605586
39.2556701064626	13.9322591733761	1.87650065645737	1405.31777025877	1611.69558616626	4.02590595283047
49.4596316587259	15.7499216274998	2.00141292237297	2029.89341196008	1861.54141075138	4.07889337825795
49.9378113255431	16.1156008718126	2.43999814044516	1675.53638813946	1985.84649955696	3.52133854957693
45.9833338269863	14.3234070056758	2.10330597736132	1369.38607283001	1635.33235890193	3.8016642050596
43.5119850744095	15.9899655652258	1.62271556165558	1623.03167179026	1833.77502084266	3.79005264977348
53.8280158886261	14.6167073369519	2.25820878049867	1808.2983787685	1733.56718609285	3.51798786156173
54.6273732435126	14.6562901068823	1.91076187239473	1415.42772401573	1522.68771793421	3.11601226672339
40.0543366073878	14.9041416607514	1.82361084170038	1746.86196225165	1704.10187532054	4.38305031985455
31.5660655309124	14.4214985104436	1.43756365034873	1100.83378701212	1708.66052074698	3.65054032281033
44.7878127710526	14.3257116785906	2.30650934491189	1928.01301535994	1868.80212260766	4.04679622881449
56.4796210711296	14.6506157216542	2.70466056831561	1900.08983305523	1937.72511023485	4.0181925607392
59.168783199549	16.8564415406176	3.64430143220921	1890.1549128909	2204.87577246858	4.1831857606675
55.5081264810145	16.2093847939893	2.37602081215449	2118.32369324546	1837.65646221816	3.90937454742604
71.1058674016708	15.1949845886036	4.73062484480365	2707.36138042982	1878.13178239151	6.06554558446288
50.8893786525992	14.6430160923596	2.26064128166386	1728.36079348756	1826.59499050364	3.81981196630461
51.1002222803001	16.7786003980192	2.05468869234283	2076.23236997081	1934.33345752348	4.07680079920731
47.105010643321	18.2147274828665	2.29127344523901	2098.24574868552	2307.31146682564	3.73843716647787
60.0639316245341	14.4845016954192	4.62897593454851	1973.12682386364	1947.27526504361	4.39811290855503
53.2992578142508	14.2681401481695	2.31352704175639	1825.55545080944	1673.7742212361	4.26359043194099
80.8988910531919	14.675856376057	6.71340114204671	1714.39290813282	1925.13747644778	4.07662609239735
60.2715111119549	16.1538688667165	3.20709089067287	2065.12759417717	1946.91806184341	3.92795389107302
49.428005844407	16.2152893438369	2.01633586191115	2025.96149901904	2201.09360583215	3.82188229963087
49.9532690971363	14.3569600792979	2.88592425112866	1679.10582869516	1518.54097526582	3.76175100447352
49.7677201627939	15.0476598289045	2.9345080888366	1844.88624923724	1667.59241197834	4.34478732870375
60.7157851625938	15.0223305830437	3.95672337834765	1847.05655281155	1810.88384475834	4.90077681602773
62.6967220464958	16.1956274720421	5.23919104976542	1926.09160454473	1956.75655585922	3.71487113089867
54.6634028205481	16.114269099298	2.85674383747953	1897.67100075962	1877.098733515	4.08552862725664
43.9618414713072	16.3816954166668	2.18082453934679	1686.16178707332	1962.41981279773	3.44750821525658
46.9327686032864	15.2277512493085	1.95929907293893	2104.840036626	1938.6618572083	4.55895130574094
43.3592169370993	16.5949253059664	1.90158119484585	1986.46559181876	2243.82446688585	4.84824628771693
96.0896269337369	15.7828649885465	8.71486229400851	2325.29920148623	1660.57271336108	4.8785980135923
51.5018062996337	16.663672664992	1.99275635628617	2473.05587933372	1717.92064395482	4.94084339156491
43.2305421219209	15.5830860259822	2.55577671120234	1437.52272695437	1966.14971318521	3.95983150946835
47.7815240054916	16.7506756947618	2.30981715781752	2336.61390444717	2312.8532604235	4.35485130415463
54.1122277222282	14.7618197609468	3.96022958795822	1667.48765287908	1674.11313901683	4.82565556796122
59.2966134532017	16.4454332925934	1.94696103625942	1876.25111256203	1949.04561399499	3.34244531301372
38.6608740616747	15.8059358635548	2.38263851436396	2453.97694004638	1963.38568466175	5.81018269664243
45.246640798554	14.948374489527	2.05788931688535	1576.24426377316	1801.54063856017	3.57392513978903
54.0959780292437	14.7936562086324	2.50584285856403	1882.23706231369	1579.14632758139	4.08485053833638
41.8255251731346	13.2714876653107	1.7618360684221	1368.19952136269	1530.134792084	3.39936916887722
40.3139158367741	15.6932695679782	1.97599894945744	1438.82642360415	1734.10137396831	3.84173404387794
52.390301369406	14.1906392810784	2.18071405999536	1585.11535203905	1629.7081051291	3.68913753608113
55.9142180273146	16.7468452415688	2.49959562986008	1877.99020484846	2226.87621901321	4.40777853135759
41.8612411065585	14.775528801826	1.97009956954389	1812.1270927268	1599.15277381796	4.50451639476445
43.3935246547824	15.8222173750223	1.87709393529944	1456.73393059201	1797.58869473369	3.22999774619146
55.1978157341388	15.8160926996221	2.48266138952586	1999.29056496988	2065.65757157074	3.73950977090191
42.2002771799829	14.9011743790626	1.8853050018718	1470.47141709838	1807.61175556429	3.62334000779293
66.8655261333243	15.5167325415211	5.59370273679141	1916.68089804248	1851.53986466808	3.45046493593103
40.0861667985957	15.5727817529592	2.19795036336168	1901.41621772638	1958.69630955059	3.65288043984132
55.3717374205005	17.3664713685183	3.79367635569336	1957.56226312415	2274.32974021182	4.32847446651032
53.2850492201518	15.4090622984807	2.91320328574176	2559.44116219632	1817.57338418393	5.3276084696292
62.4500830923241	14.7033663462976	3.1485023009126	1924.99633438418	1742.81358929729	4.9942409293052
128.381590257702	15.2309397923634	8.44731740088606	2600.77233866752	1767.12401672956	4.09316635249107
64.6066243709887	16.8437710745079	2.80535957637383	1465.32457349203	2171.50246074574	3.54085728223644
48.3698958248752	16.2144723706095	2.08846903224421	1798.22637355678	1875.30706812968	3.85925868063396
54.1304735493257	15.3862602495012	3.05985120050722	2241.29232563544	1846.08482578651	5.64293584026316
57.1675502387956	15.5683855270235	2.3259831777376	1884.14607201474	1864.06418356338	4.02527750407378
60.6968124691284	16.1289672726355	2.64704452677178	2224.63243388465	2001.54572430254	4.67978439314446
81.1638911313624	15.5696844426444	3.90147726086806	1745.01411012713	1940.82652475318	3.3765620959175
61.8390230694326	17.9529515988743	4.84203894610719	1907.83724266848	2251.75579910783	3.76396676676607
46.5086168590665	15.9065051506004	2.6961239079357	2137.41237679554	1934.71914169659	4.67646699334455
38.151227868561	14.0500074761507	1.88398909547215	1698.97642425699	1611.87667130464	4.23513918656654
54.7399845131056	16.3255272447137	3.18111710276188	2510.00547233415	1920.11558355766	4.86280562503652
75.8558615296017	16.4610332957582	5.00980817612716	2355.73374990067	1936.97719443848	6.21433299693823
41.6672404602526	15.3486780152266	2.43908071937222	1840.02154973733	1982.72791426167	4.07019723305258
47.7198549417234	15.7432284528028	2.09238253295379	1783.62160615537	1895.61606694221	3.5080705881245
89.5664145538707	14.8870659419986	6.69859271192992	1565.02037407485	1865.83779548627	3.68898818493637
61.6145838660531	15.6524180058507	2.97316111727534	2015.73109414767	1856.91281281395	4.10741216772913
48.8957424882776	18.3611148824786	2.45764723659046	2329.17790760645	2135.41681667041	6.26511811855683
57.1124463885475	14.5816981665704	2.77236514836837	2333.91845030966	1722.97855027058	5.59416358656275
62.0300982218405	15.5900485814554	3.96801077949289	1976.53398886174	1751.32633090434	3.82283527570976
49.0395929942219	15.9279809197249	2.15843158603863	2276.03700023696	2030.41782199282	5.64515223835258
55.4459854764163	15.7461461895323	2.33902937742215	2242.04201222643	1875.98782151202	3.64526079898181
51.0859231931142	14.7149010446126	3.11184298135896	1627.39305023244	1631.30203160959	4.58086918975808
42.6297627613842	15.8670367725653	2.06760172955159	1693.94254703013	2135.86818043499	4.12927412013258
53.0744837294423	14.752439274305	2.52788429626638	1842.49417182555	1681.82979864024	3.92554532951873
78.3290183344888	15.0482192686099	6.02122129591172	2206.77610239859	1674.67064919171	4.32785898420306
47.3355297267677	15.0089904488156	1.78053193763547	1499.55020912629	1753.1776616345	3.09565248718545
48.6768812274605	15.4127751058626	3.53562636841776	1702.96884752691	1914.07510724485	4.27152684748445
48.4621765696317	15.2235249657858	2.36791033884908	1988.11863628679	2012.62909970166	4.68769377382349
40.3058702233186	14.7764017461542	2.3598568734755	1446.44894651839	1615.25694520567	3.74748269855395
53.497370373518	16.4387428587942	1.99853377674239	2108.35807226973	2459.58469984145	4.07750707590382
42.9487479166074	15.3469656993653	1.79806933459998	1728.09556551226	1774.06503622731	4.31835766685932
35.3758547898456	14.0599035645892	1.92908457329408	1520.99133915014	1487.1037187566	4.338875507273
