mean_branch_dispersal_velocity	weighted_branch_dispersal_velocity	branch_dispersal_velocity_variation_among_branches	original_diffusion_coefficient	weighted_diffusion_coefficient	diffusion_coefficient_variation_among_branches
32.0763640765868	16.0437704830539	2.52804296251269	1851.83611660693	3334.51785463525	3.14063972118166
67.3422413071999	16.1241005075163	2.30857739689107	1886.58081053424	2677.18306837709	2.36596201502094
23.4396805869264	15.0390311901504	1.59941688923369	1740.7844526181	2621.51857162968	2.59860927726365
18.2056971789985	14.81723414344	1.19213130048672	1717.33909020668	3439.00618430661	3.26877475987137
28.8112684147802	16.4668443312972	1.32241760744659	2061.40597849748	3648.46021259301	2.87748640190089
30.0162552421697	16.8169950801986	1.48950212354693	2219.22480781578	2863.12035454408	2.49206476098206
50.2599047883886	21.1509385797085	2.02977931211116	2497.64632838206	3458.3939029359	2.16137667432961
64.0948192978116	15.0636581175222	3.82598604146993	2779.89717355741	2907.46932258045	3.17539853666486
22.4115868076428	14.2360852937827	1.38681959365177	1849.01944382385	2725.85402700005	3.26959632041853
21.971697884736	16.0402015819868	1.32387607508882	2314.06212632334	3796.97520092402	3.04565464851578
43.1471913752465	15.0342781001206	2.9879827721707	2341.25556213959	3247.76078865767	2.59430633237142
45.0024335066195	16.9106923339512	1.88817872824706	4173.49830354629	3570.58199332106	3.97334218118651
42.939542265499	15.4925214567763	1.7947044213098	2060.50263118922	3207.52728941612	2.44828950482612
26.9282487587987	19.4028697984532	1.21873146743427	2918.33198620703	4614.96421931816	2.83471796083549
29.1757297889776	17.6927899600129	1.32219166998803	2460.88805292625	4119.49383500042	2.68251315629305
32.2807939136281	13.4954296321174	2.32362200736197	1444.73165865572	2617.42962216604	2.80172220868392
24.2562904828521	14.0150934528065	1.62886510276252	1734.34479366433	2927.64128590643	2.71532105067444
40.4718167048374	18.2374059329652	1.19207821261321	1975.59037803618	3597.47468021107	2.21105324288546
26.6856162385022	19.7223000384711	1.34987825559407	2418.4360665707	4626.14645371792	3.23810748358435
17.0535854528148	11.2496362910994	0.991960941676905	1183.82570801504	2477.05281630441	3.32305228628343
27.6122771570926	16.1876235785465	1.37393356730791	2033.34669853008	3536.94085640205	3.20925654609642
37.7267869606812	17.6797066039826	1.53274438182454	2883.33302788953	3896.11953911185	2.83347634418807
17.8851254838243	10.2397673001087	1.96100646124074	1153.83391207654	2357.61630041598	3.18616497590081
34.2165110846012	15.8449052812943	1.52483944396849	1931.47185020387	2930.48867274163	2.48218218951755
23.2210700148057	16.6784825028055	1.09935520656701	2294.48227511587	3566.51024847665	3.40973673734109
30.4191606824725	14.3060578958042	1.8115320317076	1726.21069276899	3001.89056147169	2.90224439772853
31.1481088138695	13.8682468805737	2.11074272362686	1653.01847222095	2664.00194196192	3.02044802620015
23.3998124368396	12.7868520463312	1.56694706331237	1354.06907151096	2662.24985783148	2.49990505957701
25.4956629273757	16.2086897079521	1.52747839802047	2029.24182389945	2632.11985381979	2.60911595015754
29.5791119378933	16.3724144535557	1.25464131360969	2251.23526306448	3404.60058782863	2.96969445316741
39.2182023789813	13.0397658197409	2.47858020156027	1859.16638950924	2268.65677488923	2.81162864039309
55.663839467848	21.4127895409824	3.0202081953829	2657.29571788367	4193.83148249301	2.7231878459099
26.7775171190857	15.0767378415159	2.19912801007672	2385.95408182695	3414.66718134714	3.26818512297123
23.289506408731	11.8445994432443	1.26663314462169	1351.44040314193	2279.68091205129	3.11833728259807
33.0482774285591	13.5734021319454	1.84033998959003	1683.20525577841	3016.70826968533	2.73342585499972
34.5619738915691	22.3680554354666	1.13093125885832	3514.93760683227	6205.11344107552	3.01984804463991
22.5848287842495	16.2385475854239	1.93119445298386	2139.12451893822	3701.91767059421	2.78216273443691
15.0965720907973	10.8922858084244	1.33639447119242	1105.13765394585	2219.11254542402	3.21780089339223
45.3344303155277	17.8332924309849	1.62428593748528	2225.35767448588	3690.63541550857	2.80305649955446
15.2382242229225	10.8828387485279	1.33544765049444	1126.74224411175	2004.95606043504	2.87872282788393
38.2098703292637	19.3125915007866	1.87389332875391	2383.8761607029	4015.31597534236	2.55266344258365
36.8291647356434	14.6707717731931	3.39416915761729	1803.02399610685	3081.00041890413	2.99530469067821
17.8938864784965	10.6961801359534	0.943045864355618	848.985019422605	1596.60208869952	3.22007062732419
21.9365771159878	15.8871564011204	1.61132126191427	1846.53991778238	3283.50592657628	2.51778837294877
38.1036215816189	25.6762358368496	1.32501624374056	4652.28936942496	6214.82697973655	2.51390647408262
12.4629123912564	10.6372776679559	1.04442097862281	929.382855971866	2085.96900155141	3.39849928327585
22.3345659607222	16.7982977341546	1.405565904944	2053.20255164856	3184.13717605945	2.62159487326957
31.6082599160199	18.7655051252491	1.60024040533986	3053.66631737458	2603.08811866738	3.08560560123455
24.9687331222733	16.4308301056647	1.34559528029741	2894.80604993793	3138.18621898474	3.77102597146756
27.0235036243928	11.9572777097196	2.036265259009	1507.38631703304	2654.12984764889	3.05989277406554
70.8884339307184	19.3661240054911	3.472875022906	3098.10923461923	4626.41001560508	2.84405476042481
22.3836008142276	18.1014410411046	1.3715457372738	2401.78556833639	4358.84070441558	3.47266905579117
25.0720484054178	13.9322795765755	1.88267488186399	1116.05601243073	2475.14002385759	3.28180877307139
17.7002586054146	14.4755551584826	1.19910038083169	1411.39723749518	2830.0663257608	2.95497161576844
45.7609279239721	19.2556415400819	2.27425046829303	4492.71769940444	4255.18527779296	3.72245064813315
21.3191312142069	13.8752572094724	1.40091050571741	1387.17859994314	2972.52698858288	2.97828608321114
27.0572574458866	16.0860551338637	1.44665228287716	1553.45415073202	2950.68600927043	2.81715124333777
18.9602919209855	13.5953381377901	1.19567087962348	1292.65725335474	2508.68955259313	2.65924010617098
34.3601640483118	14.0864078284905	1.74422090307894	2211.47813826976	2883.75186396268	2.47349806548313
17.8390432556755	12.2816071714739	1.02697146938897	1248.40649717765	2274.65782912068	3.19685320929074
29.6079426247029	17.3747808554319	1.3145977721137	2025.39102765259	3472.37059103483	3.03466713221673
16.2767819243881	11.6658352572558	1.16018751626289	1078.98355471033	2109.20460968049	3.01457273236679
44.7843425419714	21.2484258696652	1.54356342987727	3548.33965870102	4764.91169190839	2.6503130461284
64.3026156577402	18.3747449464536	2.70947654928546	2952.1583400848	3500.47957591093	2.31417808734293
60.8283636128911	23.4264398805988	1.69757117610711	2588.1985862293	4131.53249817204	2.14500049950842
36.2182147476533	16.8983921244714	1.4221292551606	2548.82434603889	4064.68139538674	2.75339461793675
30.7053867971717	16.4002613413532	1.5722656163131	2430.44260600658	3404.42879451531	2.53102278700308
26.1470994115755	15.3742573678819	1.55248640960112	1617.95478677891	2551.34281953567	2.48342913733669
40.0597339586889	18.0707044088363	1.4242307651354	2167.35083526919	3559.64296320991	2.90452417440753
30.4811931401444	13.7451823532978	2.04897635773343	1598.85911315469	2419.0846739243	2.77961157601335
18.1633698540345	15.3536947860245	1.34460263412342	2069.98750549877	3011.79707964197	3.10442439950692
53.6224353332759	19.0886452283636	1.32834266714806	2657.11716626162	3430.26525526126	2.26632955867413
18.6900188359769	13.5744681706453	1.2552434339173	1425.0992768296	2567.15655519353	3.32504888151965
21.0555946067795	14.5563776355626	1.03354947925616	1027.45697870684	1966.14804486953	2.12839046113942
19.2950880570746	15.0502212287454	1.24120286782985	1835.78489459395	3514.95531775954	3.07502406631232
16.3629834790137	13.3361945693447	1.0743541074518	1263.87842516719	2582.6914974925	3.26653186181705
54.6292759187914	15.9906865288494	2.5435744334126	3144.48803484832	2898.57440949664	2.6505500980872
32.0530632569902	15.4597712062584	2.43533568196168	1683.43982487269	3296.48032481247	2.93208320983917
31.1276616089586	14.6612045674312	2.07500049409701	1889.92866164642	3237.79984728715	2.61503008558682
23.0362268161938	12.0003961214722	1.08547229022601	1579.36742444458	2534.78479112503	2.83688470153136
25.0119701523567	13.1641396747395	1.62250373969734	1681.99724319571	2619.71351806977	2.89044932018251
20.8876447675542	14.1923037683093	1.15259254680791	1422.29463848814	2833.2910729749	2.83702020675869
45.8665668197667	18.9733832172327	1.78741679784883	2323.94808814395	3570.31787701719	2.34272283502191
19.2851989263732	12.6611574843277	1.71928954838263	1576.75927173169	2071.19879271649	3.09988712220181
20.2768408685449	16.6357596003092	1.33480111293201	2173.62457222689	4139.18042419635	3.20202604148825
19.7674013436448	11.9227600770815	1.7913821417348	1257.15575511762	2599.79241025139	2.94270926191237
50.0020589259335	14.0544269104658	2.77454056078685	2248.32516470204	2557.03727153463	2.37733514187801
22.1814352316137	15.1232084193335	1.39863091068023	1644.04326990752	3398.77503405557	3.74720544018356
27.7090036770641	16.0998855091955	1.88862895685663	2361.85412519368	3191.58006148988	2.73718538835207
35.2746365386404	17.7725549686445	1.67806231999406	1981.56114763313	3038.36758800608	2.41371800699244
35.9493496545373	18.4630171870038	1.25438988261639	1632.66161729874	2740.93611225778	2.42515570285657
43.5967952725867	18.7255483480788	1.96065985024159	2911.551074982	3347.25340028044	2.66415940545756
27.4757463530679	13.4254237368239	1.87716317352214	1429.91140188949	2615.55863244631	2.71817644788109
27.9233901471064	14.584367525647	1.63864703497161	1788.6639185297	2734.3301783162	2.7488889121896
25.8009755708054	11.0192027983513	2.02262345325948	1089.11294508097	2416.337456433	3.12333334010753
36.4185066116835	16.964899104558	1.4895437343098	2167.50897636278	3751.19393949362	2.8872835843764
27.7361443268139	15.9678468533468	1.14703418220556	1592.10396322768	2698.49842719216	2.59933148328648
46.4848032369506	16.1807165117481	1.71251829340603	2480.61280060384	3042.46126217894	3.60169958377555
39.0117991670149	20.6882689836151	1.65813015761316	3063.50035574442	4247.1544355089	2.36604799633071
23.9013082863946	13.9851768639771	1.40074025616782	1570.64956121255	2942.94873369963	2.886247378934
