9.740691589032137	6.249016959142822	
11.251841888789896	7.951402858488632	
6.515938992739634	7.108705525109981	
11.424256754641714	7.313356125530455	
11.39751165746214	8.409692128002126	
12.745605226342914	10.520559917332532	
10.704305573226542	6.938679814691825	
12.028899714851834	8.184243045269142	
8.881577006151295	8.271821531555155	
9.438366098595548	10.569492429555215	
7.4355310051475785	6.93473263133294	
8.890099231587403	8.766947849221047	
11.790709140832451	6.922167133890507	
8.533050300449597	7.771681753504507	
11.488682686816437	6.235926446409196	
9.160483632636558	7.7821195420441365	
9.065789396631091	5.998116272451548	
11.942611758782586	7.079490928980137	
8.731381989356015	8.139905238492958	
9.59679124037354	10.207985407272316	
10.39814341254889	6.078027340053445	
11.072972224346426	7.764900427761692	
10.19185937410009	7.668227774993245	
10.196927888096655	5.743061344183502	
11.529226733047068	9.632142680130674	
11.314427942480608	8.199401398667451	
12.698085248520293	8.98984655565983	
8.467029984863059	11.255073955244791	
8.403901654958796	8.15613153270581	
10.827148414689614	7.657484709279581	
13.018001287598347	8.045959808723437	
14.063461062631935	7.176342873301146	
11.142888068917134	8.301069028004513	
11.199648477100018	9.66131647787935	
7.930803500866027	8.067280706107619	
10.98635474220268	5.386387179747895	
11.09915595664491	9.785343980286472	
13.13412562809097	7.697039361646081	
8.862391256051612	9.182526265215525	
11.304486779858543	5.3904676373420735	
10.324012600698527	8.707161962840491	
10.697636997100346	9.418796723803553	
8.499305116751325	9.172234282583444	
8.217578708304204	8.620477558471311	
9.528809589607233	7.391062669935875	
10.734571427109984	9.88236460905027	
9.499912121240113	7.468302715981047	
9.076533253589036	6.1356694731236985	
7.571366967078275	7.759725556818067	
9.97620783785143	8.641062113247036	
8.927553693976474	10.636514640706595	
12.014772548902144	5.782371491051576	
7.905589500537118	8.924900713524853	
6.865163608559984	9.395476158675619	
9.679150320280744	6.157071230084483	
8.856063744575177	8.09975650259561	
8.348340982630608	12.272044715866489	
8.656915700191188	7.354396067297587	
9.260728626507927	8.26258827837048	
11.86758387329701	6.913380900239533	
9.592201609414678	7.392842197606968	
9.302326729380411	13.46171860541596	
10.022211326009018	7.535748678270139	
12.85908847323948	10.85317953501174	
12.04744262586177	7.067031336923054	
9.384149096109038	6.967445123135539	
11.595570539004132	13.74031712976966	
10.651491807482598	8.450386053387417	
8.655644465250285	8.699815758905592	
7.4631940390091245	6.217335493320041	
10.631975597840881	7.401432425556753	
8.52945635769908	6.826610213543571	
10.607587648489957	7.0544236443519726	
8.411606279755544	7.292876327539245	
15.279559365731556	11.943127964866122	
12.477217710969255	7.548090955096636	
10.770477400357125	8.54798267122671	
9.626292844153644	8.561441874362231	
13.149962107187415	7.379731354163247	
9.30187238934509	7.659360409678084	
9.796308228408146	6.996626467354569	
13.985767826436774	6.969200543543727	
9.701456693708161	8.425518327929325	
8.84986475672365	8.645754688502837	
9.872433755362952	8.471590397054312	
11.749455926623808	8.80208032705891	
9.76649735336459	6.844793455617296	
12.019821335355264	10.104487215725998	
11.903898873500742	7.702236101971162	
9.747409936131808	7.12357123082521	
13.355897969142044	6.973164562628705	
11.63379043333631	9.238391622082032	
8.562062461226407	8.103442696626884	
13.847235722949005	14.567947044538164	
12.158123411290843	8.882046755238635	
10.934912210584335	6.843725070108991	
11.86922693028721	7.370871960606864	
10.196726911619416	12.338703682264484	
10.195128993985229	5.152677143250081	
9.639590277143558	6.642361768422478	
9.210298808227034	9.69426060274922	
11.741207208889394	6.78541526015456	
9.69636307594911	7.494166928895967	
12.295220763479257	6.662953860076062	
9.371402748683545	6.427089144268087	
9.849099060424871	13.119588376400849	
8.230826529729072	7.148670845495254	
8.93185132944622	11.409511261003843	
10.31853903039204	5.453788780427593	
9.586680824253971	7.645381372295548	
10.003116523510306	9.085228429158013	
9.684652148651125	6.334047751753532	
12.36678288474165	9.921073886131758	
10.396767868545098	6.398740672851529	
12.769843589450632	6.629709022961039	
11.740410615606034	5.509455843050856	
10.65078356943657	7.460954573302518	
9.260034446640944	11.286165457020445	
11.987543151962821	8.939071520918429	
7.999443494536399	6.243331544775499	
9.14362286707868	9.02801826726165	
9.675543167717787	8.327801922732556	
9.243757544350768	6.662032749987055	
8.875750771091212	6.364751184451215	
10.670084198706618	6.018989433353578	
9.033445929175942	6.924010173133097	
8.994171457501551	5.808072675488335	
12.096663614599462	7.196283234392449	
15.479012757831615	11.959904270623838	
12.212324345075025	7.280972250907922	
9.426874917667654	7.815227644477192	
8.542940283590553	6.7482664472823215	
10.777478474326104	12.275635206111	
10.087308475156442	6.7585825530862	
10.704794938756669	9.113187544033142	
12.239980639509902	10.28227800062426	
11.252361521700742	10.540205195620167	
10.017477788479116	6.8118336657350955	
10.378829359161115	6.0207884037200285	
8.213037019243814	8.029235828021136	
9.381533485433643	9.77957518614334	
13.076961380645214	5.2429725487422125	
12.615076478068575	9.914809046744942	
9.587701785821192	5.353992601684012	
13.31388357281026	11.132102009662596	
11.319281592250732	7.448741444914911	
12.19459135993323	5.753644718479543	
8.803326033265755	11.055023762734661	
8.8087827058172	5.54825433093077	
7.357813752537264	6.355586683998512	
10.732231551493262	8.471179190056791	
11.548936475978197	8.210267240952053	
9.500588930667302	7.654104185775606	
8.715293063418041	8.817502541009176	
9.331607758800935	9.470725884164379	
7.03875185232647	7.852940923372685	
11.182704245702501	11.509160073177306	
8.228570330972268	6.354428032613097	
11.387770316308522	5.481718206308921	
9.043427057543596	7.154731070879286	
7.3224843592343944	9.351954924173901	
8.3145293625975	6.259532453299941	
9.728123993242649	7.50624067900171	
7.7498584897248115	6.620153877490141	
8.600179311594806	8.138614638091626	
15.456518573765624	9.67738716632865	
10.397361638422618	6.97017500435079	
11.758489195454121	9.075452881378222	
9.771960220280391	6.011015790473802	
10.952800588585836	9.09722931293713	
8.998940729554397	6.454373022359738	
9.675930946488874	7.55907727408958	
11.098254955523268	5.696001904548038	
13.173188869609813	8.372298086434729	
10.78541351505708	7.71679159574595	
11.38028247024685	9.445961148688273	
13.574799047459118	7.374646262319721	
11.971669074930343	7.0410140252825775	
8.51992578181885	7.325336274416603	
15.939177578318116	12.578377302905176	
15.379958389045555	8.400103477156968	
8.792352790621234	9.23804592660981	
9.052076219187597	6.871241271784751	
10.661011099039282	8.869476334854285	
10.346000182595898	7.288842023588159	
12.093235658771015	10.143794444417294	
11.34928292139294	8.59919081757993	
10.239947511187909	8.243931738928588	
10.09928418558772	9.648799320808019	
14.863984338168251	6.582185462514527	
10.748979218345466	7.1476682877174005	
8.54880750320096	6.386098648665969	
9.774645912448522	6.061610604874433	
8.988365564952685	4.020051349232625	
9.238213806857846	6.868478913367838	
8.99278439703507	7.80917777769072	
11.868050216213792	5.944445631913147	
9.905091377892244	6.444907187216899	
8.355450216458614	11.183359775134186	
10.870234475444859	7.150168557451129	
8.772567307275457	6.846555206889884	
11.590711835523365	10.620312684431568	
10.897875050663187	7.820463862500304	
9.895640367699567	8.250256791592461	
8.494821153272369	7.460431965196788	
12.129619685417671	8.424062747194693	
7.655756632219646	8.641333396415764	
9.89282598170917	5.124231682310328	
7.163051904346912	7.857284327029585	
12.236056274284165	7.912878563777563	
10.16208263263669	7.0497382279030045	
10.354443389298082	8.256166358349114	
9.49125291043823	6.989808965525511	
10.843128937929702	9.08405885823001	
10.112270021805656	7.695394062987908	
8.703096491558119	8.275864734699297	
14.367426849034517	5.830368182575013	
9.895824064474736	7.7442207038394235	
11.563763010593137	9.724821699734326	
11.439500700095927	8.248333924689824	
11.161934953337129	9.0897701239419	
10.37988427063583	9.229344314262411	
12.161004352315704	12.093220175807001	
10.963414125778023	6.524618145962789	
12.06808359076714	8.012991528746703	
9.634391020663228	8.148639592918038	
8.471318058696493	7.384009503091049	
12.232280097122423	7.211955037409049	
7.144920999258245	7.627894496866394	
12.947119564748695	8.749321177883989	
9.264820893996474	5.387708623582376	
10.396039770570503	9.423495740942856	
9.09088459906587	5.085040324755991	
10.591737958135457	7.803731480261645	
9.718843387094424	9.707289952996051	
9.440038608398394	9.084614252300625	
12.998488080080742	9.620734982243388	
9.277147304300877	5.934109719281314	
8.1967845365952	8.616743388583046	
8.866951354763192	7.708342562456727	
13.37125311662988	6.2424763631986835	
8.913145605161558	6.22596049812888	
10.133378789855344	7.319639390043649	
14.50264287633517	6.770967681435901	
11.705488689543449	7.80995058293883	
10.218391900530442	5.990853792243002	
6.377041317974105	8.12062565977627	
9.484323817346603	15.269707204926972	
12.194278068863921	7.36232985580164	
15.086236602258476	8.09972293391307	
10.426029695334172	6.423501030185685	
13.200568099678874	10.531648676639929	
8.777944143353382	7.990905000931974	
9.811845791756621	7.515755234422155	
10.166274716895657	7.512097429271969	
10.199661616539897	7.159464371202105	
10.025172260921567	7.604711708363106	
7.697925324101421	7.504550367153934	
8.446374740947517	6.406330693637126	
9.984418163535649	7.274507533694944	
9.822379799234414	8.087357977477154	
11.434359300294794	7.622570232147847	
8.420907645401824	6.008439244536499	
10.947852107370363	5.882028459024131	
7.411680662506692	7.897724605831967	
8.125080133426088	8.693299656038455	
12.109773608545083	7.3926859880431	
12.142027532842198	7.1695518209724876	
12.092767423555273	8.507073047121034	
10.332082365088576	6.555161373787898	
10.302110582662033	6.0948669930115225	
10.66187165457112	7.93336653408892	
13.931143160325583	10.992812335911983	
16.968324720776234	13.670908358455518	
16.268971103922496	11.296490320483338	
7.4153830569667845	7.272998255200719	
11.513324143193792	10.458087710031963	
9.676651764238839	7.462940024824712	
10.69618486765636	10.13846225479335	
12.526191697284634	10.14049129466959	
10.088113878386865	8.361970955175382	
12.316255610197814	8.921267041522446	
8.000497393688597	8.316968481121766	
12.77751210582219	7.055715892237976	
11.236437437426774	7.297067811865447	
11.8385991826918	10.474854324161424	
11.019915464461933	8.260140884224858	
11.611602639267259	8.15794538798556	
12.72235771196729	8.556216438434515	
12.394562413988051	7.58166014135595	
9.500614101498757	5.367976307963224	
10.531572355383402	6.344439810165088	
10.644193414749036	5.327556323763563	
13.743442319942005	8.265743091797466	
9.753513669560428	7.872785847847111	
7.537462408826704	7.169217606203855	
8.222693327634513	7.041966168746996	
10.261781890241986	10.056349120368953	
9.941663932679893	7.081549065834598	
10.91423199521425	7.750987272794446	
13.130026654663567	8.850675289945194	
8.576686078886668	9.440616899651106	
11.181667382407444	5.922653499501151	
12.050100477797942	9.966114717270518	
8.354142777959085	5.8435201048798975	
13.34091399409847	14.227728781880723	
14.430027854399318	11.917431569413166	
10.799656969518136	6.9803427354107415	
8.724663668541671	6.63053371997224	
11.993090774032098	8.743886013735064	
9.103616315709816	6.767092772780604	
10.332385658386789	9.728025754122342	
8.624194132009073	7.9322417390524	
10.238012688587142	8.27919953413711	
11.475686800459824	8.416758970208857	
6.93535727161496	7.0333322536306175	
9.64160082436978	11.062354773375187	
10.830417853786988	6.734636818521224	
9.01188717993148	9.842500182849703	
9.206546997477187	6.0930151544086515	
11.124221394895024	9.053288715563115	
10.055246941414458	10.401038142541694	
11.261986112215125	6.604681010700881	
11.415571118286046	5.6475882908647606	
7.218713645261245	7.669640448365562	
7.169744028907963	7.976333780254498	
8.43349650164257	6.826903347307921	
7.6152777422990905	6.636479947275297	
9.029898477653118	7.313562588179622	
10.856964543007967	8.373206204941658	
13.025905097953656	6.24999230606418	
10.211150854424593	11.655823150388507	
8.563778768084102	6.418442883745954	
9.4558065384684	5.706686388344798	
7.91229722874154	7.6084760152312	
10.914888981261527	6.603561739968022	
10.66940224249301	7.587202881723562	
9.865195724451237	5.7125547734584865	
8.74956365624744	7.465011546994351	
9.412772365646436	7.622599773087319	
12.228972179372123	8.568963158653093	
15.684354744098338	6.825450754368302	
12.402395776137784	10.023260261720965	
8.813203790766005	7.1307468978696775	
8.170814439787634	10.398424476457343	
10.954431547547642	7.699449629220019	
10.77116098426422	11.576868229964022	
15.739021215036315	7.337075750527373	
15.686178000406585	9.837108219519326	
12.920341219326247	9.64168626475838	
9.297997235887212	8.130400006920054	
7.92283496521801	12.105333733451264	
10.255491380541573	9.046204842528025	
11.303134052955716	10.00652661803304	
9.801249583503685	7.4210613978658895	
9.923761706024562	6.537960219655474	
8.999540407816573	6.925193842322807	
8.16387066246883	5.835054639474465	
8.507646749291235	8.162313204802809	
9.924473019915908	11.892084206902396	
10.273511730719404	11.870678363653944	
8.351936488897614	7.347358597848283	
10.630948297341565	8.77681029592005	
6.3934977701461975	7.1397041132697465	
7.865173985816662	8.097611167078233	
8.988184414328192	5.399592052335434	
7.603269864324491	9.631009090490533	
10.630634609866284	6.355823677616838	
6.916198792496851	6.808063952230056	
3.8654449078392563	9.335274697537118	
10.676716302661625	6.162986598235707	
11.498286468632688	9.378413566283557	
9.391067372776408	8.960148083135925	
9.746087175674376	6.174980661282051	
9.747726231787409	9.76035430187959	
10.579546257392359	9.710318103843232	
9.787638462182034	7.7044404564987525	
8.915724917792243	8.940657564527479	
10.326306157802751	6.5921265823705335	
9.845148187505655	6.646899046238658	
11.297906060828725	6.452759946839201	
7.583813317270044	7.685714447467679	
13.019259771672303	6.3641043654199985	
13.688272363358042	5.701078106419796	
9.155753992171087	10.421534486200525	
9.354166182332204	8.721675093513864	
14.07907230777778	12.185232790044118	
8.888020833126804	8.881111719528015	
7.734711523805371	9.472637437015448	
9.027272517469488	10.260817752731551	
9.619663578705282	9.878694296170194	
8.53218136458668	9.82512493115964	
13.058052567720944	4.856857181702627	
9.014176475956491	8.236512379413986	
10.747198309846308	8.455581471455016	
8.649980444398972	7.902475956462603	
13.23506133471124	6.504437770127121	
7.653149699234809	6.826006929152922	
7.445101664058803	6.838610942043078	
7.499467433565007	7.305385062734107	
12.400137073457145	10.664141545804716	
11.714807857369635	8.66403479598039	
10.11548981190035	8.995488788016324	
8.491563415356998	19.057151685810148	
11.560130958659334	8.970271514254945	
13.29420696527824	10.376298914331173	
9.238449843703311	9.726104863642577	
13.555463749049414	11.298504494887906	
9.33499829905772	7.886218623824554	
9.788325804595976	8.174577247696876	
12.425127840210521	8.436675176569375	
11.745243183608428	5.768728812458177	
11.88245783300592	8.256175605530427	
11.375472527287485	7.212732776140284	
11.815854513962416	10.218948967365561	
7.58904699624234	8.62998725611054	
10.18117000259575	8.923607048628417	
7.083213169563508	7.677422825213649	
9.691455605917994	6.1527049606354485	
10.092085165650547	9.307767909094009	
9.05115284536525	9.451801316436892	
10.25857099272354	9.628037200328341	
9.657503803656258	10.362209577121988	
9.49321103244247	6.616816359588749	
12.457669618635594	14.226577756952324	
10.566431135965903	7.41715990607014	
13.795479150216144	8.176427288711164	
9.053618844189282	8.353326713433878	
12.890129923143636	14.508926384651431	
9.664169113757337	7.578893698300046	
10.941032507501028	10.778606524621194	
12.872500249051063	7.420956807893986	
11.221046320970595	12.059564074036405	
8.771496815701235	11.000443378336959	
9.66208824885298	8.344750980754709	
12.622028883080162	9.005031910308675	
15.148033070974432	6.31535335842764	
11.74071054864223	7.62879584660823	
6.716858111809747	6.96715924822294	
9.51859905335481	6.764637755121601	
7.2439831793914005	6.913732497947463	
15.02849273770579	10.24190326685276	
8.491793545728596	7.152365075600789	
11.383989725995226	7.27960733415273	
10.66294664013889	9.336038668945333	
9.767447509131483	6.8241975625933575	
7.276430377816787	7.4044532897928805	
9.712588051500736	8.67660990380443	
9.526878175210186	5.538045953164238	
8.840193090020161	10.024607311187697	
10.024951706053432	5.545759087139955	
9.905051027189046	7.31485320984606	
10.068504445034097	8.445330493360414	
6.367879853158571	5.693249576838909	
10.055740816168349	6.4108446582214595	
8.929501480900623	6.549983690258915	
7.598408143848887	9.71916077650621	
9.812641896966413	6.171606935137531	
13.7408860401607	8.572879497396617	
7.776421476540535	7.801911055220925	
9.390821116040573	6.254742562089615	
9.043190625436612	9.354886623336172	
9.102250938348314	6.596958675988015	
9.158279623912277	7.806843102332964	
12.114906608862707	8.480189007403498	
9.744633291891457	6.8656660326830306	
11.038131522429037	6.1193542789381175	
7.991930780789397	7.747125781133682	
12.467195614552873	7.599182605745919	
7.267790229156789	4.8500001928236935	
12.677001861084172	7.262153008095852	
8.17693738797244	4.538353168605677	
15.461687448534692	18.543580144272664	
9.225155696505963	7.6714034723761735	
7.799182606855666	10.665582399214827	
12.283729354973358	5.964855003465698	
12.213719533488453	10.481315831648981	
7.965600729794217	8.465211607625768	
10.290386247247003	6.546273274256989	
9.752949346709999	9.023235604713669	
9.168697707670646	8.035451566934952	
10.428491438002169	9.270396283626702	
10.899251066635628	8.733663482125095	
12.925488510085682	8.756511259961485	
7.547986538494111	8.380217835330537	
11.617231618335447	6.54041019960192	
11.12738452276001	8.338723459847207	
14.738251092697999	8.001790116122498	
7.983108819706545	9.568849970110017	
9.298251833576083	7.590049136620985	
9.70382270372325	7.9503273282413245	
8.51955884915338	6.181770071671225	
8.544170224685352	7.311378843917773	
10.156611138165584	8.885069358007089	
12.813157305141333	6.916475364723076	
9.758653260679042	7.9580858023928	
5.712641300576629	9.623320889650408	
11.712581985643798	6.144226078671071	
9.391376012150747	9.945635275507051	
9.6483943799637	8.011675156186662	
10.631935648221052	9.019797126063962	
9.694513088640246	7.29534141527812	
9.750936033341313	7.158107885306343	
8.19211325592769	7.368211402197774	
10.722366175945524	8.641926134660618	
10.817784181860391	7.55043026884954	
9.339409791026037	6.708496970897274	
14.01339911891468	6.6220883970467295	
10.312687818637244	6.213749628373461	
11.672098427905754	11.751106252330462	
8.477380394934285	8.397058943929226	
9.955728842836175	6.532484411491483	
8.890047608189677	6.34038834066772	
7.5200240236978155	4.806726865298694	
9.777508036183765	6.687270080976706	
6.090515109811966	9.63234543363543	
8.618361358184751	5.769093330096576	
9.062594215848634	8.885664267823108	
9.997393831073245	6.1787782055568226	
7.902386182794365	5.74250729735435	
12.413690004441536	5.841369439237638	
11.047399122593383	6.693767348472755	
8.3372453420028	7.90398660437694	
10.040904240912933	8.115979834015645	
7.019272717401305	13.986834911709376	
7.734478097426525	8.602189160759792	
7.675493759240975	6.981329011744535	
12.250072147475496	8.721459103764962	
15.017136942156124	7.0885027978218345	
10.511843524633033	9.039283900345858	
11.469997915620649	8.240567171790016	
8.220535213118792	8.82945026742866	
8.302701769381349	9.43254307990703	
12.481563668869818	11.178817629362662	
11.810738769605782	5.718480848526295	
9.799883013521322	5.315756924132723	
16.597586744373054	10.70434169795421	
6.990004442206387	7.95732378428536	
8.94603877671014	9.028618218353758	
9.599083708653486	6.406616489576734	
5.644590983200712	8.972444929282547	
10.124486892786292	8.335096631248904	
11.21669817838058	7.653409904790065	
10.404198384075725	7.785764859898993	
8.207407268385692	7.200537145566376	
12.466686694974555	7.279055700177239	
12.459743392167434	9.102329651857067	
8.26187797241818	10.29239122126025	
7.699130539260435	8.475224010054133	
13.372848759813815	6.253492700315102	
7.499287430152497	4.509232112495368	
7.691479331689017	4.920776381737013	
7.03417678375266	5.60966551990733	
11.110327132884665	8.075512539906489	
9.367405432247288	7.444221418934683	
11.878667663420586	6.600453767159725	
11.32683524406304	5.874094077315195	
8.03461019897319	8.278934330741594	
9.768070653240754	9.854009572119395	
8.763826848483806	7.478266086719193	
13.199585561932667	7.237908200986132	
9.605517357117247	6.82646086660677	
7.515183126029705	8.869956542351032	
9.39560881014597	9.085347175524452	
14.139956751037067	10.80255655658186	
11.73156001389528	8.256779827486762	
11.102937938405232	11.17622779255851	
10.306621396230437	8.615696694795558	
8.89793290191186	9.34327579871758	
13.04665054785645	9.734449362993596	
13.441815459026463	10.539547004164293	
10.131003566733556	6.5693167294228285	
8.466734290292287	6.689666092212872	
11.0543914217687	5.320196086106457	
9.453446363212773	6.427657238082746	
11.011012778006851	7.49824723435988	
14.011742262165546	9.729123271821257	
7.751064913544647	7.22362231589694	
8.035896249365681	8.07262154251853	
10.992438993469577	5.628569427634672	
9.129894487374466	6.995001022192244	
10.799973258495623	6.861153974085278	
11.160398840256798	6.0726791475878565	
12.830226153755902	10.674443944010743	
16.38791108920404	6.771177336183539	
11.699009336861382	6.714707831576153	
11.373829253207148	9.212588590997928	
8.365998003664128	8.243369874851336	
8.611049407684758	7.923928619122204	
10.89193371870558	9.199802664375925	
10.02252410801893	12.359929428827224	
11.255639142806427	5.909238247404968	
10.365289255893385	7.2017134926490876	
10.831338912133383	8.607582712684055	
9.454976101298193	7.0080073180440134	
9.636145710493205	8.054327895952209	
9.845812964209387	7.954581874703429	
10.363596103860203	10.27932653989809	
10.37069382609284	7.695412802089187	
12.0076803252447	9.499379125163747	
10.320539840741898	8.361996801910564	
7.776919402064791	10.040622592790955	
11.263517020596932	12.577847246842765	
13.139661285553187	9.012073686004719	
11.838184317623897	10.994382900623082	
10.352192375488258	7.8703309204737835	
14.651992986674097	7.876622017170238	
11.103479371214432	6.454136436679959	
12.336461018606633	9.565867646390878	
8.853948583989474	10.496900284028234	
9.415338306045141	9.153900573856369	
10.128130669609714	6.511283837721831	
10.168570520600325	6.9830804593336175	
9.062075127219485	6.898097866652382	
10.405318062098731	9.321473636038858	
9.500083406026306	9.050207520516738	
13.10930462664976	6.4461560349618034	
8.982232238088466	5.713406542948225	
10.63765062695232	9.119494165982564	
15.431582598996147	8.676846431858941	
10.837278680335704	7.9829180338032595	
7.42702856734878	7.773837006900386	
11.320931240345145	8.397035891152894	
11.351674381131534	6.2360504858240695	
9.70516022084762	6.9905026315019	
10.07097339144782	7.816847105166922	
7.465535631981294	6.808457929729793	
11.284294300343577	6.93614247959568	
10.201434285147652	7.992763501282493	
13.957519099240848	5.781838281401673	
10.501783562214694	6.4152147894060585	
8.017491774770239	8.85326721260571	
13.432268058760146	8.595443818237172	
10.983841166007869	6.989811516594378	
9.299843641224419	8.723583315710963	
11.070929105506838	9.15484442277435	
8.972104717495139	10.199404540173559	
15.265538664521078	7.068538139014543	
10.821778167629617	8.438532795729099	
8.686250369641312	8.955308257402923	
9.845602719252463	10.55791823327068	
10.38358031865067	10.137840667181333	
13.39831682315862	9.510261110451749	
10.031396256154377	5.961674505797149	
8.46331486414981	9.18676903369176	
9.437900867701977	5.208417189678759	
12.447562790986252	7.305853106133513	
11.297316043543653	11.382808775391881	
10.41985201631927	5.4786334107964825	
8.936429180433562	8.242619254537987	
10.83204553352024	6.617196734851481	
8.987713640771846	7.73801420399556	
9.571188502628464	10.19755674440419	
10.7787994074542	7.697030904815115	
12.261923180532445	7.493020521802602	
8.653417302481472	11.572813109433127	
9.276938737809493	10.945822260618606	
11.957020977338047	6.232673937064581	
8.493928959270281	8.561253918178387	
10.977806439314055	7.0433692073755045	
7.702067640760801	5.310420089475866	
9.455361032256691	5.97019167763896	
11.299471671412576	6.921197417450843	
8.687929695641335	8.620347481633956	
15.514588415415746	8.005344690210112	
9.02775172586108	8.327914463426096	
9.051470289118997	10.61942122060365	
11.500220480907762	11.713707076927808	
6.739073624229695	6.399727117935051	
11.532075516303104	9.741507121810756	
8.930196256360723	9.165929190909228	
10.485289601180222	6.951758150571362	
11.489273399829356	5.8164513557674375	
14.168879734094046	5.853064430350181	
8.95903917315193	9.277400051077425	
9.461462583495605	6.852217454254662	
11.026408631655428	9.688517379268626	
8.299139231917255	7.288217019464416	
8.291984520595644	9.32977271537731	
9.357428847557927	10.03934527174784	
10.291842389930022	10.243781121909302	
10.216164217997685	8.03978099472591	
11.99936572408228	12.521341171058651	
9.111818074210538	8.529561534510789	
9.669399468431035	11.359716937881819	
12.339682672711746	8.200369394512368	
9.871667667669474	7.125942730441661	
7.396040073069141	8.237184228265436	
8.174569063821252	6.556491234853829	
10.850309508580876	7.975171621775144	
8.109602830118549	7.5920333248761676	
7.686172870425385	6.442929745822465	
6.911697796233745	13.640044899656223	
10.42822153348146	7.207634666503556	
10.85849343289972	10.791252983955502	
8.431509972880772	9.62772754543899	
10.451338181252414	5.068071964625449	
9.137086991156641	10.211830219205005	
10.45909200132285	7.55329598460051	
9.454441509332256	7.258052019740625	
13.861340301085292	8.72689416372673	
8.651164701543378	9.168597249108522	
11.72081812014504	7.285362282378808	
6.893698768568892	5.640104765517637	
10.691420774053517	8.310933166565583	
7.9789879600445985	13.474081061321906	
10.834379907151177	7.145276737443128	
10.3853290342617	9.589333494707038	
9.182308936818535	6.854538710226152	
12.504353498838794	9.619778036555278	
10.641242528414777	7.220460197393526	
8.70808083261181	8.256185723539945	
11.74394049645792	7.716900653992437	
12.349330287544396	14.263873060200298	
12.517576521362498	7.701110227171192	
10.753640477436022	8.039735581658666	
10.999072335062886	7.222994358146092	
10.917889392003275	5.616707590746443	
8.06204328507761	8.167579429491877	
7.334814964082137	6.982425384157026	
13.552607314514985	10.533278298228336	
9.784417722577613	7.008521929746785	
7.08314192309699	8.400920134206617	
10.679804865681124	6.46364648224216	
10.141878288715265	7.88805551195117	
8.993259844602296	7.188700041162516	
6.7510625883338955	9.515274331283557	
9.08957991847666	5.158420204243887	
9.295713878470469	8.207121089823115	
14.628884667355118	7.730175127361124	
10.247085644092502	10.849810899829773	
11.290475223934138	8.529125726464104	
9.50988602681716	5.0403690949648325	
9.686195341568418	7.631119321875885	
13.994815305964805	6.371318728398208	
9.860358066205794	6.699789753175756	
7.510028445434445	6.193344445608709	
12.874095142961927	8.008812371493061	
9.008743497976019	8.182129196572808	
13.483041969283017	7.056045600582328	
11.396901893746733	10.227875482172317	
14.38937909857285	9.39586779540144	
8.27060592643084	7.5106495144357375	
12.236700487555222	9.295024413954833	
9.86347164962975	7.16829607693135	
8.878276393792865	6.484981911298248	
10.047152683518114	7.508223307379283	
9.148531625708648	8.416620800957574	
10.488332098114391	8.502944017893135	
9.95502692424625	6.683659490431696	
5.152736922646294	7.3840298627740655	
10.566973920654998	6.1976414066045855	
14.14071477734967	8.11671940932247	
10.743164423368492	9.42881220064505	
11.85170866217375	9.408976687607332	
9.840947257604244	8.245307459827309	
9.953645853166385	8.539716012259296	
13.417577933016377	12.500715328470177	
9.218370730436696	7.882452232468301	
11.868472590232999	7.65509408463142	
18.08517760803468	7.560762880722631	
11.259918623706518	8.563249248448118	
8.958316626487125	8.868126053100086	
9.408790103967076	4.628203647731548	
9.021159922264532	8.190821461856116	
11.257301172664897	10.03824317566985	
11.390127809793468	6.946062668538885	
10.5922793338229	8.707450236210269	
10.069275700961049	6.901502729036602	
17.005429692370097	6.961773157492482	
12.684700244194529	10.615329220802092	
7.48815176291558	8.121140818627552	
8.907922416233784	5.976745527768623	
7.957399120017986	10.4048513845427	
10.39486720197823	7.957407526333524	
9.108166407632956	5.56255403696788	
9.801150917723904	6.649552986518082	
11.8394434571701	10.386412696707971	
12.322468427848527	7.3533113794727365	
12.589312821213936	10.228667337556436	
15.526637818869746	12.188726101902471	
8.935569766253945	5.10570020564456	
9.882564788133768	7.977727619483149	
9.62859694911092	7.499576026363317	
10.243666848162283	7.511863389065212	
12.45505283265581	8.490823957108256	
10.946746290954984	6.539904112796944	
9.814466277536098	6.845274926936937	
8.429131510630308	7.203511058345054	
7.192755991165304	7.088563874548362	
13.394105016737317	9.062689022637562	
10.639496149352643	7.39120658849911	
12.392881605761042	13.309106238041545	
8.823164711398157	8.007197391066057	
10.01112509562649	8.134588253634748	
13.342340209634585	6.676036788209284	
10.046271407380377	5.505084017937002	
16.364542029479253	7.439841501344749	
11.77986965943258	7.289242358458084	
13.038098834805957	9.631191431287	
13.235935968766928	6.633020027967001	
10.34624764444865	7.0358130599097874	
11.632303995388925	7.111354245140292	
9.32646139878584	7.552822637034842	
9.819965107711694	9.021428349379514	
14.564979639924012	7.631851038322229	
11.102502272423733	8.529944837790733	
12.732605108413383	7.730219569703517	
12.046993785950455	8.726218944204764	
9.576824835442736	7.674268683733077	
9.880449846464488	7.845134248737607	
15.196518914877213	18.59866693281243	
17.172633590477908	5.284513501934269	
10.341156865667896	7.487481478154039	
9.975710935099658	8.343569483551857	
11.874171971735528	6.724273105825232	
9.25137543525701	10.473934774830353	
12.353398143826235	6.872769687895267	
9.719028704851842	8.741681539346082	
8.002466869316551	8.417308762858472	
10.638360606226266	6.0491761753802376	
10.939303586588258	18.39248597166608	
13.720427078351427	9.99947341026356	
9.869404952509102	7.521925460662488	
10.832925512705199	8.775767726365785	
10.382723850417126	9.873476913894322	
10.963393516433626	9.237539734036776	
15.522220023902102	6.414017461445979	
17.687294891783115	7.096962356616444	
9.131047976539978	6.746448646937302	
14.037737395444978	8.314517158454912	
8.982714460553812	6.502400266694497	
9.44047188881719	11.94522463520789	
12.518913570301267	7.2539456438558885	
8.828021928063215	11.06463612940084	
9.691026874923185	6.613688959921819	
9.52361196007773	7.0941446592093005	
7.0064377274561815	8.32357511592662	
7.211514760438309	11.267828107448336	
8.180607298757009	7.742879650608906	
10.031483407484941	6.894749273004314	
9.635804571635049	7.742442725224672	
13.143216293261833	7.44487178246291	
11.858683097111655	10.851292985861237	
8.539218131568383	9.269369802636675	
14.490578825675428	9.278404199738288	
12.919870862419991	7.598239956201561	
13.533277965230637	10.139419916216239	
13.722619113160306	8.662230022441948	
11.501977405555747	6.930189453396705	
11.937721250313047	9.23300930656066	
8.849489192024375	6.156861601594663	
7.700064248939803	9.023975114340073	
9.659144786308039	6.811529124192466	
9.37660479664467	6.603257784383694	
10.875391675330818	13.26854353622861	
8.128319616853078	8.351584137297428	
7.034129614819101	7.606483588339027	
9.14861541849163	9.221465305801583	
11.438357766014901	6.7161587861801895	
10.63841137758609	8.608949034503954	
8.77345336888605	8.67340511174447	
8.498887743370746	11.150505879489229	
10.106396043831404	6.349440628129132	
10.266044109797505	6.862167853200105	
10.009984542044354	8.909287757326831	
15.437833901877575	11.450234494407752	
11.300531918933526	7.812513042215612	
9.75289473371054	7.426725350853882	
10.42580788524845	7.435669061083668	
10.885582973580952	8.854017942074742	
13.65772573438099	7.19635611321256	
9.955804583987705	7.344405753811391	
9.986352263308333	6.611386261965658	
7.550381842057467	7.129650576982153	
9.180987812782853	6.126120967655532	
8.688932421012701	10.319085507224528	
7.894301982729128	8.430603839648162	
9.752462657861912	7.470631520227557	
10.397168966405077	8.341186457683138	
8.76237991002503	8.97033687019471	
11.260264019751975	9.937371080346633	
11.092354865692505	6.638689728598512	
9.101719786079704	11.204373705802421	
10.068063074696639	8.022807658754273	
10.20781944302616	6.4258150465665125	
6.5881911024951405	6.868739887482887	
10.15286381775621	7.746900163340712	
8.738708023249195	8.756597859822762	
10.81989516515882	8.689770074457735	
13.218688443846986	9.388362116030098	
7.7679807301438215	7.344351620067702	
13.901428209125655	9.651056254686592	
9.108240661553458	6.437412156745843	
9.53302549264035	8.314849874546589	
8.267129988807879	8.309287620368082	
7.953471140475919	4.986171068819773	
6.0900961797753705	5.495297557694735	
10.856266328558595	8.276171772270398	
8.854209959472515	6.250763700979143	
9.827544848599521	7.468782066657441	
9.558270331519568	7.285107838472539	
11.775609008998908	9.020923945861206	
11.585926761850821	6.982908737895008	
7.898406294131369	7.761597523796309	
9.188678069947182	6.204191601517958	
15.090059131653396	6.3949002965384425	
9.483339419019778	6.543317086921435	
7.272091627609128	8.638228998381598	
15.26085345835896	9.422304222420879	
15.285903396162716	11.866395665316773	
13.752163418516691	8.011664979861182	
12.15361427744278	9.830450893697751	
12.057813312105514	5.597718875387396	
8.725424601635329	6.3593445074004835	
7.497900274471632	12.030636308853666	
9.884518946134794	11.72428892368323	
9.641350057550211	7.793281890726426	
10.809461634958833	7.732150155830998	
12.314132209677172	7.257885920075639	
7.803056164218363	6.2720216872853385	
9.47277959498552	9.768685438642091	
11.042446205848222	7.104675554804908	
8.418198650612332	8.158975162226243	
14.165790006254406	10.376893614493179	
10.739770283278741	11.339068027073269	
10.776130267142173	5.532757020476151	
12.434205047328668	9.682668420256721	
8.594173547121837	6.463721149583298	
8.990922142867403	7.999944377878552	
10.648508272342731	10.48292869025174	
10.644994866500133	6.195709832560947	
7.95626290252173	7.009050573179143	
7.44386350867969	11.163138300273008	
9.230122492817323	8.686138792780865	
12.100527728593038	9.564723119780975	
10.864053193662876	11.251038515116463	
12.535231012776093	8.355585196612866	
11.850856302571374	11.760910132169625	
9.110558425463951	6.375768477331484	
9.846229927621176	9.543667356520627	
10.185928580231192	7.806904320727898	
15.685470189130832	5.622515391155476	
10.045742603985266	10.039370196065684	
15.040620646775746	6.956891973830928	
8.211013323825721	8.254050873319557	
12.517317372039736	7.286045564168307	
12.17821544470925	6.786485360984721	
17.914901231736934	10.339436731685643	
9.968387084263592	5.385614367776192	
10.185877561005544	5.892316423733731	
