2872.804550839777	1726.1661428052178	
2857.3481129060974	4349.356611857911	
3187.088237178915	5631.857946992158	
3481.007878765312	2837.389705214087	
2982.5276251095906	2773.595074562294	
3937.12825201305	3963.630597354406	
5427.197871912512	5556.708436426391	
4416.036565978383	3586.503386828799	
4873.042086346499	3642.8205479416074	
4976.918852418429	2058.131466133122	
4956.542991916566	3304.214300324806	
7575.753322500019	6933.316545240176	
5561.362973676884	2383.1283750038497	
3822.3480888462773	3925.7334042641546	
4858.025099149634	1147.9804951614683	
4981.072863814513	1213.549193603401	
3937.1125281649333	2608.0784111927046	
3705.880861075669	1553.9684489581034	
4962.260846785907	1289.9858526672033	
4729.1164316225995	780.8244847201164	
3102.056925971613	2732.093650915294	
3850.4439984703795	1154.3879253546074	
2838.6759236639623	1871.9615415848793	
4306.757976493395	1831.791274816155	
5305.194641985651	3931.1172335941524	
4737.917130088497	1829.5278525000822	
4222.864498638231	5771.678081468364	
4203.619947042911	1346.3842314185504	
3328.7766198394975	2223.393880946731	
3339.3050985427176	5058.634619426005	
3510.206146462663	4367.420583365798	
2450.4143538117123	4942.730738928593	
2396.791694224408	3254.2302874539673	
2192.415280355687	1375.6889910483017	
3128.8976234411866	3047.0600268049675	
3438.5468202126513	6839.699920282362	
5421.520599737112	5879.631556093834	
6044.533232416621	4828.672387751272	
4875.569710234929	1057.8778703986986	
3638.8910505372473	8302.150322977834	
3880.5101129047753	1713.4027202587988	
6625.791296297066	2684.82915106502	
5642.417107433471	10490.144551903973	
4875.2410316537	3931.2347509274614	
5240.204589926683	334.7521231804619	
3528.92932758577	4659.233858469143	
5697.207600686625	3226.5576071951796	
29065.372652891	917.9375038825095	
6734.119875452916	1741.838933408782	
3647.5931934287487	5575.237295525619	
4425.288911521208	6510.014880636641	
7639.7292410889195	2884.1258641234876	
2648.281397784105	3501.5878614283474	
3834.7015813884573	363.69792498612634	
4280.496571325931	8029.9092591279295	
4415.676919124696	1441.83569469309	
3334.9968697132654	2212.095616344506	
3609.6233058263465	2774.765935149292	
4358.951146499809	7865.03618600896	
5621.662826736185	370.5896789667929	
3558.7712183417493	3017.5364565614423	
4970.882445042889	1060.2457761975568	
5801.481446024821	4759.237697120053	
4729.206390186801	488.8629367310177	
4956.881958261165	1300.748686367364	
6485.035752770736	1022.7663923159558	
4359.157911244442	6087.654295950755	
4512.223022728079	2961.0546083851473	
4023.2144543632717	1139.8903057810048	
4074.17086586286	2067.9057237899087	
5363.467557578607	1092.7986957145263	
6776.867560766168	2588.4703445420864	
4610.142445819866	435.9128223776379	
3572.4718436656553	1060.5473932265638	
4959.638878592018	940.8884845635162	
4200.23369676969	4613.170465164427	
4425.866870650879	5224.938880170188	
5864.876479995162	7006.617945048971	
3539.580865894838	999.4258683456	
3367.3342137469403	3751.1184709208305	
2456.2259609267603	2767.703378562457	
6012.991450929641	5454.810230504929	
5603.629213262106	795.4623633010823	
4142.0514086622725	7360.1919546059635	
5550.23499907677	1599.267201985655	
3028.165626144156	4786.599377683013	
2970.301149475735	4995.592057829643	
2853.328477524152	7501.554444844754	
3499.2406832015295	2863.0732316329304	
2702.163269445332	2327.534124515566	
2366.3328839962596	3593.9942567615703	
3139.8279710032234	1504.5136325349927	
4886.666473013078	1987.1295582796997	
3928.7075701932017	2045.5703933700486	
4851.04056256513	3121.001782735547	
3789.7568694830975	2849.583659847661	
8404.260747619799	2840.039085383012	
5580.454806217617	1494.532138278615	
3044.1235871149	4411.924148859722	
5214.35324358805	5207.576977689327	
7141.818525192214	901.940000552278	
5158.051162506317	2892.8260288935694	
3142.885414156306	1302.5754815926691	
4560.372021418017	1383.4037791184392	
4213.38855599371	10374.567153793663	
4285.236248141362	1218.8705292219156	
4169.02426574324	14974.472904872544	
5941.1639399388005	4287.629960223175	
4439.464480518224	7807.109606468683	
3301.119438646863	4891.667268321469	
3867.1277095512	1427.596695443575	
2394.3448058742406	2598.9992947303463	
4518.770229322702	5428.878230035755	
2175.351409316065	2501.3264766691154	
2951.4802357895956	3776.1175276652525	
3088.4227417881225	4050.1626358003045	
4992.929843330705	594.4125688251819	
4580.84321529708	1496.5073215146708	
2383.2190319386796	4457.24799594651	
4939.3279587348125	7235.303822502169	
2800.4053179254256	4170.518356739058	
3822.460691147335	97819.30794070821	
3693.6980346832665	968.2786304156774	
3572.5438991864708	3097.041866382391	
5229.874647674623	5002.607332589758	
4793.5765966910285	1706.3326736323486	
5302.220621809969	1255.9294283767504	
5390.014965818632	80940.04417408412	
3447.8864037707963	2522.8505210767685	
2970.106616965524	3765.136879569616	
3961.0756354094337	2909.7247547963457	
3647.955724144393	5974.576345447681	
4367.926452522189	1050.401093103769	
2591.3459333453543	1730.297836175206	
2232.1244068661895	2629.9897944567333	
3472.480936128211	2994.725465783913	
4239.440853519941	2037.0727551360437	
3726.705366554351	3318.7847080162796	
4454.414481909105	950.8799674660742	
4285.095103399524	493.10671114469426	
2904.539940849436	2696.7893321475394	
6078.952357888715	1074.9839029977836	
3639.9339078335593	4722.482153500322	
5077.814231629925	5106.226862090236	
5067.665245269479	9324.748427066841	
6756.138105789331	1316.3042104897283	
6455.030280273474	215.67472087672326	
4640.864743918498	1523.493871296339	
6836.64180560692	29329.997525069906	
3725.119354589135	2260.0715566013214	
7213.723097225407	2357.8196550008183	
3737.877187115157	2694.9668524019635	
3800.9751291104	1857.2385863747743	
5856.866163233499	609.3905655481624	
4287.7556510275235	7832.014793869337	
5753.453817800074	8025.071281464173	
3176.984444039374	2981.2895987089123	
2969.905921627633	2189.275559523814	
5641.9834939072125	659.8563842261384	
3242.521856956818	2435.533102378883	
3042.0027445016262	4293.896074458176	
4773.146317235312	689.1032247631996	
4009.1646916265686	1411.7642728099731	
1763.8654343919166	3444.1923852097934	
4553.355459311345	6258.098000377149	
3029.152684070513	2601.2074468147744	
4969.313830786928	3380.645871832168	
7632.335274292637	NaN	
5340.514069504706	1413.1289699840731	
5396.436665115645	829.7752246382499	
3318.6587011286088	3838.960962291872	
2891.230056281478	2312.176420106185	
8328.235262274273	4258.870064052277	
6018.896155823416	2837.514937610095	
5711.1035842719775	7234.856482222581	
4316.076266405023	5211.400858051302	
4027.38676367313	669.172669031715	
3535.545500673333	4804.333351501307	
3865.4723980108665	3878.350745090602	
3382.0702670910828	510.36364394055954	
9700.5425831316	39091.73879713939	
4101.984216685367	2584.5671877866407	
5028.562491541141	4505.215693608025	
2294.966644278063	3066.8366240832574	
3116.2461359364684	2651.0676741883976	
4455.445377063975	792.3720343662256	
5047.782062288714	917.343229888011	
7542.963556387292	NaN	
5030.069095688548	1348.9008061413897	
4534.429639306584	8139.328415570267	
3845.6077030536767	6016.960670665402	
3576.071559533369	3980.999878473963	
4945.702664794486	3204.7110114524057	
4129.231465128059	2941.3482234151406	
3507.463585288355	1059.3996635004812	
3648.0285841668942	2023.9724219527134	
7649.786000310642	2040.9902609076698	
4346.040721910508	1681.6937971213263	
4282.711695812065	2443.4086646706382	
3395.936078506944	2360.629071643786	
3091.501744072446	2884.088566016898	
8149.87316121926	5284.360395748955	
3611.1446516309334	1078.5430057175308	
6047.227944498079	51.6707617809236	
2570.942418178658	3597.800098274391	
3182.099096175639	2564.7877434466704	
4126.872937566953	3998.4563704765715	
3101.678365550164	6378.744250119378	
3285.4515485884954	5288.1572088801795	
3049.835242533797	6282.435863973316	
3250.031254500513	5371.916203771631	
4368.515240237003	7215.441303412789	
3533.694752211702	960.9127221360469	
4903.05832573778	5670.359152557256	
4317.302299272355	3302.987572364857	
2714.3087954418975	2178.176113280807	
2726.8355185026667	3195.776225127888	
4474.6290497034515	7705.343317633754	
4582.3902476771	1098.5580958608086	
3123.59600520857	2878.974826498399	
3381.308192386194	7434.236232549378	
6702.497820174605	3997.290893044634	
1868.7132714310824	1850.8072978885207	
2313.193076356056	2346.1864812066387	
2673.728337936075	2269.2709633259924	
3324.4911269446097	3981.7621416010807	
4316.000936068146	1591.6251885529323	
2675.980644686149	2832.533113456406	
5630.540116080857	1842.7419103781795	
4742.705316994229	11994.400670759182	
4937.589191419053	3049.278496180129	
4589.985586971892	3971.145064713289	
3945.1182704529638	2292.376182123474	
2941.6421073128936	3243.1085881603085	
4456.965516381479	4677.903874924589	
4355.148087101514	3462.9302899327813	
3834.6102325148754	2432.8571321597587	
4523.073003221572	2214.4613119769006	
5978.978349356512	4935.495060743926	
3845.3188937858954	3125.5738801347616	
5171.405762598769	4668.807727581648	
5117.527388635406	8209.362751298231	
3881.1381712283414	2639.2590270204896	
3606.5191232091806	5145.005068689508	
4808.5357011319	1511.1089130852183	
5170.173186743731	61.76296617027099	
4378.286470774651	1810.114669256568	
4827.17181269532	740.3446223904182	
4653.439738775108	1943.3787280779297	
4059.6420417553845	2370.890242850283	
2390.447341056391	3411.2929366605113	
4284.617888136296	2747.945343321481	
3362.757981072368	3203.597456129129	
3194.7866483939947	3679.765373407246	
4977.533301186864	9243.773535304903	
3672.862149489851	2422.3830600695073	
2391.573822749935	1551.3347781717914	
4929.103772263613	2865.3906945985127	
4302.476739285169	2571.307005932073	
4309.7135503863165	8034.114867496091	
4863.575151611045	2174.99688165037	
3309.230923505067	4472.692152488624	
4732.106401956668	1682.9379317003318	
6562.576290654821	111.61213442145434	
5002.551857210576	8092.402466305132	
3674.4688202297393	1678.4879155794881	
3473.198243073611	4980.361341418648	
3438.3261102449633	1562.4138764211275	
4464.186627469507	1649.756038344353	
4702.859179386666	3153.2738981705807	
3490.1706205022283	2214.5923931227762	
6697.815325379296	28251.47146608629	
3786.8141630285504	5519.453589663214	
5492.887729520162	7583.40933948581	
3614.563102666877	2659.9563276617173	
4562.0899203004055	2359.361310263661	
4912.127210320177	1095.90004971988	
2506.1190672505068	2174.1778086947324	
3818.494685278511	2023.4658322170715	
3384.4134769485677	2810.595302480096	
2552.337995732115	3213.999165147412	
2329.571938910907	2500.973343027311	
6568.138840219856	669.0474307100401	
3038.463525753099	4176.068830444673	
3382.6277226178063	2628.9258957508896	
5237.038981105799	806.4042145374239	
3107.8939249214163	1502.5415441890252	
3938.863237657142	3799.1213464719854	
3372.488956283619	2049.9271661458934	
2726.8965250787105	3299.7471680637495	
3906.733519869984	9902.112421278203	
5966.377524681765	3600.5432456199087	
3145.9436448475167	5059.5708814005175	
5150.854053721833	5449.071716209673	
3573.5185531420734	6034.7867226590015	
5061.325646536346	4527.940640231593	
4462.169300696384	10319.149223866156	
5530.1429532187485	4892.250171068214	
4130.320207777188	1534.3011735689997	
4704.246278216462	5208.55505445955	
3974.085708096671	12231.398775823092	
3374.335713606765	6901.797833698318	
3573.6244288674006	4573.578408276408	
3787.23663813408	5232.278667215946	
5387.014174700435	3997.5975749713725	
4301.090320110047	6221.360304628131	
4730.5165265304795	1130.7826800808025	
6259.926162926635	2118.0008074026446	
2877.058167530095	4126.728546777825	
3873.3255509375294	1896.3948497852136	
3996.8546699132	7459.655746314653	
2504.1377697749335	996.3826679577984	
2992.776132320782	3849.5188078532874	
4426.0771658430485	2863.635334196601	
3649.575532731567	2162.74892166325	
4508.446761024932	1830.6327088943988	
3446.3928419895383	4299.47530072651	
3100.566706855993	1105.4245670807525	
4397.3876450178095	2860.754557745031	
4309.396523554206	1786.6287828162967	
2169.649122490999	3305.876772084778	
1868.6238784169846	1973.7455222775523	
3303.037282854044	2195.545096697454	
3037.3346579157806	4070.031719447041	
2923.517443035508	2465.479389365763	
4537.379616620436	2671.16360648888	
2357.50945842673	2870.983974967837	
3119.800394880444	3071.2158253388666	
2811.3526442311063	4990.28973185077	
4229.276383793107	4443.51187596197	
3935.136351972569	3307.013504486551	
3416.679715145037	2701.5399633606926	
4481.892021832549	3459.1096945382737	
3127.3557958978117	2541.202057755275	
2931.325120425361	2169.5673012286447	
4305.014055452302	979.0771489380464	
2562.140968394966	3751.767825266033	
3592.113806088676	2066.1955034172474	
3978.7203883210577	4591.712470755071	
4922.9668595030125	2138.900269495287	
4012.0501602931936	1157.6850302475536	
3778.4113035853497	1886.4338188380354	
3305.2919560805876	3312.0905327592336	
3744.2698257989778	2062.125650506644	
5387.456684696643	11310.558821591754	
3014.618944414575	4528.78367735014	
5545.39637832157	1716.2395487709296	
5060.036847375426	1171.2175012822836	
5182.401031174119	1666.3723399975188	
3721.085982141837	6114.734724019622	
6887.692686654999	1671.706915883045	
8749.347946093103	4061.860682189344	
2676.9796613626495	1398.8819476782744	
5845.618218628446	1981.5226987320286	
3782.1203247405197	5708.858371740278	
3134.6429400770344	3220.9825015647893	
4743.087643160174	459.3566402902398	
4498.600628604153	3082.721418574463	
3213.4481947770405	8482.69169611226	
4359.051953225631	1458.0317431622743	
5385.013652858577	496.5763742450962	
4887.066337921742	2812.7518197068566	
5311.958218435297	704.0586183423187	
4007.458354292876	1136.0358411261557	
3868.8127231786993	11481.433474482206	
4419.058330361861	3447.254720287958	
5066.714321462089	4556.08645033118	
6226.026800864831	33.139003481428475	
5838.719687703678	6960.5592454543175	
3664.9493354115793	3743.838126105143	
5351.749909632471	1594.6478886360212	
4499.9246859609775	2860.030520492439	
3788.1413002303007	669.8087750366543	
4411.0040072881575	1376.876318663013	
2278.0017466011586	2430.4833520751695	
2790.622765478703	5120.113750255305	
4260.780932628312	5299.860056402014	
3241.5986487856353	3658.2188047780724	
4602.523040512655	2621.6714404461336	
2682.630583922419	3885.0916638044137	
1936.7549428041889	1523.6542331107814	
2179.91241990747	13148.812720485152	
4809.520796821646	3020.669324448714	
4364.010619132286	2555.736292346958	
2827.3201762914464	2680.4125355941796	
4885.281094409498	4113.231688807687	
4244.339254366761	8164.9404642793925	
2781.3576911114183	1926.1090116230441	
3802.1577291019757	2989.9280595233677	
4909.424729991674	2179.8215936831725	
4694.638109965664	3420.536988903489	
2987.1343057789522	2291.54651731339	
2444.501786074721	2470.7797898221934	
3850.906037485394	3321.8923470847676	
5310.819261080434	11503.517028477154	
4403.507646727658	1404.591094716773	
2640.3081559554867	3824.1523785099216	
4172.272383366306	3156.677076046078	
4505.838487343998	362.2239211233877	
3784.505264506406	11840.952942699825	
6506.357272495539	2545.747726315215	
3519.953082442435	3111.382484561002	
9488.293871358233	2015.834595827998	
3337.237071383094	1025.8743961080413	
4568.641179769046	2442.7172083353717	
3649.4221672367066	1727.908522870991	
4660.525680170687	4509.400699180756	
3997.3456246387173	1392.6839829286444	
2760.998615199282	3807.852038986877	
3465.004183695571	3903.3749694193366	
3723.469210267342	847.1134319929854	
3254.256951587089	4197.075344490484	
4100.524481205392	3024.42221493592	
3954.888772826277	3628.8299241956365	
4928.061031863325	880.7497038611783	
5465.627684773683	2218.8102412735734	
5159.8725978757375	1805.5453950881747	
3072.6581858572813	4831.578495852713	
4181.308012379496	1965.049789223663	
4139.088952692174	1247.674825505352	
4165.419099186976	1719.6011015415133	
3776.6782320412067	5107.48216980628	
4047.460406301529	3355.7089584775003	
4508.0871384142365	2992.3426684385686	
3247.2305216880986	2252.4483555757215	
2605.058221659701	3309.8774045871864	
1986.0257068135513	1984.3964799044732	
3912.4419106988944	4680.364698916918	
2295.77832201994	2728.8752743664063	
2264.298545606449	2201.985137768971	
2317.3412365120553	3475.5612747520386	
2360.301352822603	2784.8374919914595	
2638.3898351710327	2063.3260772432495	
2111.5996411761776	3820.416092181833	
5827.5806935793025	7177.660308422836	
4433.343221896101	8049.003387127897	
1918.0981447904364	2405.788173828753	
2404.0247455247745	6368.207059138616	
3513.306336778609	3109.1953483894213	
3242.5829732045436	11316.37813723436	
4000.7398243721304	4504.956739390035	
5009.886523326406	1871.7411751759755	
3565.9977867785524	2865.0560607507637	
5247.63467124591	2941.314341403527	
3807.4200787889654	5068.893478791442	
3154.8239993488996	10404.70948382613	
4566.292441178432	3699.527516379244	
6139.680320802739	2903.7507522913393	
3903.110599727918	5846.19052646485	
2986.2898640204544	3437.000090053546	
2100.0366078272577	1982.9429015235253	
4242.625383824365	695.9855787885581	
5160.013473023801	3344.449590671313	
3355.062809121379	4071.54892183765	
4301.759384527368	2858.9807669696147	
2832.8863611915076	4965.087893436796	
2970.098881204757	5562.722784570303	
7296.332978586447	6488.647613347287	
5968.3528405532215	2987.154781662623	
3897.1794603036833	1192.8003030752598	
4575.998575275016	7801.574603139351	
3341.3747780054387	5388.783247482546	
3855.781190228923	3552.5720914551393	
3731.3003324154834	8547.203594876222	
2826.5316841696167	4168.850021724356	
5939.4285457780725	2893.6742448682116	
4122.910257086878	3250.0308836020263	
4517.082222526366	1360.2217544532484	
3073.5261143674466	3465.004279499242	
2750.953403724634	3299.452487920917	
5489.379765553939	3501.444476581868	
4246.61195434749	4600.289593620603	
3185.011973901358	6525.033709973076	
4361.290324671189	6012.176533433091	
3769.6838214454083	6655.423810282893	
3462.8512653396783	5044.8889213962675	
10474.840096529233	759.7255432159587	
3641.2072808599746	4738.20209913155	
2989.2091904586337	2544.7949315613005	
2841.9780550615515	1559.872015776173	
5267.680638230188	3542.8650071355655	
12998.162540858351	2521.766919967976	
2880.5290879538725	2496.730059695368	
4333.0333030062775	6447.554679668055	
6661.221379095119	8194.15889495159	
3875.8708611591665	3912.5436649374783	
3460.3626245765495	2436.746499519567	
3728.8536319960635	980.9203413690411	
4368.341761682862	2086.3957098355445	
2318.2605723581937	2153.361173535482	
2607.100938144303	2125.384101293741	
3152.8597052594687	4015.9079702781023	
4070.7398540965155	5643.4446327010055	
3884.029435918558	934.5706683640291	
2907.5871055839257	6152.7710158382315	
2795.1258443484753	2958.795666255477	
4483.509945462284	748.7009202491009	
3329.38967424582	1830.9793896262602	
3543.9166544383193	3811.557136967883	
1665.7881977457275	1969.6737707101327	
2122.326026405623	3090.2015694734496	
2734.24363003598	3004.045567547065	
4450.170696824269	8836.09331902675	
3851.626147666567	4318.707506092815	
7361.293615605899	3322.561300633916	
2000.3193911552273	2578.2275152067004	
3207.030447963685	2866.6960102986664	
4423.166445548178	3433.868633513752	
4822.472339906687	6549.8579812360485	
4178.058532011565	2233.9134185142066	
5256.843724874784	2992.584643148029	
4833.859563718196	2644.0753953864796	
4140.804043273745	3621.9697856699645	
4240.015375691258	8435.026229148112	
6362.429742627994	264.29570693426354	
3707.8659044587434	1703.9868393332545	
4202.478741495891	3298.9320757020023	
3070.8973997162984	3823.7696531554284	
4472.683021810714	2040.4133832024665	
4893.062787273305	1345.9974035935657	
2752.9206974900076	2261.6618751463297	
6075.613374570964	2324.510436252399	
5892.93163835712	6243.546226656806	
3735.989125552326	3499.6225718088986	
4329.93320740903	2238.95849578856	
3191.9223285736603	4211.0375542983	
5509.96141348971	373.5077727763941	
4121.092166162426	2400.1335971633753	
3700.4145010192333	6736.538649208485	
3258.698484306814	3023.258584296683	
3472.6795801398766	1145.9410479596459	
4461.237487502414	12823.1890151191	
3231.467936583485	3540.379583836497	
3358.2330480606865	5894.670784695522	
3936.2383228929025	2165.699099152819	
5217.033932072929	1830.7958343726602	
3315.8661636556985	2958.616623910207	
3322.2840033635134	1815.8971395136143	
4692.347379353769	1342.8185962358618	
3378.2558120834938	8320.020576658764	
3746.6618756432867	634.7591111999776	
3457.9062333657616	6867.6357456675205	
7477.109870690096	2051.2608011231355	
4572.804128744044	584.4150490944156	
5371.373638514847	1109.1014918430765	
3843.0083539993316	3588.2157780943053	
4003.950730653057	5011.320656025902	
2790.1202538283046	4666.985792812494	
2530.7959730564735	4219.663316545112	
3318.7450153979476	2503.9607841618686	
4862.306454772629	1123.645799112912	
2418.6229800830124	3000.297771269673	
3926.663760708542	3755.9919376462085	
5374.922497667676	7168.348009487056	
3263.864377841729	2172.515077391828	
4702.122547411571	6711.107181768067	
4141.282361607686	1924.1767995820526	
3971.313686906367	5073.7568878112215	
6341.132174123765	1265.2355507436484	
5295.794475787582	183.64585209037313	
3482.2066119119795	8312.418405287433	
3278.790253014455	5030.237215075176	
4306.814931481032	1563.342600282369	
5724.622170993153	889.9496570072727	
3070.9613336665416	2675.9175746213655	
3641.5791418041745	8663.028647861085	
5710.206512722783	1222.025042766096	
4216.513622571026	2436.5817281423692	
5150.47315068092	93.0304676238636	
3928.533525761691	2704.480754486632	
3766.2925107381443	5489.658109914904	
2415.073423595716	3219.5876774525705	
4529.940970661599	2039.356416891966	
5049.147204928318	4750.536833427325	
2423.98241187665	3114.136025838405	
3947.9995030077107	6214.385495356837	
5131.136936462712	17497.608291819535	
3838.9650540090433	1345.2070883448687	
1966.2752925993595	3231.6966456152313	
3340.6027866637314	2728.182217987575	
4770.167538170759	1124.3499187847324	
3223.5883336754164	2206.2032889742527	
3005.231207980716	3501.061046884778	
3399.7442627612904	3591.447311618869	
3565.667186923045	1257.29407024905	
4835.764362663346	13111.180160686878	
4389.021427840982	2740.787290112574	
3783.3321149538874	3527.4523846312372	
2926.3638186505723	3611.541316084782	
1828.5348820806055	2423.0871792976627	
5624.557415356679	4872.193913384779	
4118.264523734621	5199.040288781054	
3229.8117682054353	3360.217380825814	
4750.9202157644295	1866.3833340229376	
3461.818875558747	1558.499256479933	
3066.7111110093224	2833.721904271008	
2790.1756278638513	5964.1598478665	
2991.327234977233	5416.752824561722	
4244.547653441503	3859.3515554721525	
3400.2155038927353	2588.6356083238416	
2227.2773790513857	2087.50383763843	
3880.615990779006	3226.6859451925534	
2821.12587498321	2910.0812826999613	
3803.684031697753	3573.353913396823	
6623.756301745518	708.3691691875352	
5206.342848295177	893.7558642899113	
4490.917644229325	2765.339231455205	
5370.110195471749	1141.470166795326	
3509.648249408916	1817.406389653773	
4697.706959980141	2082.0332180542096	
5488.715059318591	3310.3854353141596	
2703.396963705312	5338.350696212337	
3201.230687676601	1922.5989086184895	
4085.182720221083	3850.3146706231555	
3492.068447683508	1402.6162559914908	
3167.376823072917	3420.8285588067674	
3860.3055015277278	4388.926973193431	
5208.745225564658	1952.1358135019193	
4620.131183289039	2652.8294368889938	
4560.761650736104	5566.287501033696	
5270.786446893083	1705.1725872661602	
6439.43408136186	47.76282970183857	
3450.9282495214607	6903.96306515651	
3912.7327985206184	2229.0988597374244	
4481.948401278732	2047.379349036394	
3401.9856981595353	6334.10633486335	
4025.1400664542452	8880.396753614494	
3661.068045468879	2926.3809000316596	
4360.189664891113	3871.8999198874326	
4658.263470970831	2597.1609236660265	
3452.7256509130984	1894.6957202021094	
6305.811376556253	656.8466113305002	
3441.976392576795	8235.40191078549	
2829.959926133087	3994.595385726656	
4089.0856265455386	2494.5973113711602	
5789.055428909849	311.81944409996055	
4577.800672798195	612.0940979247389	
5396.996456772882	891.5611604551259	
5587.450796211002	3089.77376935341	
5417.872535007815	5551.827604259699	
2614.1480903482566	3135.0575226540072	
3342.1829182144475	3229.4384923475186	
4291.908556161257	1835.4449847092292	
3287.079423819989	3325.363828776523	
3032.923022089656	4526.650269919677	
3677.8702301348517	7362.703248437117	
7177.494301310805	8651.568059693938	
3466.828772640676	2147.368541526409	
2333.0253659048835	1400.900039588542	
3459.6946217905556	3425.9060897268814	
4478.1243917710035	2528.1366359753606	
8054.912960274752	2049.441201103071	
5593.196155070475	11063.017079014975	
2871.957984956214	2397.2335260853934	
3613.847586858824	3177.5154323910574	
3092.5847189278657	6007.807032282808	
3215.738307187667	2958.6536086852348	
2420.704467709175	3199.7614685526787	
5089.052889528861	2807.7704653882247	
4666.600915065225	1014.2474191321156	
8089.078029804441	309.4036286499945	
3679.4366425728986	6350.957875325713	
3796.9441359472385	2381.6419618443274	
3092.656326496742	3584.4138459042747	
4025.897875660709	8017.778877500794	
3018.717445809515	3432.6748439549265	
2594.84057253851	2114.0659362863953	
4012.100017947235	716.758936308848	
3777.6499024064215	5432.269520224273	
3968.5119140868073	3445.8768300380016	
3908.0463241635284	3840.2580966327855	
2935.5673347686347	2868.1029816636137	
4837.856092148737	1307.3815588738726	
4057.596760888273	1938.437820924371	
4256.958406668289	926.450453819569	
4404.97930207043	3560.050102757286	
5763.851912810613	4813.609681082247	
1761.1436263223698	2542.039731575108	
2786.801310284099	4205.787599422905	
3658.906658133485	2643.771245589121	
4569.759712677258	1213.088556263	
4141.981070240938	8337.676082491116	
4105.48089687598	4128.066762079015	
3838.9123146435304	2347.6496668867194	
3472.8545558329574	3556.383644362346	
3334.6630769421813	1532.5933981835296	
5347.787421711737	2860.055904140509	
2454.0313084743175	4955.290104969497	
4215.772918510888	1139.4396470316262	
5282.221987463498	8335.11562717332	
5239.078020420635	4343.232819149424	
4687.593376148077	6550.151845460693	
4551.4148976500155	1466.1317121491802	
9057.261404392637	438.63909174415073	
5720.242147841456	1350.193995582438	
3970.017703929018	2634.926501871066	
5572.945451876401	4350.368246970169	
3065.1280443093424	1361.2765788704944	
3590.643280965231	2048.9554554772308	
3611.4090949268534	7743.081967736292	
4831.19010447698	321.4089755774679	
4330.996818174197	7966.686479990064	
4995.210426797602	4320.15819466715	
2678.485328909094	1703.9854131249674	
4493.382493009231	1843.3349107997562	
3945.791542500747	1974.0828363636244	
4512.544203246326	399.33826999312413	
4761.98315945775	1687.721582714955	
6863.531808355399	416.26921947596804	
3364.9139775239805	2966.2025129012104	
4950.4404531631435	899.9747025989544	
3430.683180769291	1909.1535633301817	
4512.521910331423	8673.081289563961	
4038.549926258338	612.9383163622101	
6205.396496061551	6054.323470657263	
4654.758303219097	11674.623774661386	
6951.652059478078	2587.239677474505	
3396.0706546013703	3709.467371051183	
5124.581385551296	686.2087498243642	
7065.29997235514	1746.0268498441578	
4086.53672889993	2488.7904019459575	
3423.060382482668	4509.9027461182095	
4616.271390104103	4306.0054223076095	
2677.370953347818	1714.770124782413	
3951.0119985947763	2546.2992763865655	
5709.121172257195	2961.655624314373	
3396.0372454416342	2594.3828031233593	
4285.622399462943	2339.4197705660654	
3384.03140416036	5920.21500183706	
5058.525571866169	5686.909335308859	
5525.944903811805	920.3864097008509	
5334.405272454654	2971.5074730607753	
5406.010389041817	786.3993546945926	
5751.101018696582	1357.1304225786123	
4682.4744469544485	867.9528454783303	
4009.9882416337273	4967.241466608162	
4507.934492685029	2324.4358038606633	
4561.763230805933	154.67349844871626	
2610.935560235022	2543.003027545844	
4161.819314421441	1543.7370810316404	
3877.119245810073	3075.6888102874245	
4784.877517751165	3700.4246528018384	
4976.156082515365	5672.408034177687	
2834.194823094492	5540.191985565995	
4944.69791714021	809.6603533544703	
2862.217521315866	3878.657450651373	
4572.74392308725	2253.2042059777377	
2806.8279103389755	2736.810606265077	
4355.299177914849	3764.9435024463373	
5037.24728290301	2153.132149223414	
4431.798504671373	2240.907947770545	
2774.6104020332555	4394.986087685755	
2839.6050872482506	2368.873520937632	
4846.85999381716	1211.752514822426	
3150.649294354292	1732.1729070930817	
6387.01996876515	11892.969110475839	
4247.885085561079	3997.841819269987	
8300.539543169845	24598.62938770549	
2430.599579343871	3439.359991659851	
2295.1371942595565	1083.849116198677	
1579.7110795655894	2441.6475135349224	
2367.0784384201866	2698.1484028885834	
5285.708155374204	3400.7974572674093	
4177.51368155443	2225.853777557043	
5120.053159749427	2289.4352681000223	
7382.250568031687	74.05567771121868	
4099.314026078014	2201.5897629511555	
3750.4156802575085	1165.1350753817562	
3442.5333080368405	3879.1542658062217	
2856.3838316710426	1528.0162378831426	
2748.2672408769226	6326.926362512223	
4814.903468316547	1413.8150989490887	
3644.196315555061	2237.902714989315	
3672.2851212117225	3547.82449476321	
2876.134615944658	2464.250950894334	
3620.97760442703	3940.9835567475034	
4611.648640308575	2161.756732217345	
5775.14494753723	2.9094026884286825	
5190.002822542285	8881.637337329352	
3352.1252188878184	9556.966419189928	
2492.2186875922516	3260.4624760660317	
4045.987169134708	3977.22670362936	
3112.963272329799	3719.312345789149	
3579.8555940430438	4162.540192250882	
3434.7116184350925	4263.743086907019	
4372.317297285682	1181.4109584492965	
3298.570570867344	6894.804322989051	
5265.405864552931	5589.995018503571	
5157.961400099684	7012.07295210035	
3088.5305226347723	6476.358748570211	
3286.2728408059556	2543.998081112004	
3200.927495618112	5438.285220844633	
5592.346909385924	4396.261124408298	
5127.296310290356	4985.229557961546	
4236.214341571546	3096.2729619781353	
5296.188579763797	2776.0015731093567	
4439.947755702147	1957.8861491612086	
4801.358429661178	12514.913712984971	
4803.284319385437	13457.132638847232	
2099.867932888966	2622.6818373693127	
2854.6257225998697	2981.4500789611216	
2978.6436063876367	3071.1024947781457	
3864.3955596449355	1866.1982299069239	
5059.153320732064	2059.976944753922	
5130.681934842137	12382.533359725148	
6753.68783814329	3288.504493732854	
3822.040344886915	5421.806473799507	
4288.812137889745	5513.901526273879	
3636.024987966231	4076.1864083823953	
3663.0199563915767	3883.890075532064	
3982.9451869930303	574.5771105211537	
3273.3982756645037	3315.533274053014	
4135.680858179918	3209.72396905806	
4894.962595175583	2522.405785895554	
3621.621855077507	1920.5394965693683	
2421.8879583499474	4014.2721522152265	
4794.257760563863	2793.4543835290583	
5692.395115127078	2467.943886951123	
7265.76364239795	11282.142586386319	
3946.5560903258347	5196.372028233256	
2997.6936271679556	3511.2608374185015	
4348.386009173109	1612.0873805129804	
3370.2303346968797	6339.509322063067	
3897.279950994525	3601.3701653284397	
3813.5451076903814	3778.2335716825946	
3847.3431781569666	1225.8267147719212	
7348.675920234159	6576.6242051968875	
1889.1782425817432	3400.9245536136436	
4488.511029083801	6141.492177714371	
3535.7707270634273	5797.256273276618	
3641.2099781505653	5223.327652475217	
1911.4249055061064	2845.7823036127775	
2941.6458042877025	3106.9345480363627	
3445.090486197485	2992.750796673006	
3196.977284411331	1870.303844453096	
3271.5030726960485	4848.907129758459	
2472.608403224626	3466.9806993473935	
4680.926522781054	2058.113041407788	
6610.528761492794	3085.5320664940164	
3426.949379868208	2824.0150930931495	
8313.004558159839	40990.8053930096	
3446.343300184044	2795.8449166347664	
6026.573371345179	NaN	
3757.734619472749	3473.1067313664853	
3323.987017582744	2394.487912311464	
2603.7462857681494	2563.04588435236	
6798.8553499622685	29083.156575417575	
4399.198420056696	278.10279181669694	
2099.8215639026625	2880.992697489107	
2505.0867654247763	983.0052660277998	
4588.456329171182	1832.3567178412377	
4155.8121791644835	11162.672991118516	
3976.093871851075	11841.378641242329	
4415.325817429389	4144.163389185295	
3097.4917543198803	2378.744541336578	
3847.8340757306964	5144.507409007923	
2905.3467326306945	5614.708450978169	
8016.027631425681	1192.6327719110773	
3189.53981360131	1711.6570261304576	
4011.5998732296734	3473.3824126964755	
3177.724450374255	1646.1173031234293	
3678.8001624638728	5349.861660275169	
4393.718066755425	5722.816096968996	
4299.775532652399	3987.0229163803556	
4171.995805661875	4583.745677480521	
5254.03915893073	3035.1457084987337	
4062.9600054455295	6693.607858293891	
3614.308841918215	5337.912460554405	
4305.666403633384	7891.344467119616	
2798.992591641709	3580.8589152548516	
3169.19537657993	4907.416611540093	
2808.443607712143	2661.698406245105	
4830.529257291278	1677.6815207631873	
3335.2983122942487	1428.73132528368	
2775.131350160222	3243.7417232463517	
2058.7521619573804	2963.915057555284	
2347.5401081727937	2103.095339776135	
2470.994726918246	3625.0301806034004	
3405.0756244080458	6858.666062065514	
4711.796400714079	2433.8796487239965	
4610.108731978415	3325.4750818035113	
4832.330852535864	3027.616371102532	
7681.444055004582	183.88585489078778	
4698.689447423201	192.74158140811744	
4606.196883297859	5105.938352203006	
3897.1149940612277	5119.32396445895	
2833.292284313159	3222.628304368661	
2270.145782281516	2100.554166857933	
2380.6458009462253	1813.851684935307	
3392.8732520025574	3286.178214176494	
3778.835068532825	3275.349488354178	
3871.875082102466	3300.631158613106	
3423.057464037874	3627.3086639896464	
3604.101760731474	2328.1664995327874	
3784.1183414658594	8263.931933079515	
3795.112077680753	2692.6524108571007	
8273.132804014473	797.4781630262462	
3746.369112620185	1814.570308662044	
3161.4893194586134	2166.499985445293	
3152.4965013256024	5473.4656440931685	
3282.6735712740206	2334.1010185194896	
3488.202127444779	1833.1712927210922	
2688.424740659788	4717.584883636846	
5949.381313503453	2195.555940798346	
4149.721712376952	2982.16050269944	
5294.57659894218	1195.3468664888933	
3061.4978098047036	4829.43795617221	
5727.568240779151	6898.676723166296	
4197.7679252227745	2134.7080640650565	
3285.0893202513357	1340.056677145426	
5151.954451528316	4888.281549928655	
6183.820234799469	3806.841454335969	
4663.3400936979915	10661.642386663934	
3799.8852773627373	5517.322300877184	
4809.437197276169	4315.757958769824	
5022.512655555824	302.32019665163847	
4965.307440532387	74174.11753224263	
5648.702748521505	1368.6770937456592	
4956.187668640562	3843.140012901005	
5005.348265876533	2935.585045695429	
3749.379295567499	4275.876218780381	
5305.246008972189	1122.905423089393	
4975.800414815937	43.84610954430925	
3881.193796706607	958.5865613297456	
4699.391140716069	1638.3868346245301	
4489.935146726401	5076.146777803009	
5679.378268045759	10107.956651936678	
3491.5849397627944	4385.894332529749	
6723.837705275886	2711.1968753935653	
5594.308041038781	4529.840487752189	
3501.7332344404876	1704.2747258913187	
6914.960473286217	2495.803704265344	
4137.634293664042	3224.1018952264853	
3324.6731834238153	1334.178270812057	
3867.9321291243928	2975.1871896257558	
5565.070153550406	4638.009257396698	
3269.270877354989	3041.7937362260627	
2365.5021995002185	2182.1229787332013	
2054.773116453397	2400.112737546704	
3673.039478750956	1045.4623828181566	
3684.9701536610855	15921.827059305371	
4301.9084572893735	1729.9955079899194	
4372.019106717854	6222.634753299952	
3393.933465980096	3129.4437507059565	
5067.639622210792	762.4202625327506	
3573.4026834350097	3527.697010989569	
6201.70918094924	3095.659762847345	
3972.5545554447453	1710.8940055409334	
3768.9046969840965	3810.338179863003	
5654.750509294718	1212.8104107486372	
3677.959024799394	9061.781535876082	
