11.755172184852496	10.346538567268425	
12.527386691408818	10.157613699719144	
8.678271302573595	5.578418575682438	
9.884836839869834	4.747707779376304	
10.056489399431419	6.934647868121363	
11.081476595099687	6.061513043362344	
11.746099389775335	7.313048530276212	
10.089374044033809	8.515859174469115	
11.506067561901613	5.88598002928305	
11.221731226576406	6.211274839027463	
9.190281812896057	6.899902667704251	
11.285662495779878	5.94698585828415	
10.88744053266346	6.5255233863133935	
10.88918947839822	6.33544567704205	
9.298989081067953	6.004568458537004	
13.322409031438763	7.566614716460003	
9.740599349405505	5.3538396298757815	
11.432745605500378	6.050374349747768	
9.793001108060148	5.905708433071902	
11.137473726702158	6.208082637763298	
11.183588390015279	8.335692537665507	
12.908542176924504	6.174727033185609	
10.659982216849569	8.186317460359717	
13.010791382579646	8.360240116044551	
11.1694716136185	6.076280077666339	
9.947470957838556	6.924190960797151	
9.102370573426127	5.952608360593662	
10.786408063305245	8.246229646462846	
9.730051043026315	6.986705579524356	
11.971371197770194	7.609139487020088	
10.609777514229158	5.82605970018108	
9.003129230993016	9.061755149486963	
9.844044472103931	6.616153516101869	
9.911412961805166	6.527555285678002	
16.205827274046904	9.282812509061065	
9.790748854348411	6.560365414581196	
12.301767212924922	5.037077254483757	
17.685622632616262	7.857485857673011	
10.03920315574437	5.858415173100005	
11.397440307224162	6.212311960012426	
11.939852582796211	5.351578665916439	
12.9917772939702	8.253433535943646	
14.262717271614825	4.944800071374294	
9.885973742773444	6.230233486625709	
11.311925294851825	8.455654375645663	
8.644126335886174	7.271104377216137	
10.832033488308634	5.802650434126484	
8.971636225506947	9.025134552415123	
9.514672620672112	5.535887137603105	
10.041696398899528	5.054542870277065	
11.407013243851157	5.644902582394883	
12.266574553546587	6.57419343153399	
8.834542466827363	5.320100754868542	
10.05894690827101	6.988453453549477	
9.836118644099818	6.885983188978604	
11.90282482084768	6.823180547771481	
9.55760855135104	5.525227723686962	
8.712198383228657	6.742284990500025	
10.121805600636335	5.905251932717574	
10.867015365753858	6.289420846142402	
13.431705565389276	7.955050855099541	
8.752155489503775	7.698241617983412	
10.126650322700545	6.49222021958823	
12.501409829335032	5.166757332912706	
10.935415007481215	5.696522974343363	
12.653289388671125	5.162950072482972	
10.508108560727985	7.591671713204983	
10.99907578701074	7.959885326255208	
11.168464016480732	5.334803655198227	
12.459877225362506	4.813384851413328	
10.541300735108091	4.988992892946897	
12.918910782248323	5.994964488052141	
9.037997830091772	5.978800519950449	
10.16931890408974	4.662487815320269	
14.340512535937997	6.005044887003204	
9.441362296784368	8.699214071425223	
11.808361255207569	3.8646177305289777	
10.662384347197863	8.721752185381526	
10.969826094059991	4.711306037486983	
11.420178735029578	5.964772572494286	
9.583776369352119	4.786728032547657	
11.414767479093761	5.541818162569008	
9.853915878538308	5.831997037327319	
8.09864478872967	5.347630265362912	
10.342827837582707	6.943148478017322	
12.344851137380532	6.976948701764765	
10.825020294286267	4.855723499442988	
11.478852230961744	6.3630735113937895	
11.822930338994436	11.252780141308493	
11.931521120287432	5.484155534562018	
16.372548233468134	4.90472229411696	
10.83241933015775	7.0815597702557005	
11.471407798589496	7.302703460008392	
11.355911302062042	7.548575671841623	
11.824903570562991	10.856840370844804	
11.657736977577425	6.721535040234153	
12.22859216461366	5.927062130622221	
11.763478394974486	7.117598223583394	
10.72115867176222	5.505809213944796	
9.772235958558792	4.797529504435839	
8.639734399236918	6.039970059025702	
11.282926544896062	6.108724717308878	
8.78076118594809	6.072934720917057	
9.847656129483195	6.180294851267878	
9.742105361024755	5.930639295172207	
10.58735328568379	4.604422344587885	
10.465175435653796	4.955936207823316	
8.186171465605298	6.232717671638861	
10.183374644923086	4.988345049606167	
8.302566214552137	5.824911091888919	
12.733817339737486	5.184179709563075	
8.27557517663169	5.614936411895077	
9.449437672065024	6.007402787744088	
10.10256261287853	5.436608270486943	
11.363578737158303	5.411565405287429	
11.05666823216266	5.136259266807421	
9.33652868305902	6.211219308413839	
8.881421427775757	4.94399789420088	
11.07830978432565	8.310212218807678	
8.495760464505507	7.10498255480534	
14.430544013848836	5.834563863191304	
10.437076706289192	6.860006625120182	
8.01683634728069	5.358829858356125	
7.082155952735528	5.034425959010032	
10.77903411114277	6.2697544908490945	
8.208897673123342	5.5847667212843835	
10.198885685713176	7.102109655089986	
10.70762956651157	5.60590213665811	
10.231539291547609	7.367823378484634	
11.848720365460931	7.472893325243789	
11.041265270859832	4.8470373820961505	
11.240532862042487	6.017722739751555	
9.2379764723925	7.066392057959733	
13.331927942895133	7.556298288138755	
9.611844074382637	5.2504452010328135	
10.356769333788069	6.182493086791517	
9.725652274654148	5.712253818454029	
11.340622398597024	8.378276837325972	
7.957663825984613	4.675857039521016	
11.299237140245202	6.914737331214468	
10.703773221805282	5.580131113589205	
8.287069815289325	5.763240637935223	
11.223064819525188	5.480192103565483	
10.264424279147052	5.325254605036074	
10.351018407204986	6.665606067589719	
11.297590243888406	9.19094958591152	
8.403908133947523	5.934231018842683	
9.817206558663834	4.2307215422675135	
7.208538561020833	5.6476212816010305	
7.912220523045398	4.136136694173661	
7.853109192232163	5.220119407788393	
9.174563739189251	4.4971354414386076	
9.525974974772204	5.364607746880369	
9.813649605978902	5.873566375396959	
12.591010877469563	5.0038944194977875	
10.12325620789284	5.324262784367797	
12.984756120821546	5.288342084561478	
13.579780179146953	7.8906749582187645	
11.337297934176648	9.940867598060118	
10.877240679658522	5.558512013228225	
10.909338650032986	7.408953393982172	
12.69335828462062	4.661162306938245	
7.805103409995267	5.905458497111247	
10.905409703489996	6.54185483293942	
11.813835398502386	5.172470624229778	
11.057609491583676	4.79072357459201	
13.813523092667834	7.989471649966826	
7.768776694001184	6.337269040354079	
10.664313351692805	6.631045402746867	
12.285518910980812	7.481756044522144	
11.774638065418472	8.009214840305509	
12.24058255941719	7.040834469201302	
14.895371376407635	6.888715743616178	
11.861517089530171	6.3014043250155645	
11.96380365607553	7.104450416608378	
12.258729446313593	5.625827721414084	
8.10926438908448	5.184147092836307	
14.512715695380571	4.8381091569028065	
12.693626209875813	5.086549445824501	
14.837390929465446	8.021226313009223	
14.858097352079923	6.8635737703405795	
11.54614751681344	5.723503208707699	
13.081700106776834	8.195016454607812	
9.062874094325679	4.816124361529426	
10.637792495959042	6.364069527282037	
10.075441527673467	5.594457740478521	
10.874238139214787	6.019544250228411	
11.952300709960603	6.84560136824152	
9.289068244798985	8.44261603500371	
11.24295393471397	6.727296511095486	
8.441894125846096	4.323073657517641	
8.202312413042092	4.713599344867686	
10.795477216576069	8.283979830547413	
6.739114034458504	3.815177332788002	
10.259795696353306	5.324025896362401	
11.656898228551489	7.737995021018964	
10.256146178812852	5.47999965607385	
10.78423876855998	7.1732304124571575	
12.915417945685181	9.258250721255196	
10.659068483657462	6.339603262263294	
10.98262679525802	5.2108332669624255	
10.268772882468829	5.19702543930558	
10.32289098255593	6.065852286463479	
9.241418778324997	6.560116794962829	
9.043801003835	4.279220408878889	
7.992693227080924	4.503494499328453	
12.257349794683313	5.454512417748578	
8.752549171690703	5.309282087406007	
10.710587571765862	4.702864025920727	
9.081999084259037	6.324678955530082	
10.220114713845817	6.706443220716822	
14.20399295297452	6.212990938069877	
10.34889390660625	6.737520928232054	
11.647379271004795	5.840261890453707	
10.060374438480109	5.204089116310954	
17.79999678674842	6.374890439633705	
13.652765586510782	6.843247104935154	
11.017988180206816	5.754316477593613	
10.057504817128137	6.425234396251734	
8.65598384511107	7.471132936913015	
12.278689525637713	6.483142394266854	
6.042862158695904	10.845107411242614	
11.782498004647062	5.602778098822624	
10.091287991652232	5.855810400140259	
10.578126161377597	7.510914254738294	
11.467097728834455	6.285204461571754	
13.941853843917459	6.73542314295489	
10.966316920826438	5.278464674563976	
10.12031223086796	7.092015937836293	
10.456153343235204	5.909282147746206	
11.974366350969445	7.923641525204796	
9.103387154240993	6.211549272705993	
10.740345335891032	6.697610609185991	
10.442515668054277	7.417516127639454	
8.954940464201272	8.790871955301531	
13.169797178096118	6.4068494683149435	
9.656240984559751	6.438239642744805	
10.001381286563014	6.419808577784979	
18.298046561850153	13.986330753593741	
10.310476369438534	6.786223556438285	
11.096072740207907	5.829172817162789	
10.82835731274469	7.539778588263015	
10.189470564605656	6.114410475040833	
11.261089867815924	6.431214439232472	
10.991859162663618	6.140320866561589	
11.43305126795365	6.865205981697071	
9.699619550251303	8.45476369197931	
11.527009776221709	8.054217693682231	
11.014163310636459	9.904651101078894	
11.996012875604205	6.771552468654491	
12.556020443633741	8.644524431008737	
14.8365543684472	5.683210269445365	
13.64927123411207	6.159474143816186	
11.93551718826351	6.488266599281067	
11.614030858024663	6.916604327038947	
13.88528623836506	8.567486601718095	
11.797426338663229	6.335324210304284	
10.584414428856846	5.777687039109905	
12.57212869008573	7.408792260865295	
9.91275284946539	5.716988807785967	
10.469289614644564	6.60874357853816	
11.602798170718813	7.578030913895986	
11.388064624370026	6.040336425276366	
12.613613648032459	6.153021353761765	
9.086088003017231	4.865351494859857	
11.161277444878333	6.249395705449906	
13.636628656118978	7.347652048135982	
13.27679954146034	5.925315969800289	
10.180254576557758	6.641609419566082	
12.58143308531453	6.804721902100366	
11.271322796828033	5.086195640406455	
11.403331289913675	8.079656955833878	
10.617976406183015	4.739585052592622	
13.291971274736117	7.4547687692968365	
12.585633605639911	6.464373725975589	
8.223738201376145	5.768402731173961	
9.022464054033309	6.132874171344283	
10.268823719574947	7.077208431078638	
11.22318442235584	5.201662220460663	
10.894976079110041	5.278304547773612	
14.157295028657366	6.354661150538764	
10.547188055824037	7.078109250529471	
13.109272272471353	5.0677839780669505	
8.41414922354787	5.500776727886932	
11.811213704550683	7.4107476941756145	
10.592660171628925	4.23432227443652	
13.544264439810211	5.886459852106976	
9.733807829908923	4.593492394045232	
10.560781359421096	7.799788492430596	
10.757812300037024	6.869085017736397	
11.359306526612452	6.949413997657642	
9.383856054631252	4.515940189154318	
9.764492446219974	4.229044358403368	
11.382857255574374	5.79656126245966	
11.949170501540744	5.103810566806628	
13.388884717704554	5.091537530395465	
10.166767053583621	5.369427370129937	
11.430854114032302	5.6464115106066854	
10.491105487961478	7.177576287457281	
10.807841504467701	6.111421979788271	
9.666246762740425	4.906202169762326	
11.98664581777411	5.612585096848011	
10.079205835755516	7.380473654794978	
12.777965701255981	7.932453677575682	
10.012321398583277	7.69087924934017	
11.771872963612037	6.739566166790746	
10.930981281568663	6.17385854042827	
9.160754569316769	5.9473106453119104	
9.162090355628024	7.470011647744028	
13.32639944543643	7.482019451042716	
11.939825280428515	5.042894579222289	
10.948646316642764	6.659634448905602	
10.382527081819383	5.225249582302145	
10.73045736814011	6.0532071906532865	
12.672516033337104	7.617022134758796	
10.1588572403994	5.530603869413558	
11.054677378311094	6.69364735375292	
10.391016189700686	7.319915400939106	
11.264695225269378	6.132092002014791	
9.861417977156348	6.645418934247053	
10.803802948117335	6.0220126902760684	
11.015208446468897	5.849471467750862	
12.776511990262412	6.426614425970628	
9.658802650186507	5.6526465617811175	
9.831500340003414	4.243676358569111	
9.414015163699398	5.718907834511135	
10.386933767018396	6.563013911669758	
8.904461941434867	4.223981034750849	
8.835478784359648	4.992745052761586	
12.765130181420798	6.16580612479055	
9.773488733115473	7.486595868650852	
10.884103531301287	6.449378232461511	
10.066184399031437	7.466817601171255	
10.360555801750408	8.31049423648352	
9.760738726308494	6.300287837995394	
9.944592905472216	5.905131448195645	
11.410749554363253	4.719909285036653	
9.085227458192335	5.999731836262271	
9.311489625820363	4.640065820036893	
15.02335670753633	8.307443992705204	
11.511090495894127	6.794435098650031	
11.328286441507906	9.14573399482749	
10.324290195496397	5.206887996497935	
11.521299785303777	6.853159037018143	
10.916667725391603	4.721727460672597	
9.388983476293937	6.616727204722999	
11.938813404718601	7.646092712857133	
9.204644140767925	5.962290826363482	
8.151545118072244	5.602092753832586	
12.481404876554244	7.535537724021149	
8.742636105554197	8.787517655119018	
12.251018433884429	6.251607530200957	
8.264476474448736	5.110213005284506	
11.988700189743401	7.790014767336387	
10.115381911492763	5.250622651427234	
9.892459405459133	7.3581580237190805	
9.233443932276927	10.136377151540524	
11.922097416912315	6.311563593980039	
11.175042761652241	6.6813654379617375	
11.610073113142573	7.782982798355499	
11.107166221696101	5.8869291265725705	
13.19936456982623	6.403170978942768	
12.439256624146754	10.230585842996003	
10.831280807517084	5.492368976088169	
8.549590756210122	6.972606934712298	
10.10855770784658	4.865945518466132	
11.217534585343703	6.84628438277712	
8.334549833284772	5.18146666675067	
9.189112975914767	6.53085339184078	
10.277063289123907	5.647337186624113	
10.23765624881481	7.519791163241451	
9.883891121065984	6.918911779423423	
9.598654888223036	5.796617047174734	
9.79199814957927	4.9117511739761675	
10.200523086303791	6.326122439801968	
12.443739111104449	5.725859227085812	
11.793378875335174	5.559008631739961	
11.687170740398079	6.229663457989121	
10.929952055716711	6.094795082817037	
12.196595325956109	5.579227694170176	
9.318195993064823	5.982319272275538	
9.843590852831209	5.784234277943561	
8.960416525717132	5.790430823636376	
14.864925437548838	5.297414975257884	
12.134359413533348	6.2786219960014495	
9.710479304850418	5.566945591488805	
10.780688575065296	8.795084703546957	
15.515363739795669	7.088572860768548	
11.41578124524407	4.970137854318331	
9.055290693607533	5.55086048847543	
12.546683688387121	6.141369986516767	
11.511509554098549	10.270237046541098	
12.315430042178685	9.950421366170653	
9.989392975061051	5.65597160115193	
11.593244612592853	6.735973598912878	
7.667019509226538	5.826532398445577	
9.89386822324407	6.492965666359757	
10.69570754323399	5.62684935565459	
8.544893492582231	4.7675450881020724	
10.188499181267762	8.206607389622839	
10.775637330518457	6.027210839640854	
9.680422478378398	6.042071353847494	
10.866995866116724	7.601237324093244	
12.071436752427411	6.6429017932750725	
11.222541356843204	6.182717261548528	
11.601732816799547	7.909948255200253	
8.854944848531115	8.133370563547368	
10.471577935275123	5.652196108244626	
14.210613870825382	6.67157853595673	
8.306014410266837	4.265983052356383	
9.254737524838442	5.37907720407667	
8.106312613313213	5.324898741186175	
14.102688508856575	6.266947651070274	
12.435817766151633	6.1674624288841216	
11.744231879224538	6.783091074206342	
13.03962086996634	6.314339033080791	
3.7084161922999503	10.160580805294659	
12.360993658674879	5.478224688360791	
9.48668473830644	6.987350317089637	
9.786972900761103	7.018045083003011	
13.049702890198668	6.732834887708464	
13.888388179662236	8.12995070640641	
12.02775518376106	6.441444784984646	
15.29852969557915	6.6438415849014545	
11.997140334296331	4.544866407859574	
11.743604562300627	6.809177165365487	
12.582398066634498	7.064766032810751	
9.090968731583501	5.75552896039804	
10.686735904561159	6.291385371574838	
12.059490973642749	6.693392158078309	
8.06705473657845	4.768675425297031	
10.423240600119298	5.2135789852364836	
11.837626149476291	7.225651166529517	
10.369925287352633	6.940211082815282	
10.690725210928923	8.052358076341992	
14.790175069331832	7.489433496876603	
10.700174690413535	6.823537137492377	
9.43715284207384	7.204681193522315	
9.248140659001045	5.344210141708087	
10.582761486671794	5.582901832067618	
11.553834714181857	7.637920050417997	
15.464635212771942	7.4647575230218735	
9.773353180604154	5.082548354186521	
10.082301412772814	6.535183803054397	
11.736910308843694	6.635578481572335	
9.879205394517115	8.495972540976076	
9.29617409220631	5.588676735835951	
10.580725424621233	5.568628113447367	
10.323188158106639	4.627054662392729	
9.526956263461653	5.975131458762017	
11.582900312771656	6.522316575537979	
12.851832701055839	7.143353496036794	
9.96766607548738	5.223961470576533	
8.22278295263038	4.911201224984841	
9.967682980307739	5.240023345281568	
10.331724223901578	4.502067535632062	
12.612688657824586	7.054367878438651	
10.381103516558149	5.844150521651974	
9.726478305967246	5.394173978102675	
9.092349534793756	5.497353315188583	
11.032550065304552	4.39049621367036	
10.149630424113273	6.145212703083779	
10.88925185350407	6.960697506713067	
15.705435980165372	12.098163220028807	
9.168633651046104	5.563962860275571	
11.67442097565629	5.1706367194056595	
11.675110156727737	5.884651970043449	
18.514610924773734	7.1139555423656615	
11.333171684849205	4.795705318890383	
12.85501323936654	5.055027844780911	
10.021812232934804	3.5159948323271664	
7.769496900014928	5.755046273231713	
8.075656925637265	5.027929757785154	
8.878358908310414	5.5002520317965695	
10.40986309861604	7.330205693990839	
14.07005328075108	5.317721200377118	
10.948623443126891	5.0625821322662885	
12.843711456433445	7.570361059901907	
13.538085947536652	5.3866238114130365	
9.900583488956633	8.81056980438972	
11.70997412398211	6.516123633901096	
11.638470320656518	8.174583751493966	
11.948565608690366	7.65255986250306	
11.635922439475554	7.4654293513299175	
13.350610282854309	4.065106373749856	
10.972620746612373	6.468926231206344	
10.07929833058594	5.644161239028723	
12.855061738373811	7.062435303260601	
11.338351708087902	5.802808476125383	
7.7744086309447855	6.67065507847498	
12.189126292192855	6.485433573603992	
10.573807244120909	5.12110080148182	
10.505029999562783	4.933664370679995	
11.343081678391362	5.321171558111009	
8.865877132006892	7.2486074901144555	
11.188859550548916	6.684972718474197	
9.367297076530829	7.700408859655782	
11.444097586292923	5.781999168251604	
9.982708919607886	5.481098699574659	
9.048019714987095	11.802474817651824	
15.392561361799572	7.092088839756587	
7.686305831501473	6.675472016368498	
9.910883398910727	6.083938443537943	
9.045559902909574	6.914796217919765	
10.338887283171386	5.921238534777602	
10.487244101159174	4.773983301554382	
10.078189841343644	4.281211003492161	
10.640531136176115	5.4248810264683	
13.969832405858327	6.647452009651119	
11.24932320005301	6.7359625873413815	
11.806161616035615	7.085560403803194	
12.414792983983773	4.37061045744127	
9.838561200830227	6.7232232850044245	
10.472878233182735	4.533557591974161	
9.883246023138298	5.420550979913475	
9.02785919974974	5.499671066602371	
11.796281604197265	5.373361140429971	
14.316491680625452	6.612062506019643	
9.488879621732046	5.389651411297066	
7.8623046641799075	4.698964344516018	
9.925710979178488	5.6628637100792085	
8.297203213858628	7.708643870583978	
9.969572344232072	6.562769581546145	
8.5485006501755	5.078729690649967	
10.291841967665109	6.5783152572506705	
10.299088257248977	6.593733655952894	
10.795520743103717	5.293203828227224	
8.896123095839085	6.901825819958014	
12.224856166431625	6.487364340236787	
10.040871014687962	6.522567161737623	
9.265653038564992	5.506514795040942	
10.466921351577618	4.4072719031845216	
14.936802298164654	5.390016083500665	
10.427412077437467	6.953452347610767	
9.603351291300907	5.296808404654991	
8.310048600281368	5.671805374762318	
11.72688934072511	7.181805215092488	
14.022247515166052	7.766187735113523	
8.128141865229852	6.60004734344351	
10.937899031513938	6.811696812723961	
10.259833454070673	6.056381956048941	
9.404124962966103	7.2655081276181654	
11.97225155071031	5.836221217754953	
10.593734526600445	5.60083198006757	
15.24835855043511	6.012070384387246	
9.362901574976593	7.001486418448384	
9.758685685815811	7.2419006522275815	
8.052518669867254	7.839574427041142	
10.708611520635273	8.027383166282144	
9.294566768648092	5.213741920287633	
7.938962758691082	4.518608216933871	
9.567067015127122	6.652707169611276	
9.876384458735634	5.297685698629853	
8.697510394010555	5.434035222769103	
10.899683648567326	5.964251204463415	
11.63186063882917	9.916916750276464	
10.654348195773279	5.709073792218085	
12.483939253331588	6.018181170442059	
10.135145081843778	6.560880517103374	
13.517725904665259	8.98374223748921	
8.767926287074827	4.846562664834149	
7.7328142129032145	8.141819194728955	
9.621974461863926	4.362322378028068	
10.561143980132407	7.621732547611504	
10.436970036129136	7.081090810214073	
11.894107786836466	7.638492363173504	
10.441551817440713	6.341424507411099	
9.451101730396868	7.441246037753532	
12.370074352912273	4.912073208170704	
10.912521735253867	8.105917089405335	
8.895530126105935	5.49348935207826	
11.584068893659378	5.379327509736139	
8.128455014431221	5.3191438975228955	
9.370596328411628	6.774168427124528	
11.1715206450924	5.140008719281251	
14.001792216783896	6.343119843093659	
11.222684286611429	6.78663240880121	
11.379002345948011	5.023819824311067	
7.904740032848924	6.010344579585343	
9.127437282724001	5.765720473564373	
11.148054331330215	5.5467656350932595	
9.622259800355513	5.834630954725142	
14.006193991018044	6.469521501522667	
13.094965817668115	6.946339985717552	
14.500395282863824	8.30559714199317	
12.727609322870425	5.699579853283111	
14.568482157063176	14.224346534188657	
12.701384490916166	6.615594054426372	
9.253337650841903	6.008439438571484	
11.236386003075772	6.734557682451696	
12.617531944749583	5.994127040614399	
8.186847200447884	4.936446524553074	
13.649178014722947	7.472080278972884	
9.643542222227152	7.477875924832924	
9.082095034597044	15.104407434788316	
13.728056228275866	5.337674179668527	
11.828374627364347	6.746766360282695	
9.359267752767249	5.521599356804288	
12.943398808906716	8.043573757707817	
11.313498204831037	5.811160667708106	
10.995466377619232	7.570916743217794	
10.237249127006427	6.7184341265903305	
12.765246246316593	8.066035792617402	
11.755524119820334	6.594834154823915	
11.596896828800816	6.643264433789275	
11.622940183385461	7.123840433784856	
14.71148818863725	6.241730145016317	
9.278708470869658	6.215002201351227	
12.236734170301151	7.9997932100466445	
9.896669111123867	5.669146244426012	
9.008178781313074	5.182320975775229	
10.733650257838375	5.611776231869941	
10.533317298762327	7.4713467287402535	
10.06682356688386	7.101171368151154	
11.075578501422113	7.503007129746703	
8.789609673607112	6.005469138709245	
11.178848660442567	6.534665970488636	
11.63020942913653	6.1283442435423465	
13.026597917279055	6.201537652887	
12.699940731216552	7.499823760598483	
11.328149147072024	7.391713717164502	
9.290259533826625	6.446220516622195	
9.204869001090467	5.040115618531663	
11.902554333323076	6.099008472769572	
10.193477583312367	4.696915071170696	
11.374419017456013	7.304364807268609	
9.620683390676446	5.796570200455334	
10.959588131251865	7.2519715428720355	
10.220023849179146	6.590982062398195	
14.029597909872912	5.308930923526774	
9.10373571574123	5.873084313521454	
10.077815087644794	6.911856385579047	
4.589458943470647	13.01807388687245	
11.161473341641685	9.188476808261882	
9.12603260278553	6.129809075691808	
9.8574656340251	5.03852186525955	
10.04144139284486	4.710191904165687	
10.820562157695687	7.639419710267869	
11.192264656330064	6.317125653843843	
10.29191724676009	5.8330637558858305	
11.725566084689422	6.290965470450373	
10.627626968502742	5.574171458582527	
12.162884739689003	7.646585925448315	
12.20571650586393	12.369229313532891	
13.390410845424123	5.400428871526711	
13.34123021603508	7.538386377181874	
13.486436179002851	8.29716390468176	
10.495725274786038	8.595032144657463	
13.460370881330524	6.893463879824075	
10.67198916523993	6.7663187630149215	
10.358675251752384	4.43741861061829	
8.135685744700641	4.595172556688281	
8.731517693003521	8.492124162861737	
10.49989086540358	6.313470179465843	
9.699303743315957	6.11038129118354	
14.094037111467424	7.093261742081326	
11.155105783946633	7.918577068530925	
9.995349384190693	9.064607041643194	
12.677398540726564	10.908538546097176	
10.82273311476497	6.375203949980417	
8.24016541652172	6.2004824123873625	
10.428743232864027	5.3159739367357615	
8.398666995878786	5.594834290850525	
10.003363126565546	6.081824167008472	
13.340470657608153	9.157808379504443	
8.89658471051465	7.070011319879573	
8.6582883764742	5.4735555584059155	
11.879646346813722	6.28717026445155	
14.125135930238818	5.558682888791754	
9.38375508528571	5.785569944525364	
11.412325267489843	6.1385027361729145	
10.293889789105233	4.6844799362039495	
12.218714840581324	6.523102131386588	
12.858818239895148	7.071656642457557	
9.519896686705097	7.881547633562951	
9.272579394218198	6.4779448208905865	
9.08902561374486	5.5386866411680655	
9.901437208878518	5.933496950310511	
-9.518279055283616	17.564379217881633	
14.985821782844036	5.919281525804556	
12.155823928459515	6.921408514618964	
12.414492084441013	6.965543869105491	
11.197282687810933	7.07964605016748	
8.947717968465948	6.28998411991995	
10.831982260641503	5.89725150359181	
12.371780537107846	10.590256525535406	
11.477396803107805	6.495295861522474	
10.732777601822065	6.414811164088232	
9.461208170639916	6.345957889120627	
7.929569322036349	5.667272574185165	
10.607676780512653	7.416141421018173	
11.724218591396804	6.084351108426448	
10.139298603891909	4.481446288785456	
13.25405641069914	9.628117255872413	
12.35293168624776	6.706350960168546	
11.145638262683876	5.71510088378848	
9.01658627969633	4.856813236754895	
10.294423501202575	6.645281847147134	
9.433606464475641	6.346547823607597	
9.51548706683	4.814210503437694	
12.167839369622554	5.583600734843286	
11.187235525278458	6.139689029559229	
9.418496579339436	6.837192728033968	
12.097447658159906	7.518430068127194	
8.880935230747387	5.8011971345645	
9.807423090279507	7.591812482068718	
7.629409546526168	5.735885258085761	
9.628117401299473	5.3731414202457355	
12.127850707725381	4.896138671332502	
9.661103680639679	6.182754518025352	
8.439592945242994	7.675158229886214	
11.410866245760783	4.4358996253923175	
10.333492836840323	6.315291267108406	
13.09934899568628	8.127224877594504	
18.881493805623844	6.900068945076897	
12.205407431264485	4.879426246584768	
9.372796416782835	5.67129564206724	
10.999412095037199	6.941075771408363	
8.639050710182394	5.284591615264323	
10.324483178791764	5.573075223807562	
13.601814718751427	8.147628038501779	
9.155611110014592	5.055759158921132	
9.972761339906931	5.693324959598465	
9.938170033390794	6.338887774482054	
10.453958783958742	4.782198740662492	
9.739367372914323	5.988103717595157	
10.861061806028545	8.655548595734743	
11.476564478784315	5.809655101910481	
9.695164853627285	7.350582047211713	
12.31639809031911	6.099235562431783	
15.3211867025493	8.234493908305325	
8.982396685446888	5.594850497364859	
11.980330175547568	4.975416358793987	
11.334696094259918	4.034504642387288	
10.557787820681952	5.175956268961816	
8.260378324602762	5.174088522888166	
10.526340426971494	6.32256490477993	
8.236230040142763	4.720761083214552	
13.491484732012111	6.483620627397451	
11.062441702137505	8.463848523322364	
11.4069493769631	6.839120378536066	
11.861224548977352	8.210230816483374	
8.721978853578769	6.914573639569857	
9.066515079633682	6.516643607267141	
8.732278056528804	8.223487978989603	
10.364117420407617	5.098855879617885	
7.964892700699959	6.862543965558142	
10.372925074685458	5.019840844098502	
12.946442855133412	6.932615020814385	
12.586990427670301	5.656188272633158	
8.945159254074781	5.414001280502037	
13.842635214813548	6.816559624610799	
9.638268558795085	5.96687704513076	
11.717043335121849	9.315438186863876	
11.185741874299978	5.353189379387079	
9.535352591231197	5.962109150865539	
13.199155604684197	5.115381082070837	
10.537709221710712	7.620771772309353	
13.237950281413076	6.450562437975584	
10.125213084545019	9.001053774945273	
12.066059649887622	6.874530384601154	
11.68448249800685	5.244770745123737	
12.104375214222834	5.904880287682467	
9.138349797649203	4.2598189354519835	
8.649028913588268	5.331939294589288	
9.844644269941027	4.721483560542687	
9.348070351170104	6.105897921493386	
10.10053342222289	5.656918654878979	
9.616249999198411	5.177488457516915	
13.9458333895846	9.261785035640143	
10.153598134906265	6.201630227519854	
9.14403823489512	5.443939467915244	
11.580628195625563	7.256330571941276	
10.578450325114868	6.080668498925065	
9.819713580806848	5.502888578885897	
10.952471849011102	5.2551856745683	
10.325536760106308	5.864966745817188	
11.319140940033416	6.556101450381629	
13.676558518056543	9.686904656776115	
11.46483155108614	5.906480875606637	
11.92511621240974	5.608921822121472	
11.436077360536595	4.337574367776622	
11.168065509588862	6.910471060616023	
9.538740037716325	6.7342962639711335	
9.336991756615694	5.152334447650236	
9.204162070983244	5.26771374380313	
8.101700002388801	6.110407853947604	
11.144121919239945	5.438221617007082	
8.98631948280591	5.53289554903109	
11.753797625275276	5.50907535116583	
10.489172325873408	6.698723703129566	
10.68791098767091	7.9035593339962595	
10.334930581756453	7.006614538817333	
7.9437439302030475	5.586708180765034	
12.250865555730623	7.997898392048044	
10.646667977285551	8.67707149222194	
9.099856165801933	7.171003985912231	
12.880423801968726	9.50240070464637	
11.470922871796045	12.126643134663686	
9.91071066386417	5.311098110701807	
13.48670276691955	4.840509666020968	
8.32128071419791	3.9012584939665933	
10.130074961664873	6.786628865441818	
10.148903977504231	5.112706832622197	
10.739055060687269	5.968108128683143	
12.984529312624236	6.34104903941092	
9.97278402895938	7.296438480728048	
11.926630895356634	5.973621153775112	
10.832582573379376	7.405637143915738	
10.728549329687848	5.142081853862349	
9.014324280132788	7.0560203262929315	
14.444743599340258	7.3546310038320115	
14.445974742610456	7.4542519723892715	
8.089537513651013	6.8185886873698625	
10.051658150314692	5.340580975855103	
7.727555916334451	7.520866183648408	
9.608448700569776	5.301896903767387	
11.280914142344908	6.162876292187811	
12.190879378540922	4.306816561778204	
10.351483151716337	7.855811907325202	
11.66935074812491	6.663657011755526	
12.675831372381507	5.533146669673666	
11.523643240846953	7.038660821500961	
11.48276444177907	7.975652757703859	
8.942537605753015	5.209585736975158	
10.612655081690104	7.349419612262561	
10.617458128764648	6.144670689595747	
10.812004302599878	6.245073474956008	
10.347407171222311	4.89786251203295	
9.49043718794723	12.222077657391093	
12.774948654520488	7.3571156440989345	
11.973949083692123	5.2025018234987	
10.51146835698051	5.324701208146661	
9.123242305886624	7.2226307868538075	
12.725560452314813	7.185623918780252	
9.656078733181284	6.49450681059606	
8.407555696938651	6.0792587174636346	
11.010778000488887	4.701209971106498	
12.569594137765366	6.594100305038179	
9.93019275287785	5.906391466089573	
9.926630463337263	4.975245453376435	
9.707614753305776	8.44889743069665	
10.758414154518526	6.270222672686339	
12.244955709002875	6.237181108599544	
14.30581866271468	8.463087391988847	
11.81807208642237	6.2411976936619435	
13.231555040066938	7.592362240670903	
10.880862664353284	6.98657880434372	
10.954721917387833	7.770855770422561	
9.336565343581265	7.52924289683678	
10.258907928257921	5.732624294207665	
10.882373866852397	4.440187450977737	
11.388975744975049	5.183882648306642	
9.863588098900305	5.568351377523095	
13.986847243079435	6.009786717002192	
8.048493983602924	5.267760894873823	
12.654220450857647	7.187905220920573	
11.744330877571423	5.45904638781666	
8.729675646960214	5.868397883587713	
15.943499015174185	4.737959019589148	
12.556443697471789	5.5952696526954036	
9.123487864996388	5.995424330292996	
13.022131612013538	10.480478843663816	
12.56264780734769	7.397064335745956	
10.74870621398262	4.999763714898264	
14.316374560862073	8.016242014693777	
10.727681132725984	6.9337468333213055	
11.946581174076588	9.073917516595236	
10.152300406366566	6.479695324461725	
5.6447221417666	9.210832645870937	
13.20309274844869	7.431494201964356	
12.063936392872675	7.79179156126963	
8.852929466579278	7.360737536024373	
10.077552848403153	5.809600931994565	
8.924334037494459	6.260549380461197	
9.348854429648588	7.304754547222489	
10.593841365657855	6.674572745933379	
10.159764270765411	7.449416593248783	
10.19939813007092	6.195444630711226	
11.639173875497157	5.672616346072983	
11.627701354636521	7.653490580697584	
12.42890193688294	6.175156666172144	
10.853894565996235	6.963120421068474	
12.381218481354844	7.004980499993855	
12.329697511284529	5.616115007421225	
10.894583829967281	5.217226615424592	
9.553687469884428	7.043072363133724	
11.012967790059724	6.912289780697547	
8.201194931521043	5.878133982455556	
11.032251270279705	6.035312860111687	
10.178977428021179	6.072604915415943	
9.152520927402948	5.8598027447621615	
14.560371429802144	9.06795187606347	
9.871514000614775	4.697591636111682	
14.22170504927738	10.226339096428827	
9.346253304070851	6.116760177798555	
7.699594610759937	3.5846877039137843	
9.904126745368554	5.616823761104062	
15.035785939835211	4.9911527181345345	
11.305747269907924	7.035379113493783	
11.460256495951237	7.827543183531848	
8.905189067533174	5.555863471647799	
13.04762658158634	5.54298597700902	
13.658668778420594	6.425911715651213	
9.933779885269908	6.3827520596218585	
10.155730243202044	5.635818307181181	
11.375749613457591	5.179150685336071	
9.243282260720013	5.804734674857766	
8.822524288669772	4.710033874725765	
10.422364425693065	7.490527665927804	
14.244935964552473	6.073427375634764	
8.992151413049701	6.458738749505712	
8.084775317389294	6.786440515635537	
9.058853690997969	5.338130779230913	
9.913731209964062	5.935146771655576	
13.612147107952456	7.294111731959686	
10.399820832750954	4.35463089007102	
12.704067209828697	7.274705473145206	
8.484420023347925	5.070055242663601	
9.686600488733585	8.0660741994776	
8.8128583501505	5.036918816747093	
12.218190398468742	7.200553881274065	
11.813698116097349	5.127992624802056	
11.072990785253246	4.503288090826877	
12.239154315094623	5.564783062830673	
10.059186218858096	6.68146173204563	
10.875377040876069	5.846497830178394	
12.682895430411262	8.533228016814052	
12.902144713259792	9.379409106165904	
8.117370331893298	9.30953754583478	
14.39802560463136	6.09476133895481	
8.678852669114104	6.907690153879804	
10.669640514005552	6.693929317429918	
10.606627571937189	6.815719933941255	
10.192401095892464	3.8405983682144664	
12.622243859027467	5.31117086687443	
11.280081781525185	7.22974200391838	
13.684621932050813	6.042361123145505	
8.9120775754983	5.428257372536149	
8.344762628916376	6.107268679853639	
12.07760656762151	5.397489770242255	
11.855004980928353	8.83790399915419	
11.179981949149576	7.619576623229662	
12.283212038263551	8.052101879413684	
11.178578682976825	8.356264352057703	
12.395152132166123	5.704368208540567	
16.0591299754008	7.257747706872517	
9.545337842988113	9.858646489581458	
16.196274155903108	7.171924335615985	
11.65723698486954	7.832999123342282	
10.555317376211065	8.091772267393221	
