4395.966549104815	4615.713212688639	
5508.563945878235	5135.824334043438	
4554.987294163095	3997.0150088941073	
5039.6345915439715	2806.0337489778335	
3564.9605703616753	2627.9663104936594	
4412.93552681549	3092.2038525290354	
3819.5164843295356	3664.379853212871	
4640.515065469052	3020.7465610939203	
4086.5373842093218	3663.1654988482637	
4398.141283618026	3277.7323263000326	
4096.29794101235	4168.511938843934	
4462.102431098168	3891.025465309137	
4549.888644262972	3376.6346342087177	
5193.290650553214	4025.889605416525	
3232.3307975388334	2403.373124082761	
3902.8904205746926	4376.5938137642215	
4407.722769062681	3880.470542416551	
4779.984512996022	3845.15868684951	
3829.4479762480278	2772.458288512089	
5064.885505160925	3174.8465376165013	
3555.2843320421025	937.5401587887785	
4235.6822024513185	3581.6207513257314	
4373.587630064263	4431.249886538331	
4827.012222245704	4326.531253030921	
3841.387954306834	3483.7963179812014	
3590.854047129265	2439.3107367293637	
4914.267159325404	3324.935027297098	
3991.0728715071414	3748.2855068077224	
5188.819669994649	3876.6516536409536	
3974.3317829546313	2861.299383448045	
4628.625175003528	3903.944885655458	
4614.78360783026	4118.953187886045	
4066.3682976380865	3461.9776030335515	
4132.308693267596	1032.0629696192286	
4610.700685381972	4006.438918326033	
4655.6804032946175	5178.094587451642	
4744.603527858727	4064.330253598209	
4156.464872736068	2735.1568667686747	
4540.965226058902	2024.760579937383	
4239.624665860713	3208.6312737284056	
4312.453882396492	2734.178843830124	
4000.655154329763	3298.858316264555	
5686.31510193665	6722.555081505241	
5682.577323708796	3823.2127733710886	
3909.094772610885	3119.5912055033273	
4060.7200797254454	3523.429187553074	
4351.628025806122	4351.448570819484	
3755.1813035237847	3073.7787864142356	
3888.8742307036805	4173.839142612856	
3990.7959089513424	2431.084746926771	
4852.19427187005	4427.623630727018	
4709.209871442865	3979.758804719828	
3779.315543997283	3312.261886847055	
4018.351725219914	3622.8074146745007	
4379.760943992487	4766.228560612686	
4096.0825108505	2846.1172895022587	
3742.000500845265	3536.447990044269	
3787.476161454185	3195.6602755402705	
4717.019074383337	3808.379831499853	
4291.694373403546	3515.9696859204028	
4182.378213677872	4556.42607095516	
4821.882112349532	3622.481432558051	
3491.7632373596603	2834.264862569739	
4058.5536559102998	3203.2127942459024	
5251.3843135132665	4360.829891114498	
4455.409889883394	3650.8039016951243	
3291.8252329049374	2711.9287194174153	
5288.009043544895	4588.328233250688	
5576.06067260307	5124.631253563082	
4801.378150498693	3528.5623715343627	
4469.670570610074	4198.830545906445	
3855.7576037269873	3238.1129146711464	
4828.261143620844	5094.984737012073	
4413.192998781808	3591.836770752966	
3929.3479782544196	3242.4496577006867	
4166.858285824048	3057.99942115829	
4693.869366947106	4096.869881009313	
4578.675383602454	4047.622705562444	
4295.967144002286	4027.752071069423	
4233.214457119118	5038.692789414061	
4230.063221678272	2871.91229192792	
4337.651814568182	3678.3896936156652	
4110.7463021712165	3339.0804348526253	
5089.844372076838	5072.223275927212	
3743.4871782725804	2973.407948942119	
4519.885078238565	3242.846372561236	
4822.310842800551	15423.968999666256	
3817.4583576748337	4021.0306656478074	
5213.025110328791	5257.605919841349	
5059.027783311833	4472.946293352071	
4451.011012533892	4216.366477949268	
4034.9213460091405	5134.93280491031	
3859.3867979342685	4605.495632057901	
5941.0784539335	5718.929358611209	
3985.3128816740714	4289.555219651814	
3963.146473234038	3503.5834507409827	
4402.648075625027	4359.5501448489385	
4524.731877845225	3047.619764724829	
4989.848454854755	4649.333608077626	
4492.243118124381	3386.4468993636137	
3976.5701380702167	3985.2310535779893	
3985.73439891918	3361.4994619977656	
4150.2206590987125	2790.8447450943095	
4752.936383302617	5391.228572105071	
4301.537439638403	3944.52504606579	
4164.894827263108	4142.142962049189	
4016.679917724994	3199.6748333792825	
3171.317761520123	2527.228795400818	
4560.743047566418	3993.0364576905536	
3876.983680247128	3867.777116406663	
4835.171841501989	4068.075832206006	
3749.6462130858786	3371.641268321262	
3846.641608435337	3564.4465860465443	
3833.1487586282824	3775.7030682659893	
3670.069666393026	3801.014352816308	
4132.974578043948	3823.151192520551	
4773.6057840283875	4089.671425423719	
4615.850793606994	3535.784253303704	
4900.7543980962355	3575.443486118694	
3895.803386260194	3572.28773330645	
4339.2589673394505	3532.316853057452	
4490.7647141150655	4178.714829778608	
5937.271711428204	5191.621670094258	
3841.2672935864884	3760.6337352117407	
4228.267863535366	3806.5933326103072	
3665.6023611805035	3206.252773211056	
5035.190483273868	2773.487779352682	
4485.3000545763625	4526.93719262786	
4995.814391077284	6455.951364240292	
4847.239954955786	4621.799614976794	
3972.6329444562843	3876.3760306724716	
4126.066780750201	3659.3981966632086	
4907.41062472593	4782.767916909992	
4431.832386401166	976.7361249244816	
4619.575215507523	4585.210616602913	
5066.445861051356	4891.488846812228	
4494.114038800203	4621.427525228535	
4423.496798866764	3126.308864297265	
4863.11168470292	5688.151531364743	
4888.2114007500995	1420.786039567197	
5346.688936353819	3788.903329873941	
4182.749251699876	2603.263270727087	
3993.4453841488917	3797.3511396061836	
4637.956386701611	3671.6992590563923	
4637.495241907598	3000.9315311417427	
4714.639572860434	4402.774034762525	
4197.6399130737545	3263.389495394422	
4034.1760875313257	3616.101867478909	
4033.8137883847767	2589.9228437321894	
4971.274781828822	2922.168238450143	
5614.520473429996	5637.326687838311	
4294.3686324046175	4924.260881891608	
3410.845795562237	3750.4438479625283	
4428.147963671143	4582.600562668188	
3607.4223973471653	3739.698238452308	
4296.413639972818	2567.6079358777693	
4299.828395435768	3877.852244394422	
4751.09483483515	4184.583839814176	
4168.271481078522	4533.1620627461425	
4658.747500680759	5474.928840051401	
3696.3752482245823	2931.0763308923038	
4711.2274935005025	5351.7370732474055	
4331.149478218694	4086.94078269705	
3246.5506229090333	2610.86989424243	
4874.743163486749	4586.405128610828	
4717.633977138393	4070.0057591888935	
3943.909969541141	4198.025055453588	
3111.873715895606	2852.6946674176324	
4445.604311355736	4698.167330135646	
4713.395554113037	5328.437398837687	
4210.683403591701	524.8622515958791	
4132.523411683472	3990.6928260762484	
4835.180859276298	4355.313421655714	
4864.24237839455	4762.59865490242	
5367.382779605743	4335.667559082709	
3971.2799336657304	3485.844381883255	
4119.929427912522	3666.204198043915	
3695.940683060761	3491.9595529271974	
4194.351640268386	3978.808399139177	
4783.167932426253	4512.646144423631	
4458.3546510650995	2395.2305623173734	
3576.4208992298804	2639.6251643387777	
4906.216035228151	5425.472598596675	
4359.260866958115	7537.862747517955	
4670.118037171707	5267.651753435743	
5510.431112304197	5620.26930835979	
4279.852260303483	2489.170986487381	
4415.705252275409	5115.486389330779	
4451.182766135369	4085.9193063764587	
4805.816818106434	3893.873594281513	
5202.688492913711	5900.453050131275	
4756.55163375048	3764.980769017019	
3638.783636459483	3975.3517681949947	
4520.850978751128	3365.384790032174	
4439.98914953552	3971.606012150501	
4499.043314866507	3629.256225388056	
4933.034341812596	4893.931581558711	
4608.411215068858	4694.344469728368	
5990.712918013927	10126.525527287426	
6817.531073388261	4065.587463275153	
4408.097995086569	4697.194831428192	
4704.845095281495	3814.327527878963	
4450.3563832979535	3813.447351381781	
4436.656141854849	17392.65179243265	
4317.039639768218	4005.067340522663	
3956.458204821403	3637.154581640065	
4708.75872686973	4617.381680430562	
4312.139191426531	2947.0386220194814	
4322.1799234377895	4080.7145105831023	
4518.289589393435	3501.8781199648643	
3793.9103060253738	3100.131417702742	
4985.892179308954	3141.2970965174504	
4554.898937768937	4570.196368963003	
6286.460777614718	4487.787510482659	
4226.813085690236	4789.4239647098775	
3555.6382254389987	2323.7584177342774	
3847.159115094979	3856.7459585950774	
3683.041704133494	2944.9782241901166	
3844.6917287301117	3927.1956051363068	
3522.2011009827966	3871.8160086357816	
4149.123598282972	2416.152323789761	
3726.0720829947672	3892.8564108385735	
3959.1174816863245	3516.773082576698	
3477.6493721909396	2157.3963556482076	
3704.9976691158017	2501.084238790391	
3974.6623533784154	3575.479873266864	
5906.040495775741	5244.07690975294	
4166.432227856824	3231.117869182003	
4273.885007112172	3670.8330345988707	
4252.717253965776	2819.539614717215	
3521.919897003236	3615.085307383418	
4280.924083050388	3908.124690460609	
3825.9880951063833	3430.7586424121055	
3771.274363641343	3470.835521891841	
4385.376509816709	3327.0393368097707	
3945.8186383263865	3941.3550681431366	
3724.9138537870003	2929.4778623303896	
4916.7290629629115	5273.072327862702	
4833.130970436176	3656.521996483263	
4742.696585190513	4930.5087664850635	
5199.307842017108	5887.13139543411	
4399.23216431504	4837.736683055571	
5127.1503440883525	4678.6611359948365	
4345.670693895886	5326.551449590112	
4576.107485436338	2973.4681858677263	
3366.8641302407073	2813.0277484941234	
3767.7380570402947	3443.836687803069	
4452.853917035213	3334.574325532236	
4670.242237614449	4361.772346060867	
4239.035727689958	4399.578425053379	
4063.2858806455683	3766.9464275786954	
3890.4069047115786	2750.821388634635	
4949.246065815161	3664.9290544534174	
4907.604123084963	4670.300109227244	
4686.009009381548	4829.925470064235	
4613.876882945513	3781.536399861804	
4956.102592731407	6798.066403045597	
5938.287025415107	5622.400765951519	
4838.9637952703	6425.419719543812	
4063.696230920716	3998.543254198289	
4287.252707056589	3227.981727606569	
3202.163004975574	2646.2696293592257	
4325.863322393613	3854.1567937087084	
4353.024265539268	3272.123084855385	
4595.501085914454	4240.0099664324425	
3945.7585213664083	3129.8170121481294	
4113.227175037649	2945.6199741350665	
3840.3654550138353	1620.8016387477514	
4168.891758279193	3352.7772189742905	
5919.121086501365	14971.063267162457	
4470.4088069778045	5776.475660963594	
4976.597178832417	4798.068650191152	
3820.249547315768	4180.855054992668	
4271.044257830686	4391.111286026052	
4279.938241609642	3400.456986840728	
4291.677975033229	4159.521944531099	
3755.6817981694835	2722.954948852205	
5354.850451386635	5107.744104258424	
5181.9678581152775	5306.5053295632115	
4629.585967347663	5665.393603839772	
4497.823609784911	4669.312745859362	
4515.293192834965	3842.888882081063	
4764.105377211235	3451.3730662216144	
3953.2539193264115	3246.4179356798595	
4856.228265472595	4837.371735545905	
4723.565593648848	3925.006001006094	
5356.699974908514	4879.464704326503	
4074.203946948869	4261.232655955292	
4446.885012618839	3505.394788763019	
3998.681728359606	2982.241322393827	
4175.277050242449	4086.7902194597245	
4556.63213327809	3468.0140800980407	
3631.372118004262	3713.2920437931375	
5663.406780341116	8165.612623139673	
3433.0785272324865	3006.397880320554	
4485.705144140708	3721.914522055938	
4515.180709874464	4164.613526240975	
4399.366632090277	4103.0722825078265	
4718.150416500838	4482.830421282038	
2759.9035447970773	2366.383487476485	
4208.09058389654	3680.388256499992	
3897.417854923387	2816.3453143262095	
3323.1691453896583	3383.423421290268	
4953.129533211509	4366.5445415394215	
8538.288815774438	5102.895015052712	
3600.3803289868265	2873.111742949755	
4715.655439326246	4239.455988541061	
4923.342066813806	4348.944132538458	
4566.666482251549	4702.071083518734	
4115.870889007581	5228.039843553077	
4506.357246192145	3291.223289217039	
4022.935930077974	4085.6944787536418	
4253.204825170361	3326.235737374644	
3179.98198859846	3102.141685022618	
4046.5375833403727	3551.743832813856	
4452.913650097076	2075.4518657392255	
4599.690391544391	2737.976182594655	
4942.287091558349	2316.6082191799715	
4047.0499145792282	4103.538845083297	
3237.7953705158034	3134.0149208672833	
4200.507704065544	3105.9600830691256	
3628.8885409771465	4510.723926671757	
4137.114137871861	3791.750196522997	
4731.9973836767485	3337.6037028807764	
3610.671764579843	3140.56681190698	
3986.2849540850784	3531.126359890104	
3925.1204250193828	3262.2859252583735	
4695.707675238866	4538.005087121108	
4437.925024247758	3684.5176551795107	
5026.069585020997	4821.0428725360725	
5191.430536765235	4496.584345318537	
4299.577758902873	5012.678563714163	
4851.200812235747	5641.573740152517	
4812.991717466261	4948.1255398914445	
4806.776492889237	2676.61139575881	
4643.54169925671	4036.687595321033	
6722.08786824078	6384.888732741682	
4291.784511761886	4369.983305616902	
4252.822589433015	4095.2111487200777	
4989.1734415586525	6008.856014755754	
7185.040625821348	5495.621129036032	
4491.449490994333	4474.320404120973	
3560.608497837875	2939.981945135967	
4764.711636564709	3781.042907698538	
4013.341781818802	3688.838363179681	
3977.508891005795	3660.9773224036508	
4924.754081842449	2115.995284538673	
3886.414432031739	2875.054206236585	
4618.338593718955	1288.9407619799247	
4155.194975833851	3523.6630614963237	
4593.478057023955	2412.633831450004	
4955.465463521509	3575.446674359073	
5847.522172803985	6268.244793193747	
4342.778313187839	4770.785007768538	
4355.607254873575	3143.7676169998585	
4741.2144685261555	4146.719833615214	
4639.856950056393	3306.8119196393905	
5313.21768483722	5699.937450132176	
4532.104027121878	2599.476129648224	
4034.798008686152	3740.8552640107323	
5558.350257921635	3281.3274225203854	
4454.528377626757	3539.195818790121	
4627.094561376556	3166.4483746756528	
4363.895940195057	3638.1371527688766	
4823.115054843331	3428.3690907602113	
3936.515070014329	3945.702438917648	
3540.3942242299036	2306.5739330765255	
4344.412783857438	4090.243550510086	
4540.663121605221	3097.2572505744656	
5115.760030546397	4453.023715759968	
4499.93846817338	2753.5251286822368	
4032.3533055479375	4001.718921261649	
4862.694272052972	4213.260461655371	
4137.176901021055	3626.6084295834303	
5035.833931124041	4450.056745723891	
5011.733757880276	3892.3269060317707	
4885.646094114903	3375.8776259333085	
4787.588075732589	4752.271627366319	
3884.049871049874	2500.087701843236	
4888.036381512935	4947.560143567274	
3946.696102270675	3090.4035175127365	
5080.510528529453	10292.96616615394	
4373.821780571672	3472.705913790533	
5105.968754534159	5284.742767500358	
3924.159955759085	3854.0728561108804	
5120.537817706583	5404.572537916454	
5005.412805914657	4530.032089872244	
4776.250925595709	3712.189844869082	
5045.371772609143	4273.982289527356	
5325.433717750701	4593.58547218178	
3808.982498078538	3216.052909144621	
3647.8132589895545	2833.8229707422147	
4625.7349084081025	4474.572949339471	
4248.378814144823	3863.802759293943	
4593.135016205803	5171.872895769377	
4756.146256641984	3282.341216823361	
4286.251582037982	3968.7475444496968	
3718.732842683155	6849.2578748624455	
4330.720778839755	3443.20546353152	
4219.927455371555	4159.794795851669	
5232.695283204415	3189.139755133291	
3137.200430213195	2873.344002047396	
6479.014952973852	7015.084450130932	
4755.644130167717	4000.1979251788257	
4161.795746667448	5154.474829790241	
4625.046796420692	4121.1932546962325	
4527.645935684911	4206.850312222452	
3634.467396376981	3099.2660597934723	
4675.4417382543825	4284.999495312179	
5520.58536469338	5621.034331425685	
5407.9540666134635	5652.365664093515	
4110.593138222909	3953.9188507766385	
4261.5409398837255	4080.841985573145	
3994.453497835101	3339.8083597756854	
3847.761654894029	3721.06039800976	
4895.078205096637	1602.2013019624267	
5685.723796239205	5447.47794147246	
4515.524802613538	4833.316936221446	
3862.2441619040496	3357.166853096343	
4389.437650334771	3316.376757172374	
3236.8042967511137	2325.107814634238	
4852.693224328484	3009.0383780038082	
3783.4889161181736	3416.2546384925236	
4198.102781166412	4017.674047150183	
4078.510887343094	3610.6845466118816	
4829.394724007008	4876.0939149327705	
5276.858110541755	5125.470627128393	
4114.433084347644	3201.13869228531	
3556.395140754077	2675.3269976322113	
4095.7460881347024	3816.4800666871265	
4212.789905252412	2361.6029772439033	
3916.78242406012	4008.8026216516932	
3323.134604256541	2353.4816356955444	
4134.309935832421	4545.853331185931	
4889.690922493738	4747.003519351509	
4392.795411689621	5998.420506522372	
4528.98937970176	4115.377271558881	
4215.955075539168	3520.510748659705	
4193.963990280549	3297.13243186556	
3280.720108348573	2550.714570802786	
5004.44430431278	5245.5370426041345	
3837.201643721636	3143.232554218853	
4066.53084390595	4277.870091833878	
4055.648872790995	2868.8030408695927	
5027.512483116469	3266.4169696756776	
3808.0798030622586	3616.057234347994	
4659.842699370584	4397.928556634763	
3906.076682109514	4148.14894201654	
3809.85703449913	2312.1634073133837	
4696.09954653815	3718.7533986050453	
5206.423832670047	3417.5505938306746	
4335.248068124847	2391.0570933282165	
3725.5249861843313	2834.09361125984	
4411.352927337211	3545.1637914748662	
4957.388255409752	4554.538526251543	
4440.06309322072	5057.409260206028	
4496.347871264378	4088.240912095796	
5818.929543988252	5845.953481974664	
4288.373953547314	3429.381524198431	
5659.655593816452	4815.2596856111	
4429.981306807593	4571.676882333744	
4127.76451575051	3577.8808060253286	
4117.47001107968	3891.6201800706453	
4297.128815299372	3936.812826008922	
3752.0742155400235	4099.086760781899	
4330.472687206595	4668.561130321322	
4029.851216020704	3557.266037747594	
4638.573861405536	3398.7615600172276	
3713.590574840953	4064.504267356923	
4546.849323356507	3368.8733755929816	
3833.1552771454985	3917.0208033690205	
4816.2329019754325	3874.6522457487176	
4244.042106803894	4496.625841436978	
3785.672594307339	3876.4962521409207	
4074.656379118762	2716.0292896610167	
4756.418323460731	3829.0693808887454	
5723.373834473775	5002.898656528197	
4217.687347604868	3561.6333336084326	
4293.677931890164	2814.3108351299074	
4671.796351111336	4123.446923014231	
4197.834087780018	3359.015763698678	
4008.705374016013	3984.1668979436017	
5310.878161664691	4565.5840120895355	
4804.810040739829	4982.146035651053	
4568.517295400733	3582.617278162562	
5424.051736155717	5872.215504634629	
4043.736323004778	4337.465150278081	
4368.4853067491995	4901.703168385048	
4093.9245505058116	4732.782017573591	
3273.5830093523564	2940.9674335809696	
4222.522601219675	3822.4797471528836	
4621.476687913293	3885.8247905549174	
4056.4102556546904	4861.033786353236	
4267.933334793095	4000.2232031975727	
3619.092457430983	3708.6674368454082	
4491.067184966337	1778.630501440648	
2791.5843831719353	2284.410398035367	
4750.975929459	4044.855130293837	
4395.910713667241	3319.148961604859	
4228.105753221336	3982.6180001264747	
5197.068134327633	3371.7474267183297	
4619.257337410513	2870.405872276634	
5312.463865055482	5613.990224561698	
4255.235135494372	3281.8687268524245	
4004.303605409627	3476.949758091995	
3239.095426019913	2896.8199011200527	
3863.0759239656772	3502.791372823868	
4518.498782411298	2942.636946556452	
3776.1204498424568	3517.2447179813853	
4491.27764469038	3812.1964953985644	
4637.588107476013	4194.810359827081	
4418.068305163798	4314.135524009135	
4479.486142677722	4205.858810139541	
4922.871679857587	6474.172467536667	
4226.946913304678	3639.9699275387466	
3936.3447816922194	3019.3679167859596	
4316.212581493475	3171.637150166039	
4341.307583454926	3338.096281858293	
4248.823034539612	3875.9297537715524	
4177.545363672067	2275.4717830806953	
3592.3365917541887	3276.031582210745	
4550.664113745604	4522.669598759685	
4712.855495022624	4234.877354762288	
4406.328182459757	6920.8632501872235	
3623.446655598356	3740.159903144235	
4637.728818129123	3553.0119035174357	
3935.357024633555	3382.8951736514337	
4644.382079129858	4539.88120094992	
4356.713143815158	4432.809729692461	
4633.919274599943	3990.9763157199877	
4865.579682849203	4505.828861135814	
5210.761459276749	3597.828857560086	
3947.393941119775	3629.2139630848174	
4387.137501329883	6090.616538787059	
4059.241439828435	3860.792234325912	
4365.639684394297	3580.077945807066	
3882.600194544635	3523.067387527253	
3693.996583334269	4129.870111411811	
3744.4708830684144	3397.018889015623	
4397.007387952052	2804.6109321806075	
4874.843835196732	5571.018411601147	
4805.226500638527	3981.6407553206263	
4824.60550265089	4710.817345805068	
5090.1100952269635	3900.188665077182	
5070.459932505186	3763.9370374308337	
4312.630290632222	6347.076272493902	
4374.090382269933	5360.478403167527	
4495.671534460838	3537.0392792630323	
4301.883856659658	4416.110502374891	
3882.6417777683187	3010.4585457144726	
4202.268228055837	4220.813909204612	
3836.9683829052165	2769.0989765711015	
3799.6234462732996	4035.4053901502734	
4174.672567912304	3873.060438361391	
4344.578782426682	5876.951051485371	
3675.3479707294878	3135.958665835215	
4011.8840848098816	3124.4006033189444	
4276.038571431625	4786.72452561115	
3804.811795990648	2672.1233564472695	
4393.5098890169775	3441.9803680896584	
4170.8468849167775	2198.8620024135744	
4113.571138311319	3989.18791748799	
4456.25284972595	6442.317372488471	
4442.20092105227	5324.638041943738	
3559.534366534055	3756.478095426694	
4170.391757902498	3395.5159079651175	
4755.281186733028	4270.423241998631	
5397.0044674784895	3979.2094393518496	
4260.20119891248	5038.891215294367	
3856.706671277276	4224.548179006044	
5092.539985482637	3941.7550248651783	
3810.741740050269	2513.4085059614245	
4303.161619750618	3552.8091993289922	
4369.751972891521	3636.702646186001	
4547.0029869777845	3683.7803337941277	
4545.324134256404	3171.796526651385	
3451.2534168341326	3083.815006487448	
4042.6692048722166	3847.3089063150624	
5068.560147570942	4305.863596110916	
4449.779266893055	3808.2063088627588	
4157.001018432623	2910.946472277476	
4273.51232351405	2413.7299109946416	
3806.0610937735937	4063.0474516024224	
4688.076069292174	3501.4243590220567	
3734.4350845655104	2570.495829768812	
4718.883034394009	3766.3064753356234	
3909.0182112639377	4114.996098179483	
4336.990612872129	3933.8325475313977	
4957.855697909646	5215.347886406826	
5132.82108134442	5111.571628360744	
4865.2222792144485	4255.249258942849	
3744.3364212241427	3338.300024930541	
3209.0948127349743	2585.833204538787	
4225.099440076229	3244.5014374583607	
4952.110334864855	4801.135221299582	
4592.981530322387	4904.6057041610775	
3528.394420282867	3306.66252428515	
4456.454344081381	4372.160462877865	
4146.730174452174	4048.2321828380896	
5014.9828327686755	4197.600337266415	
5086.19432521149	5027.4545874746655	
4278.172246763239	4898.918785241101	
3907.30898115851	5431.16645950322	
5031.024781483126	3879.416399704623	
4406.978289341185	5544.773832764846	
5519.201588310977	6509.499540786838	
4406.425941234823	4003.98998669034	
4357.653937726547	4898.370695986553	
3989.5643696415364	3613.533980739372	
3610.289188111095	3022.9035819165792	
4498.355108879694	3342.303163301034	
4481.516721203259	4071.0741078092638	
4254.957909020094	2992.0080057974124	
3808.6568056751344	3611.468532786718	
3860.278290491367	3748.4934590276475	
4188.042364357966	3562.788942198937	
4273.012382653823	4102.3548801651705	
4127.944876366401	4618.294325190508	
4696.971597287274	4095.8826010792486	
5160.341775199376	3707.4084038727383	
4026.799716521405	4233.885605961892	
5093.618761781563	5173.199932097141	
4615.244849594098	4293.495767321634	
4887.025156268845	4752.486387024694	
4514.4700220727855	3259.4398574435672	
4308.338058327169	4476.585372747458	
4294.829196674045	1196.8483751674612	
5305.125125796537	3705.6356699443168	
4686.703726759093	4308.554295738199	
4110.939423360055	4359.197879473772	
4738.639912033448	6862.624781153799	
4708.275261787042	4062.416897558331	
4381.72335135949	3623.359731537825	
4808.687234785455	5158.573058610104	
4595.259458351127	3403.70966815667	
4402.253311441819	3138.199148447253	
3344.69218906848	2858.8462966459288	
4054.6219840889553	3653.410838093154	
4861.865798191843	4768.387048163171	
4303.235130084541	2360.5322054943836	
3159.6160822063825	2581.4925412787193	
4649.857997548414	5297.949039217243	
4163.799260541251	3725.2078150167436	
4315.067075685027	4178.941079746955	
4897.90459213095	3518.266841796956	
5347.829666062651	4536.680678290601	
4609.954028347768	3486.421456950462	
4919.72829976723	3664.2818392650943	
4288.038414970662	2884.3850468640962	
5205.272426182251	4644.173401323926	
3985.2189852393158	2909.42116670284	
5528.314369209303	4480.009800994009	
3720.458820849983	3675.2993097181607	
4416.692374406979	5256.287035912661	
3928.540730612215	4380.912611901273	
4730.376866016601	4330.599325443729	
3709.979005537773	2651.715549872551	
3905.40894539765	4907.243298675349	
4223.616283193781	2510.980851996118	
3837.3399120487406	3306.917958761298	
4182.529402850069	3836.920268961972	
7991.237619896921	5874.274731535206	
4068.830924106066	4111.985744618449	
5243.453743624746	3704.697260854206	
4310.433448451558	4246.497871504698	
3633.9802414821374	2645.8110101085263	
2803.1403369001923	2603.517402689835	
5223.14457628724	3981.6382653696155	
4813.915620187047	9214.692941015464	
4444.508620009688	4103.787920661596	
5210.31707477017	4293.920312085734	
4266.458503066177	3819.7768949121746	
4555.6618932507035	5217.964819575303	
4816.909721016819	4945.780962596383	
3985.0092821689054	2764.667211529452	
4982.690564147873	4912.3332576437015	
3888.0205415583287	3696.502840249643	
4375.537716155634	3747.007316358841	
3917.359094482526	2944.0074288536275	
4736.870504595013	4587.654644813377	
4119.843365420573	2976.19935886459	
4406.228316206502	3758.3642634035186	
4637.385552095232	4040.2697968254324	
3719.7763619385296	3238.570821567712	
3137.9271734790655	2693.7121473301395	
5249.808165349997	2766.6012005258717	
4144.876756405042	5366.610852206937	
4416.493408446353	3561.8852382684686	
4275.797514887898	3810.077878254244	
4199.148097890448	4383.678057812174	
5706.475202262274	5090.414549205297	
3866.909167430975	3336.018583535172	
4188.747870394771	3839.0906580137175	
4520.977984912284	3862.0474930433825	
5030.650912578229	3498.5920369411047	
3191.4058600081266	1904.1032837039845	
4221.765828365771	3849.547130890423	
4618.1275324598355	4134.045630020414	
5529.552355468763	4390.250268436224	
3808.4895027442694	3318.3010950330768	
5019.859067310428	4762.359217062301	
4564.737482421413	3979.0601277574456	
4670.6412532203485	3819.9490368589454	
4901.492562215281	4537.003564049587	
4308.8376629739305	4586.070173597725	
4643.119817913179	5397.56473216432	
5281.579497123553	4236.028290455079	
4568.624283953528	4368.466045207791	
3808.5000564435627	5172.346450388154	
5081.857255812974	3350.322297226528	
4315.6835350930905	3154.299525202529	
4657.360453130738	3566.7777533238514	
5502.24634904977	3702.952959852434	
4385.2249631929935	2930.863846225704	
4219.807804008519	3363.3498992687046	
5732.895978538745	3929.8925844062783	
4959.7842321992175	4036.1501447959495	
5071.228093462185	4174.563288858195	
4660.675722217449	5280.05150493956	
4431.091225416384	6080.039324385961	
5177.930598245224	6138.836427642974	
4110.252013804129	2938.5944811443655	
5072.250143801628	4219.863531679297	
5119.9255267820545	3054.375755010203	
5180.607434394243	4026.92878206879	
23959.917325478345	9607.18604244696	
6990.719409878583	7943.236119145264	
5597.16222438306	4546.1468402139935	
4910.415533178864	5037.4345252452995	
4863.973685122818	3340.027875895962	
4302.612273243107	3273.572953301162	
4524.022141651307	4334.645908215708	
3642.979470493551	3599.622994826017	
4442.27429936611	3844.739352580763	
5184.940386720488	6049.614528383157	
4558.215663080387	2815.8533599706207	
5185.880985001489	3518.4569698458763	
4842.767189758158	2742.8768536235657	
3901.044525054586	3696.244332313883	
4641.835253028337	3417.7481197679353	
3991.0536062614688	3453.6496180359154	
4827.4219730740715	4248.1221141483975	
2863.4399177213713	2434.6649180501922	
3821.3793595402526	3755.052184756429	
3961.9758456516715	2673.998528847995	
4785.179583359714	4777.936747497891	
3697.5266318919903	3466.178031683921	
4238.190469553755	2715.3113885993735	
4875.710537815608	4894.5893377031625	
5234.851632788761	4339.889359416119	
4174.563859109299	2374.364999951388	
4774.628475990046	4223.3118798931955	
3998.690204734996	3263.3854400763908	
5538.9547143197415	4767.597179090274	
4515.972780902182	4122.169788482656	
4198.793783844973	3918.602036557014	
4637.862953911559	3126.558489482177	
3748.4191372122295	3171.494569137617	
4899.02660050664	4381.963038479734	
4490.900468381129	3978.134992798268	
4593.053826334314	4661.900664343988	
4315.9043612186215	2902.817147868527	
4722.530071512492	3050.775506779872	
3913.8815527827624	3446.0523494277663	
4045.7087564531266	4370.980255162134	
4511.040287437623	3651.5563645217494	
4130.119760107809	4131.496367761698	
4668.282689607897	5024.466429097249	
3884.8850354833294	3113.261292876768	
4160.145282533047	4591.629845626269	
3837.4682424903585	3752.105305953757	
4275.203094918165	3493.1076620980166	
4691.678206877009	3999.1773593439075	
4159.268334548661	3469.8925214212154	
3934.887720356927	3828.5217280765496	
3764.8853375874987	3192.8412369243924	
4626.936501930356	3530.3365229725687	
4023.920326727339	3167.0200133952585	
4833.710287814262	4255.435099484358	
4062.151026007231	3380.3503979949155	
4108.42796950441	2764.8952404900733	
3304.0998768985864	2783.8980562144106	
3662.391861912517	6326.32568895998	
4817.054085966783	4439.6392137410185	
4389.630008636002	2795.808556060642	
4797.98239417973	4529.6394575348295	
3223.2821568269155	2242.451276405483	
4653.507947170041	5226.180235922854	
5154.1549969095895	4774.25074163981	
3923.2815089454834	3272.016219773562	
3875.0728611410527	2667.520232070099	
4228.20115484946	3579.0170427053845	
4287.561268315625	5792.667131815236	
4058.9394335526745	3163.4878641978717	
3781.1076443281336	2772.1693262373756	
3969.0142845983123	4391.487488842682	
4570.529007624796	5218.291689268257	
5041.297266727558	4353.264633933027	
4946.004469982472	6278.702693645574	
4703.872624382241	5453.1777357620595	
4113.964107837974	4643.121511713095	
5108.207009584348	5492.53561935255	
3499.1519486812176	2895.9515897243887	
3781.604524858968	3827.998603186671	
4782.564896438747	3536.0490145529284	
3956.991823551394	3195.0170878475365	
4269.546017821346	2052.7099246911716	
4512.634810455819	4218.075658264401	
4430.238581165439	2236.111957579841	
4295.947855129646	4290.147125540188	
3572.46002583366	1916.1551601778867	
3714.9933197840082	3360.0228955982684	
4886.6836048690275	4878.182063096395	
5707.781120543166	5521.672562738601	
4523.187646079262	1573.371937762773	
3908.182043276837	3629.799035978279	
4169.193606056768	2685.7490799317025	
5614.70581563976	3546.1683880874557	
3975.63831298689	4752.504812729306	
4574.008624181946	3471.548216392789	
4539.987457600614	3086.735178250426	
6486.909751606964	8692.063753292705	
3856.2163854043843	3497.312367154031	
4957.930818953504	4420.007578156007	
4747.464094873467	1606.572780469599	
4743.241960644074	3295.566112604717	
3929.8713874057953	3076.748704529515	
5754.897759876669	6453.507149764988	
4292.256702082387	2980.93864821601	
4872.823757575953	4114.436423613547	
5482.763581698626	7414.633888321037	
3669.0544797202933	2889.465368477523	
3409.7653817187484	2845.482713696314	
2990.372767321823	2127.002461827536	
3545.3508851859997	2956.102138119454	
3765.815126030686	3541.055104178979	
5550.478449195246	4839.51030351388	
4885.86383383029	3423.6071688279035	
4386.700378348203	3506.4109787913467	
4874.978220330735	3063.2441706425993	
4458.641909939136	4509.039008799922	
4733.41955397151	3866.292327191854	
4840.025135444763	3508.3110664572123	
4414.646952926194	3001.186237638027	
4305.4002824849795	3276.3419070857344	
3755.636540954469	2990.1562505726592	
4896.816270862093	3989.7984977360393	
5302.755570680792	5085.96012430766	
3476.914466405838	4525.171987199754	
4779.611921985561	4301.202537115672	
4270.148059936477	4776.8412599851	
3942.5361358318164	3701.915190087808	
4082.443880873903	3723.6466424493283	
4131.891159391488	3165.7413465167233	
4671.606547616928	4930.5024634027195	
4413.465408007054	3226.3057988804067	
4099.748176904497	2836.2259861801763	
4944.478881176012	4018.3863696377107	
4897.4088352153885	9150.90033105803	
4127.7517438629075	3594.6128940153776	
4247.635327166916	3650.0886308912422	
3948.3939961976675	4079.1155839917196	
5258.071902375593	4073.9333579478916	
5031.469622666184	4514.30922052258	
4064.4624533903766	2435.293910534384	
4471.86163269203	3039.326611310442	
4842.041247416941	4363.733032494346	
4092.089449664273	3838.3065624699557	
3607.1531889889716	3266.4824805053904	
4307.2024143373255	4060.297048082242	
4363.560589033774	3488.6422650408595	
6905.221757847842	6694.961085448192	
3858.3459649682372	2334.1998537042373	
3889.266830185945	3453.824525600432	
3863.9086952105126	3441.8861045347526	
4683.287451071849	4588.432768605846	
5522.701442109719	5745.341330288133	
4705.083003038519	2814.123262234643	
4655.842373372593	4075.962766668958	
4223.849809641478	3393.203152021411	
4011.4418139221307	2598.0189106247703	
5284.980602880646	6507.36323649241	
3432.375334530104	3238.6671760491076	
5397.966395658584	5512.474137885822	
4456.971097544476	4182.677916130908	
4703.881854218628	4614.785100327161	
4401.741159276408	3141.534606925432	
4057.9827902299544	3397.8507697240098	
3838.653409217698	3614.769100794561	
4127.4132255834475	4208.033110922928	
4630.376897673436	3761.490945913552	
3813.902378535703	3268.855319481486	
4548.792208666069	4038.7534881086654	
4278.908409240172	2103.8998694423403	
5493.07169417476	6942.202126933226	
4039.127643530645	3028.95461891424	
4217.040968923121	4244.700229947556	
4696.890185435701	3762.7445476076555	
4899.528552055812	3927.289866622494	
4411.334462251855	7395.329208673734	
4131.609487388287	2909.279478620253	
5148.795737260605	4540.324181118339	
4542.462523091154	3055.2754233349046	
4633.309824053914	5270.602238535937	
3156.3336205798573	2596.397599498066	
3733.648522213407	2823.593361631033	
4128.765306018043	4247.539967205274	
4217.638258172329	3983.369513034672	
4019.6642771517363	4165.773692884272	
4132.360988660047	3108.950271911606	
4391.385376579217	4997.361524459465	
3856.529727286677	3713.3350765933305	
4538.957290787321	5501.334321470211	
3940.797326894757	3330.824938369826	
3699.6634691373465	2991.867509614092	
5201.033199557634	2624.053017300053	
4613.347574407202	3920.2296153767393	
4563.568495583549	4115.1735926238935	
4341.803646350121	4070.0180558871307	
3839.75842706383	3069.797861496545	
3984.4823949890524	2740.709445940772	
4236.241114712294	3422.136926516248	
3946.217842404243	3295.6840981346895	
4078.985795019914	3528.951048295435	
5166.701851725676	3805.223018911188	
3890.629421584687	3261.015709887478	
3736.0227934048044	3503.2013786924067	
3477.3621750267544	3482.109277938503	
4171.649941302804	4164.384983149462	
4156.638747151488	2395.6786793727456	
4851.933287830763	4760.949501054185	
4879.094855757176	3649.1395950631318	
4718.038499287056	3086.734696679419	
4875.989465285308	7114.623813875366	
4658.304009043932	4549.702577231423	
4264.926381751755	12267.538969113843	
4928.866125530069	4780.889755848297	
4653.873767201637	4427.670403622982	
4489.485951590573	3593.359455209653	
4462.5171265617	4073.008705878076	
5534.496370183793	19494.528913180395	
4660.290729246582	3369.711617826346	
4246.783394808757	4095.745007560855	
3378.960544528693	2996.9806380154514	
3181.299930164953	2620.484529593287	
3923.9043565842535	3702.4033697239806	
4188.866714858971	4422.164454819795	
4006.226419800422	2842.3642434240746	
3723.6937171485306	3380.0432047577765	
3667.6547766875683	3520.992831740004	
6052.3890101367815	5373.189151121805	
