2027.0238559783413	1392.1387832488508	
1901.3086267019403	1778.0451251945165	
2018.4211551924373	1078.7534273453819	
2374.1383031778005	2098.259128786198	
3409.403123516124	2324.9532983903614	
4178.951637221847	4142.70252689024	
5695.98973480047	7804.284368625064	
3315.5689582697487	2566.9384785644625	
2998.5351159908623	1937.7328350797604	
3115.6950950098308	3083.411510667242	
3575.856449789827	1892.5367054305284	
2165.495955758689	1004.1041802700154	
4225.07888116818	3397.4096344318737	
2674.495880538207	2337.217782405734	
2941.752587114571	2884.086086193525	
2744.989888907843	2669.8140839121224	
3251.127468148513	3648.4888829298193	
3654.8924202728904	2456.059755688489	
3418.015904435343	1694.3738832470237	
5859.327976174602	3819.5053358019018	
2307.6977082190383	1727.5925634617763	
2996.3139907096593	2416.0127624238507	
2341.808216612652	1847.607910913987	
6120.787222168154	8321.473597615084	
3151.2483596590077	2840.987662645998	
3083.454386071473	3113.380826113136	
1908.1586881068695	1792.1127453660395	
2571.2569980042144	1647.0107500003253	
5295.281323081274	5569.199445542084	
3343.0486750109635	2755.0790070631565	
2881.555550027285	1566.0980443130875	
3992.6874743846083	3523.117065544539	
2326.2453521063344	1799.8827190699835	
3205.1246577423035	3676.569977739645	
5616.63120950398	6657.412610533995	
3024.9544092819574	2967.2328053969927	
4093.979015237016	3861.553328454565	
5826.840172809236	2939.218365287998	
2170.3635075425186	2096.9879591356157	
3550.798022347342	2433.217297421568	
4444.662515468509	2926.409575733955	
2700.6770227255615	2356.6130114564726	
3359.945813974397	3309.011662693463	
2706.008933321273	3113.9074848537025	
2699.973044916541	1567.149565724579	
2163.163263728666	2251.0135720955027	
4394.395726566673	3437.2941804401294	
2856.2807018898634	2563.2228005928846	
3154.4812713915962	2810.0141155781353	
2541.371541801651	1601.2072602199758	
3102.799339139077	2700.3957670173827	
2710.601457215566	2534.181840233988	
2166.9327007272714	1804.266277082277	
2132.640865562317	2551.6099545490492	
2628.1376126985347	2382.748033127852	
3196.4517351737086	1749.5103452616536	
2342.416227755016	1985.2502390808916	
3162.640172488636	3901.239087531656	
2273.6478275397553	1697.8226397671717	
2134.1812122573447	1905.335170635113	
4219.167217317585	2431.8506980607413	
2261.1431951736404	1305.8079430755151	
2139.2998265733395	1817.4879573951507	
4025.935316895489	2604.8037522244313	
3654.4876414621076	1856.0286657169147	
2726.916500927572	2257.9305989120876	
2637.2653689478157	2294.6133310995087	
2828.7010624297213	2261.8846485496097	
3311.493802353817	2835.6223444271855	
2361.6264085836647	1961.6983078258777	
2397.4966670610083	2025.1389199208409	
3404.2146403552997	2798.695595770128	
2300.016953582539	2178.8814666161975	
2557.508338965457	2457.1815628159407	
3833.077860318873	3213.7457605135596	
3205.881561187751	1427.468895718595	
2273.9123228380226	1825.6108613427323	
2795.1037473239962	2247.420652159768	
1961.7660040920287	1732.0789681956533	
2568.038696416438	2223.8364324481327	
2890.1443976240375	2493.6364459368137	
5422.910624625056	6210.215705987452	
3541.6992101115716	3065.1572446264613	
2307.0417637186792	2191.4075423127647	
2287.751831061943	1518.6728618522468	
2390.32599542908	1203.9029312666155	
2426.7728231564492	1996.0015826408319	
3841.807631368102	3499.1942468860393	
1925.1079437121807	1382.0330161238935	
3885.298798498247	3330.1216607563415	
5135.344890832819	4486.660600249479	
3293.021409551404	2473.217244810716	
2111.5763169212587	2593.0351409213454	
3209.7067539370764	2135.847056622372	
2857.0738392351927	2498.524414434964	
2581.5822420862296	2508.4997599548506	
4734.8812771073635	5925.825869346008	
2110.168777966292	1638.2968342633885	
3035.9606109088586	2906.5588526176502	
3420.1435276596703	2474.005618285746	
2760.698623972526	2052.529269396824	
2538.1617229396065	2226.3384201220083	
3757.6077891238565	1232.5587970644722	
5227.037605488494	3906.5403680212457	
3675.0662751770824	3517.7231985475064	
2384.634931863363	2729.233203241176	
2617.908320173719	1631.700404392148	
2871.3211301013616	2124.6005159943984	
2214.528952819637	1883.1333628873606	
2264.2635950249914	1353.4342972490833	
2297.9706653446897	1874.1201800132508	
2330.177716658417	1264.7392866299372	
4260.872376512681	3904.3380529062174	
2445.5397964510653	1736.090381289906	
2897.069813322787	2245.836850739376	
2686.7678235718413	2568.8517239878443	
3069.9851599659087	2591.9556812271544	
2280.2005179674525	2129.17097915727	
1995.849226269378	1610.088407525547	
2037.1588705341142	1225.3784861293802	
2290.181348915129	1784.6928162135903	
1942.3091967829864	810.2463219063712	
3410.7206228362998	2845.145357260755	
4700.021500728926	4906.918004532424	
2239.037693835075	1970.161636135873	
3044.1040594932415	1767.2877887860202	
2526.3379593672325	2177.152441474989	
3277.4613546387172	2956.188410802473	
2634.736770038447	2518.000219997589	
3970.8827658217992	3614.720385021318	
3221.4832703754537	2459.256932911251	
3507.226864642679	3935.7591237218708	
2588.6604666142125	1398.4427078996644	
2917.1938512515317	2789.932450866575	
2743.96251084859	1774.6176742845335	
3928.503362199822	3814.6382310309386	
3628.915246228524	1806.479635068624	
2729.176955407288	2552.627537423831	
2624.8268726387755	2128.610908694628	
2984.185248193087	2672.5579925854117	
2241.381775032435	4022.157628636604	
3014.6006436814946	1850.6016789571931	
3617.5194763247487	3400.089433308793	
3418.444929107794	2330.831571475396	
2942.4746962714557	1986.8725554954785	
12153.420667219672	13085.254349684108	
3450.5156809653568	2766.7494836680335	
3350.020990485051	2240.686803587711	
2225.3807039248327	1359.440730540392	
2134.778785480967	1806.9138190656458	
2755.8614770932113	1681.4544741370414	
2398.422757239515	2016.876455042111	
3719.019603110012	4866.046294784491	
3991.6992336639087	3733.6030475719276	
2538.025520785078	2453.1423776337692	
2710.929155345853	2349.8878298050295	
4866.793939606747	5494.309571520767	
2720.041701479586	2533.1505624578604	
3168.6932119395947	2648.80667686284	
2141.9388511164534	1752.6289269306985	
2512.5700973168373	2499.9140590157735	
3531.973230547385	2719.108931699879	
3206.9858842137814	2793.57948841078	
2405.310896603369	1916.99015200313	
2147.617240329253	2065.507777317658	
3672.941704617396	4257.693940133758	
2429.20723692162	2430.3489637812813	
2226.145804660386	2013.9262518613748	
3011.1424872021557	3094.4596568385487	
6070.558990591823	6605.282708403699	
2996.1794643363005	3652.1205719653767	
2630.5388983996486	1510.0611036400833	
2643.137763984747	2080.398776591769	
2124.490040298008	1751.063299671524	
2264.223429714096	2022.107038231073	
2438.057686178086	2118.0503724886985	
2518.566603329457	1487.9905561478422	
2351.1184942988734	2102.1319548292754	
2727.4658350508716	3353.0022895801435	
4025.190352368035	2320.458422609366	
2061.616384184587	1248.543877552514	
2431.8089098613877	1871.2704424602223	
2600.4122475748554	1885.4259976842802	
5227.571213565424	6142.466653200695	
2339.8016538488105	1749.4713307534075	
2119.72215986994	2089.659713643571	
3442.696773062631	3617.0829012585937	
2532.2841935150395	2616.0035711525757	
2405.7100406767395	1517.7963867301191	
5551.17124343684	1115.0031514914915	
2890.1781350176916	2459.0342258392034	
4356.395518106909	3475.407850172306	
1961.1280550840406	1125.9199829069344	
3895.7378958557483	3241.1867001542846	
2973.225101109578	2644.257143000791	
2170.087094038778	1467.278484496478	
2235.300164028903	2114.6910655462343	
2232.0264383190006	1674.3081037346797	
2391.7513746329023	1764.2352771495225	
2240.201883496718	1869.5585594331874	
2998.796653440078	1813.1857520037074	
2736.189935140767	1703.1408225074563	
3013.346341216064	2176.4642215824	
2356.1938880688617	2006.9235778064765	
3213.82344812452	2561.830924251959	
4411.173572456417	4375.430718560638	
3305.6068025235386	2580.4724984372074	
3972.723941499824	2748.2003991897973	
1975.3137563822818	2060.2946145617702	
3831.9778444137564	3272.5875855630825	
2563.068588682603	2118.4456083868113	
5205.291602018619	5540.263606650265	
2415.829985857673	1642.7251811135516	
1800.5494663171044	1337.204083022595	
2769.5275557906502	1868.6740235825228	
1898.6904565057614	1383.4442951578974	
2184.1886224374584	2013.7968452914588	
2022.7913765415913	2167.7815800999483	
1785.295779213022	1762.8649374952959	
3095.2403047243006	2831.4810332458824	
2918.564850608385	2760.1032473231758	
4071.76368797	5637.85192858769	
1767.839873815375	1433.5743024375338	
2583.105436949139	1973.5615318293392	
2244.801877478853	3252.809008311295	
2438.5792447281356	1684.0448844362704	
2999.4233555488645	2706.4018938559693	
4076.3912460921465	5352.514087924048	
4712.435672949647	5264.810803335119	
3297.6998388441043	2118.1841284814022	
2920.1674587996627	2648.459669541175	
3452.0793563000725	1946.7515009880403	
2855.891192274552	1492.6282233698455	
3218.3523773147895	2841.7781328675155	
2785.350300298991	2571.412626563106	
2505.8244151204162	1838.3401897876424	
5039.291664954198	3588.469323108086	
3214.842709777375	2542.9545699511536	
2951.573334579783	2582.6399788282447	
2298.6566240330912	1706.6096752617368	
3037.054846393639	1936.6441353350951	
2894.479405759149	3047.602794720791	
2919.1348131628856	2062.7098163138794	
2105.073337199414	1206.4970257830776	
9952.319500586575	9089.456998525018	
3932.516731789638	2186.8657361893856	
2768.81471929957	1588.4039379933376	
2502.937917929492	1903.7014078974091	
4044.197198209105	4160.830473697758	
2281.057490278043	1692.0156206050276	
2295.9116803767774	1602.5733903012028	
3282.7060102111077	2889.307151549817	
2170.1243630616827	1180.1103930288748	
5252.966887573948	3054.7766744279243	
3084.8093323856824	3322.440969981501	
3126.9072892382383	1166.1452571994314	
4966.057604445934	5297.114029720958	
2984.807500647186	1631.9008943492363	
3064.1984436707844	3048.2130752525886	
3734.964229879976	2778.3105298382143	
3563.818280310611	3219.391801685016	
2957.6619245144666	1579.8983504531311	
3424.709336538067	2288.1578366852923	
3639.0738598596085	2469.3600661020478	
3068.0529982855946	3035.3310602742686	
2501.0723546376807	2253.1244627679507	
3788.5532214895165	5326.479797936495	
3065.3128871227495	4068.6807403980915	
2982.3665331295992	2990.896519524814	
3158.4797212038734	4405.816490252908	
3113.0062495605553	4309.379976118296	
2545.700134430724	1592.8462481002432	
2237.7681246894776	1538.9014190001772	
3153.598010879486	1970.8346326779906	
2417.7293180584084	1903.0128347422065	
2120.5976167197623	1852.0309371390135	
4509.374264863654	6686.432290200759	
2364.235053192052	1787.538239954978	
1806.2904951515393	1556.7198537949926	
2169.6587201614802	1552.042308800985	
2541.256953040682	2167.8314657387336	
2804.0524732168715	1890.4245774483136	
5225.952750293969	1714.351888057501	
5275.742118164685	3675.6108821643857	
2960.258029420737	1489.65376178228	
2036.5674161116085	1825.1309458174583	
2525.759740104411	2178.733962367399	
2461.7260285590933	2525.4124571967113	
4196.249155745385	2638.372630364012	
2446.0070496650173	2336.4597075873567	
2686.9040282711203	2811.6961154872506	
1969.2601728564882	1293.0873603592615	
2298.9772586893087	1952.7415528398267	
2381.532537050529	2546.807354304268	
2458.8042948531297	1754.221072765123	
2263.721611908871	2147.0168005361475	
3123.7538590874497	2111.187511932844	
3082.880337890613	3653.25330303505	
4031.8805535597094	4647.542439248612	
1901.3309109213837	1328.4116341843921	
2047.5248649329915	2433.8918707590137	
2446.80599648133	1903.3273851631754	
2807.8998099956766	2424.049173655857	
3721.1708808666654	2849.3808553817425	
2121.302615437422	1605.9487794949757	
2256.540526344793	1822.684992782288	
2627.5019632823482	1599.0570236603355	
2731.870102211231	2358.922688362608	
2258.7600373729138	1682.513331793487	
3243.067045414878	2802.14656699936	
3562.2031074135334	4068.260139715813	
2643.025612926071	1821.0301023815098	
2129.721036899915	1526.3927864931238	
2863.4485099922654	3045.558152147924	
4207.468631748994	3828.138736149774	
2840.761811137888	2247.194076529572	
2412.349878706484	1347.740087711577	
2295.555118937962	1881.1320883453786	
3305.4597859861324	2888.6071904367886	
2658.7970798728743	2227.408799714468	
3216.30594122734	2669.990008090772	
2326.1916100734534	1765.3744103824263	
2836.693693897772	2898.335967369216	
7000.774628754903	8727.594130464891	
2404.4277641385643	1940.5831768450078	
3081.2644244129706	2078.5518074773017	
2625.86936745977	1852.224410128005	
2276.3056151031637	2079.350637833973	
2925.1417527527224	2806.850849980364	
2672.490698251395	2527.107247690281	
2390.644233599874	1709.8387769355406	
2025.0203993728292	1773.0072084519777	
3212.80764477027	2675.17877633843	
2440.3530955837978	2157.198599887982	
1918.5393934082624	1191.1172439943834	
3216.996045701232	2373.2525932156277	
1755.5986536727037	1181.9168958458722	
1960.6326877985848	1840.1069334102315	
2240.3847368090087	2519.5144730852157	
2531.763955107345	3008.8533587624465	
2052.2909086433046	1798.2243272864985	
2385.889824302513	1880.0776709335992	
3223.184224093773	3065.254879996325	
2982.126632032631	2618.830531203548	
2581.0612782544413	7231.3597819248835	
2034.8848351767892	1763.4249581348422	
2277.54345675345	1879.069816123136	
2549.6904206610993	2149.6348033834824	
3922.2807187064413	3986.972356111264	
2426.139959881581	2151.9778459298373	
4123.903242418034	1647.148522077181	
3803.3630975782344	2631.8664119539417	
3637.094827774819	1766.708015650407	
3337.55893250348	2727.198812749805	
2874.288578749255	2548.7215703243755	
2602.353865012375	1291.1680621224777	
2456.5674283172966	1876.0526022283325	
3719.792413821086	2626.7740587528124	
2363.59873118032	1623.5888215160696	
2457.3133506080803	2721.5281929496205	
5334.145010079231	6720.426940749698	
3957.9218511997174	2351.4267285769374	
2808.946758139094	1468.3893823509557	
2538.9138183220375	2107.6082821258306	
1931.9068608024857	1475.6106556663135	
2993.4724411746547	1843.5006008479083	
4282.4377201021	3873.2670323065977	
2432.766315131646	2529.842451215744	
4155.061708929282	4696.488442244737	
3498.831825939785	3471.7167422491984	
2359.4584984912717	2160.5125371641234	
2339.6693176760914	1902.3666392313687	
2901.1577883087525	2816.7242089852057	
2647.193414774093	1430.9793045063648	
2088.7292142149327	1939.278849906628	
2195.2355867390197	2051.63827991486	
3018.523344659229	2658.190731739267	
3027.692207084796	2299.35630883126	
5585.622269631252	4735.63377427193	
3801.883303625146	3240.9486210548	
2703.1682190822	2098.0659080237765	
2612.0381608670136	1495.2381201252851	
3241.856105543323	2089.613868501526	
2375.3328942082735	2472.6755779044	
2124.0605848588225	2468.2341780094125	
1907.4973346202999	1695.453467911985	
6553.103234015006	7730.096124589278	
3292.229863536891	1192.3332779681823	
2667.6007701877666	2424.2466514263565	
3414.31039524925	3359.717226655191	
2597.0673456475324	2291.362678937414	
2241.0813838065515	1426.2643287669744	
3357.005823865663	1481.569229879461	
2983.8407542127375	1919.125666131102	
3031.370870229767	2466.1926883312376	
4600.6799804881575	3309.1513384604077	
2440.3324383372246	2143.4637101783237	
2098.1765939386028	1852.7202044416345	
2555.523558581288	1892.561344414612	
3406.181482585396	2089.9174939279287	
2095.5116275679156	1810.7942917420758	
2323.341931418091	1867.8991702970084	
3639.0867007224056	3926.0772098650996	
2049.779563960341	1658.4653094262749	
2580.9209272065955	2580.8865408933766	
3296.701246488857	2894.726134083812	
4056.1865445945464	1475.6476433821997	
2030.8461265076944	1688.043212580221	
2580.298261631362	2441.7149701642143	
2738.4375913938306	2539.9879909027636	
2592.2191172869943	2139.146264020048	
3875.372409416713	3786.985718204791	
2585.8588669915903	2357.8987117050942	
2133.3887492395747	1354.7239128305791	
2545.691725250007	2012.028867580467	
4125.527623232212	4600.571000124386	
4013.071701363083	1104.374923581783	
4451.920117618599	2900.088256161604	
2990.5000898152166	1313.2081929276087	
2856.8078595321017	1481.8594378457462	
3285.8612693212617	2645.286653167411	
2471.9774212120356	2293.0563693145127	
2967.25296009339	2674.2214248961022	
2115.307310656594	2132.2538536840475	
2476.847061023193	2460.76982597221	
2750.0675499410327	2607.3694897244304	
2598.4000862233042	2173.5864630876476	
3287.522501759806	2015.2337170592555	
5065.7279945576975	6049.671624852616	
2739.410549569309	3187.3410878438963	
3258.258733969666	4094.194970500042	
1950.8075397481093	1406.0982505534128	
2280.9562951161665	1758.2518172906048	
2469.701920712475	2084.9782011439156	
3291.251147325775	3093.3171225476995	
2326.571357411069	2129.48529713138	
2437.6890416008587	1750.306245693937	
2250.14760812875	1712.401698356481	
4728.2442352119015	5128.281169580861	
2872.65669514976	2219.740015693475	
4475.188421283524	3426.334109921212	
2447.891850541457	1652.1642342164398	
3692.073315516658	2877.3565748704223	
3723.5857268577242	2330.916924971585	
3331.931621020305	1776.3497324786756	
2499.9233504141876	2576.6771017713613	
3766.0845639801846	2707.0810743531483	
3377.891229042579	3212.19690560035	
2626.7698653682264	1500.3095962594766	
3100.9630819467984	2565.797327561567	
2492.226774673071	3185.451071064785	
2663.7358804216747	2166.182961982665	
2967.683383904522	1993.1240867607623	
2134.5626068811653	847.1611017323014	
4009.8199977580275	3276.8668285173044	
2180.787557087761	3254.3703142384397	
3107.210376083308	2693.3959069183697	
2408.624066291671	1932.2028784996432	
2690.7237563604226	1609.1674543841598	
2832.353781418107	2145.3463696050403	
3526.358868122477	3091.2840589071425	
2152.4863675192028	1489.843777485656	
3224.732338702236	2494.675864941223	
2034.1856085333789	1545.9676004551275	
2390.6134568075013	2252.432816974388	
2387.2188959814935	2393.270875908282	
3051.5008771637995	1904.9383956868346	
5852.46733301197	7396.146750498534	
2779.4538172419766	2313.732576845692	
1927.7497637404601	2025.294442373772	
7545.466180811912	7634.978586834188	
2528.1015722229126	2000.539315959685	
2710.4348760440935	2686.31270756889	
4606.124463637173	5234.575231434042	
4245.417450765223	5039.316316527042	
2698.476116064739	2629.607907762817	
3141.558833658832	2634.8768647727175	
3078.878320432081	2068.1969812161296	
3291.334284894849	3233.165469293547	
4132.475761538758	3713.6812097808483	
3432.2789719859925	2920.2160811139975	
2262.753452147651	1854.536332156245	
2253.5803910547893	2408.5354891499505	
2082.259154551516	1217.8032136391628	
3490.417088673015	2016.3160912452047	
3634.9293951629497	3507.168510050641	
3489.7791782513414	2783.270504421021	
2987.5597417012355	3343.528342319548	
6852.835472695028	7073.727772676936	
4078.8473254426735	4643.117195047539	
2565.743185947371	1463.1836462318895	
2690.0222848077683	2338.3537474785294	
2270.823101651379	1756.7946567324825	
2313.3692171056496	1418.4765378554596	
2952.086086356703	2009.9457105727386	
2224.2123389820745	2279.0575742254678	
3010.7635399845776	1575.9260909183513	
2430.52559689797	1905.4610379787316	
2166.468902193655	1627.4631813378683	
2922.284765421446	2441.102199157628	
2652.873142438211	2180.67154397581	
2365.837267277554	3519.9035109414795	
2993.244843656264	1209.0885749607846	
2694.7587855460474	2143.474242724195	
2418.3473736124356	2059.9926585161957	
2439.7671665702505	2293.207379835141	
4656.028761106607	6330.296147465527	
2737.5915489014637	1865.1304080583684	
2714.0542051128564	1958.2472048087513	
2802.5327274197716	1241.7316913964607	
3596.5932082374225	3052.2263466042014	
2929.4447280966547	3743.6961266688686	
2601.333216719098	1749.3361433311766	
2935.6253039629587	2555.81439379155	
2685.3466009879758	1927.1706182253959	
2273.6143320180586	2076.3809316750476	
3022.5249523451985	3800.186318769103	
2460.662631584717	1872.603808952084	
3164.4980473592977	2699.1281081224174	
2816.0558084849986	2907.791424140881	
2631.253730885371	2303.1183169418036	
1920.6642561258714	1397.0770606814667	
4075.281355278213	2688.2734967616457	
2287.8412980285	2461.052396465328	
3540.622776064945	3119.622761287438	
3550.4619301300263	2511.6285649549823	
3060.2911125121254	2888.899595085931	
2893.5248493087984	4022.3608644315195	
2119.2402849913838	1879.7471176139618	
3307.85691821958	1172.662877263261	
4804.351537214076	6069.688030493375	
10144.875274849372	2166.2338285874607	
2330.810527561982	2229.9191872891456	
2607.3171052543594	2724.2453263641887	
3049.2088765331514	2365.252504009541	
2376.698154056584	1519.5319763795053	
2045.1486784566305	3478.8744917182275	
2276.965040308942	1988.307910282111	
2423.7139071493043	2202.377503591776	
3167.9613991826322	1966.040094988343	
3430.170071746135	2785.9196879416454	
2793.790255807253	2176.855967928776	
3285.173751448369	3643.64441894441	
3291.2113212968557	2112.585093553964	
2497.2843503725558	2159.252736171686	
3118.932363599479	2638.830818217811	
6099.524458418124	7940.872282776842	
2912.936638630968	2702.5060959996345	
3902.580908208699	2366.361318774896	
2518.615943274491	2246.2219796870845	
4370.9172667153	3860.494668952964	
3922.793688873977	4117.123068047349	
2493.5762028673316	2494.620131132771	
3891.57230635149	2472.6115978409543	
2909.4003614547773	2555.397050852789	
1882.385552847493	1870.5035227207388	
2993.159655983823	2245.5288162854627	
2283.235380343149	1804.9514856238852	
3631.948976111008	2560.3419982923456	
5265.322836211003	3670.17898310499	
6953.192371752853	9750.487203887427	
2679.038155737144	2363.9819822032614	
2373.073572517955	2204.713682868493	
2303.8396794269324	1308.4518845045238	
2868.8934955553386	2320.39409396818	
2026.194994418101	1354.309044754394	
2096.3593450374797	1364.0522444209703	
2560.123204246589	1616.7233219099849	
2068.5216326957293	628.3107559993873	
3001.3857687725726	1250.0562090215124	
2538.091734939735	2767.57405320052	
2221.816076989726	1909.5600274873725	
2601.207294904094	1625.269460111873	
2377.1171113753585	2417.2053380138273	
2798.8592577114177	1725.431568201921	
2269.2740302708553	2102.5640289869116	
2717.3735590912656	1741.3883997891671	
2563.548020556497	2180.237671819099	
4691.658012553848	3551.149890631002	
2231.829304247981	2207.4473685729185	
3471.1259021844417	3595.237599841041	
1921.2295241260886	1106.0599651056998	
4939.730835570359	5962.036720625137	
2670.2920954632827	2433.601472135088	
4075.195976022666	3000.7600214440045	
2449.1064270948855	1370.346321034294	
2417.7707020645744	1863.4677720559682	
2949.910906224653	2604.9083639455785	
5908.092932413639	6987.135200572745	
2494.2125162208035	1393.8770825745494	
2219.6817429835564	1912.4539891572322	
4205.695777062945	3647.3005752618483	
2950.226678924209	2496.1793241577493	
2586.9760381591973	2161.1810295515047	
3567.4160069258483	2037.2499747268575	
2892.9145420786617	2030.299107116068	
2185.6049786285034	1637.7794491052857	
2408.85316492401	1829.0847157658602	
4053.2833413310696	4103.478415805672	
2027.0164585378452	1189.0279142364857	
2648.751763237043	2675.0606125354543	
3394.063655207984	2848.606103681161	
2728.487141763552	2186.877217399021	
2303.998369238111	1784.1290180307797	
3036.22254077205	3778.59677233008	
2908.533830927603	2314.933435573255	
2513.3441644770783	1954.7726772204662	
4392.563196523586	3058.097227104058	
2398.4532647655346	2025.6698598643559	
3512.0668021821534	1843.1086616102452	
5280.036198494024	6506.74093378617	
1999.160713206647	1640.6788931644885	
3411.8524242504295	2589.537275571816	
2544.536144283228	2476.1229034190037	
2185.9404938687853	1969.1453300425935	
2059.405933470905	2091.62245207452	
2245.060928630214	1767.5400629140515	
2059.9794545926716	1944.1572199944096	
2155.5318220958707	1793.1969408004745	
2273.177720616559	1326.9301294880277	
2895.8568368191286	2120.236063928987	
2597.6525989436027	1626.062590165713	
2141.261517634883	2100.474521714214	
2464.7767992031027	2215.1032394863555	
2201.749037152417	6843.555804364918	
3232.8661307646885	2070.3966135970754	
2849.484088298879	3148.4305538969525	
2613.1030274718423	2175.683565032936	
2155.3139687698563	2018.2411204868306	
2843.226436259475	2158.1386917266736	
4019.996697319208	2498.620346681912	
2835.4476478849547	2142.142240063222	
4140.262668265302	3138.4752060353417	
2766.4587005431836	2585.9903374285136	
2433.8295770366094	1733.7846965066342	
2404.2642329662713	1741.2876267545057	
1981.1507934693452	1647.1757612248002	
3555.2064503975894	1828.823398600568	
2358.368859571745	2098.8234311297892	
4233.64579179659	2815.709526335938	
2377.24337211907	2151.7546481732015	
2949.6135706200203	1838.2456752946466	
2685.0470022748846	2703.935247713208	
4788.174617269814	3176.313771685749	
2408.010027067757	1559.4844790506468	
3939.4416223249978	2737.1471131739054	
4861.000037609873	4170.4248879923625	
2192.9367784965875	2121.9111190057606	
3097.467217830598	2414.366325834503	
2570.934023583696	1333.642517277449	
2566.0944146370707	1841.9582981913707	
2935.4916808904177	2244.55792194657	
2841.739645483053	2904.563792264705	
2306.2061477204406	2150.8456524931084	
2934.7277523167877	2879.842278892167	
2738.909151207225	2068.8843340236217	
3596.7788937719974	2320.6834878081636	
2783.842142208566	1979.2557441271606	
4262.995162500402	2858.860084098186	
2777.5869196073563	2788.015419961965	
2807.8559511803896	2843.267833496354	
3165.8584879523496	2521.1161699411186	
2614.0474969300863	1920.6898723082254	
2267.0427675675137	1743.8636757738334	
2556.298572891943	2951.2770253954127	
2677.946036996603	2330.252587793214	
2975.694415508627	2305.66670912848	
2776.144401852389	2134.296465752561	
3501.3312781568397	4331.64317452323	
2653.5074386272295	2189.802591030023	
2913.2125037718383	2243.814488111775	
1987.4894413667746	1644.30946406996	
4297.781657438828	3550.941552593231	
2357.0815592758804	2797.3913957221093	
2569.1524051588012	1867.3572132999223	
2538.6353935422335	2468.1461646724388	
3032.5300944379574	2073.0517200634254	
2590.077468242329	2572.0430696499197	
2887.007979187502	2630.953256345807	
3441.61470815484	2128.739108126939	
9572.765965400675	13028.675943232078	
3271.0160396115057	3804.936696227551	
5404.221341408872	4302.470493015654	
3903.1330988132104	2438.806046774036	
2693.114811759431	1617.419909267661	
3294.88397752936	3172.213342781703	
2473.5942259440567	2242.1319922873645	
2212.237598909756	1784.0624923046187	
2586.189284573535	1802.8176058789952	
2605.6807867162042	1752.5669954731566	
3358.3506649303104	3596.763853280423	
2980.7416768664257	2786.657343332725	
2559.13282618295	1751.8914110268536	
2870.912769631532	3173.766546624509	
2786.511092556928	2086.08166189982	
2112.6954406072223	1501.990113276749	
2834.9312725045206	2267.5471120628968	
1992.270464724752	1639.4636997982216	
2263.863671289016	2278.0290179640588	
2268.821866322902	1761.6031845395034	
3160.201311724291	2792.147666036826	
4004.3498556013383	3472.697096251072	
2205.647341869193	1966.9516205441942	
2774.6184136042157	2695.297749574691	
4450.951694582699	4312.612687146935	
2801.01295684972	1432.8523191601732	
2219.595947966617	2168.4985813470917	
2744.65081336782	3122.134429115422	
2899.9484071977804	3093.501282179939	
2462.478101354225	1845.6418798286718	
2757.56743431919	3282.0575665770266	
3045.1051869532735	2184.201830641414	
2524.9915453372987	2856.0678595802315	
3863.06333790459	3515.7097444396336	
2241.039321329501	1788.6974012743888	
2733.417471994401	2287.2140049951563	
4081.0500843222603	10920.305178342513	
3466.6795457890817	3901.923528577217	
3166.329247758582	1274.9549934949844	
2895.339617617688	3774.03873883597	
2585.140858481387	1790.831606507246	
3326.743280256162	2959.006917299237	
3357.7256305391224	1939.2642650898913	
6210.963176473786	18580.671429273258	
3978.485998892758	3388.11520850993	
4377.021565692507	5065.8399387367235	
3023.656421192767	2220.6593643931906	
2761.730010665015	3029.1476637180535	
2298.1929751425864	2281.2961234832683	
2971.1908018393674	1812.2806054551843	
2642.9249221365308	1981.9912524821286	
3316.8110946520583	2233.8899729010445	
3294.87659411779	2343.2774313913615	
2773.6996138576933	2312.796548255576	
2339.538476801465	1984.4280340000998	
2426.095003014383	2489.0174753350934	
3777.9753915566307	2433.853103061609	
3054.692841105385	2706.8119994563453	
4232.260098440349	1870.4930454807507	
2317.9950022829535	1250.929653936987	
2402.4836250886765	3195.164737785887	
2855.082606109778	2917.9200217243692	
2860.6174255171195	1387.6625599234574	
2375.8113276048166	1619.3229511610853	
5666.67774192087	7286.1293492601035	
3144.322168693853	2920.5174839100273	
2381.4991558386973	2664.0848472637454	
5526.146753856071	5251.749829921279	
2267.3748312223665	1504.146904185982	
2769.980731374374	2061.1858401246554	
3240.43635479369	2468.351858015361	
4027.0341875125023	3475.4576789718867	
2403.905082127876	1278.9068070595397	
5320.042324716262	2339.380515768058	
3639.6898444166563	3275.820468250252	
6321.86501696777	6050.108965982036	
2930.773033440372	2492.7105925473666	
2491.6171767833703	2397.7387606001744	
3436.344944535675	2392.8741486154545	
2236.685453458504	2504.162847082146	
3593.7627993777473	3071.26073992847	
2468.5777912945086	1825.913820423798	
3087.7626388381586	4247.804346259567	
2644.5814677199505	2217.2975745546787	
2558.7783607708607	2646.0569297051757	
4443.759169318382	6171.347550065726	
2596.1407893702913	2043.3094566268242	
3053.7835588458906	2519.5583058488196	
2320.0483713781227	1680.0478310678066	
2347.3334485420423	1455.8882655346902	
2694.5799134818644	2167.81821917906	
2374.6602212701296	1878.0757689879267	
2655.6836282971167	2179.3461271023007	
3055.9840950917983	1846.0645934016575	
1935.6418592191562	1377.1411797606866	
2332.6942989631084	1868.4797694039926	
2494.244256261422	2234.6892460608246	
3109.647075079868	2258.360520032812	
11848.397210108264	10540.292288632434	
2869.4897989097503	2299.9585819168465	
2024.2608136899132	1631.5884950922714	
2512.9543755254895	1429.4373481069226	
2481.2139999196365	3298.2605481191913	
7153.045044077728	4578.100238710273	
3335.843633368406	3071.4349278872673	
3293.9415865124984	4215.130796584674	
1685.7307876187015	1667.0709697897316	
2707.3097303369386	2200.52232885232	
2658.619167136733	2655.61743287577	
4029.2470819322443	3928.681747576313	
4652.570258783109	5119.657919991331	
3219.3707780826894	3199.794402393713	
1926.9398513425372	2092.4087406686926	
2713.0436551778525	1849.635926033145	
3735.2438052724215	2371.881728997288	
2845.072747219163	2112.1349540485703	
2722.004143428503	2383.494551492074	
2515.9660263041546	2113.4618372057284	
2672.6791253256197	2166.6450776483052	
2543.0782928467406	2281.8190224497566	
3631.798966781785	3130.0460358119776	
3164.568277543954	1590.9473544503635	
2793.6135782716515	2150.440641262048	
2922.4897862156736	3754.7012171112024	
3832.410109321657	3267.8021103897568	
2912.8561169490386	2609.8560864035658	
2340.437154867542	2491.3711136138836	
2987.5973141836575	2379.0807953034905	
2282.885051711574	1715.3540386038442	
5615.8720086635885	7187.429469776347	
2188.84577120361	1549.5593534692352	
2547.804648709089	1612.3825883240286	
3683.90431083346	3223.3890288318476	
3143.3956238818932	3301.1050647754882	
3928.218150143066	2465.318947494974	
4507.815842436934	3526.9552286134217	
7141.22765245602	10832.198033498216	
2898.389427373655	2241.3776235015853	
2487.229459753037	3075.377328017874	
5858.618582841672	7626.328663963419	
3958.6637437706254	2843.163726663545	
3087.1119653449027	1498.5486490577177	
2380.6271335741408	1689.08581419751	
2914.5337639132495	1259.6711901500173	
2877.7904027308227	2564.9008465717425	
2261.9732922046474	1830.4301623342803	
2230.8200919425735	1977.092786093712	
1974.1341229476634	1334.4117838092084	
2387.7593858404994	2018.4201154785026	
2400.382818564553	1836.7393645556722	
3202.106313222396	2029.8876350956205	
4365.70180345613	1769.413627709276	
1903.1765253977883	1660.2138486068557	
4014.572156132894	995.355544197819	
3724.954418573007	1431.3185273623276	
2142.6288621264753	1481.7848563868938	
2583.051567976293	2345.3994524119407	
2462.4589690268494	2349.9582243387486	
2168.444359328663	1465.5105025219168	
2781.4682665859655	4945.327665185824	
3761.1994690026245	2628.6142988317783	
2595.381860933284	2015.7911913840883	
2155.6351198819025	2180.457384399403	
2572.994055349351	1611.6635028634912	
2257.368937253148	2011.7308961758288	
3116.9568016175317	3482.2020240935753	
6306.6133034182785	6311.989174112827	
4095.6206129013613	3057.185874609128	
2450.625367316082	1593.122773748605	
2980.0911120112974	1994.462877255416	
3001.257803455477	2580.1492127580777	
2954.7614269312394	2374.486334148582	
5545.253563494439	16350.441392562074	
2762.413058755762	2066.972267267361	
2531.1301732750408	2250.888671035329	
4802.06863613712	4094.745520640722	
3666.0130481831543	2435.2389062881143	
3144.5139085320893	2683.9507607529235	
2539.0973634166708	2499.756488734802	
2440.6418947798197	1858.7138845600687	
1799.8648937421053	1336.842205891813	
2505.014135337371	1931.3659946590437	
3131.6954478110392	1884.8628501814492	
2082.9600285567744	1776.6548391330894	
4193.108217066925	2986.2772926911357	
2910.931081829417	3030.4053768267295	
4033.909209843636	2142.533263773393	
2230.018019948928	2435.159506186877	
2830.8482840886522	2008.191019684998	
2576.4158326996526	2259.3130044639197	
2026.5803009639392	1299.375767038683	
2671.6278279355793	2208.88915589631	
2966.0362951002703	2497.265132710922	
2063.8950023715374	1526.8986689715948	
3193.883344738618	2408.9512434065437	
2990.884267620809	2924.174572200453	
4996.561489692104	6417.53047786361	
4613.567788710503	3970.66864229957	
2951.5091454327735	2030.8878421724085	
4899.821036661248	6073.78154396391	
2406.4417756334833	2095.075293169597	
4023.177567384237	3655.752177195779	
4302.243618331266	3093.512738174511	
2544.163370560323	1860.9643280927085	
2351.9934658348725	2048.5302889107506	
4870.652732091354	3809.3267921948477	
3566.1759148547626	2368.8618861589166	
2877.6028240199244	2191.799964933014	
3254.5131780387883	4988.0089756713	
2472.5636483966355	2447.6345097807643	
2163.0740199191605	2517.945566146597	
3367.112467674165	3642.199570936733	
2675.4624350537315	2443.5868299005833	
2828.347220014267	2540.082234322426	
2377.4702160360894	1666.8674401075482	
2621.678063743041	2421.1057613119406	
2590.9913975501	3016.275815916443	
3531.280935867745	2591.8065222137357	
2322.3510166994924	2293.051719905688	
2921.713001909608	2685.7220918553826	
2097.655688825162	2080.7329088256233	
2615.4452061707207	1780.2299222767958	
2357.7553581352554	1848.2759444612532	
3223.1241982421534	6486.355766387116	
2037.0010695592207	938.8294512014547	
3780.472585525615	3948.3855199531336	
6920.91169150881	8331.273512999507	
2648.8324635683866	2523.9106287386385	
2307.994414963036	1753.4362972786603	
3331.765686267157	2489.313527257128	
2243.2286150130235	1775.1518935220108	
1925.8504716858156	1485.4999026985374	
2977.518613064379	1835.5269143905164	
9639.538410365785	8121.083376736317	
3340.9326477341706	2703.7481375552006	
3163.9591290558697	1820.2878813142663	
2681.5641946733413	3127.6100998883257	
2187.442765690574	1987.93438916522	
1960.2404957951012	2048.7810021434484	
3280.969101133902	3282.031416757435	
2005.3194995678004	1408.4099465961358	
2607.7508628986207	1752.1710028559503	
3550.2484644242986	3248.1899057764936	
2642.2369616785154	2562.2981866620785	
2916.4086692914443	2280.105640555425	
2439.1586777155158	1413.710566405824	
1892.194047453745	1412.7406319262627	
2351.3059264088865	2257.9435464620183	
3050.705222605597	2489.763540188894	
2658.1163034169476	2542.8672359264715	
1938.2226695989675	1491.7409593461782	
3712.1006444786985	2980.9608482537947	
2611.0652137111606	2175.153418767246	
2059.7217131327393	1403.4016401152157	
3778.7251943838905	4289.655561781443	
2049.1464745225676	1855.8162135602743	
3030.4524667803316	2268.2113175009476	
2985.828834624913	1790.5683025534322	
1789.9244327297117	1812.841902401537	
3612.572880127054	2073.0253945005497	
3113.627825294178	2331.7818574479707	
2501.5836616807023	1427.7123927932028	
2661.5591100205456	2438.958634525465	
2078.534771273492	1887.6235943011407	
1983.5775545928243	1482.4191512817945	
2109.043031619755	1870.5883697174725	
3076.0807961250357	3819.8935350810484	
4672.566554359913	4740.2534696706	
1921.1903096662618	1934.569668411129	
2634.3121030159127	2262.817676447959	
2200.138147396469	1684.8731041070191	
