3241.963465869813	1617.9305251038654	
3978.781358000891	2841.6819414383435	
2970.0829325208992	1866.7428573592874	
3210.0713585052486	1620.251233356533	
2987.0739716714515	1843.3078797058947	
2631.424122352202	1970.6187011560344	
3271.4063261070073	2704.0618228546355	
4162.327253599537	1725.6456762071082	
2675.3669147781798	1496.4463710988987	
5909.053062818921	4125.380862869923	
3011.8966894264113	2272.999312090644	
2546.296518872614	1958.5716796329136	
4676.746457587122	4331.908851317882	
6442.094926567265	5676.385467226471	
3723.3182115522845	3671.1015857789853	
8728.518568733758	12390.15948274935	
2863.2924573281866	1947.4805686629797	
5459.823929086845	4155.170447424675	
2750.5278046296057	2512.7247662351933	
5825.505627077011	3399.960970452101	
2776.132714402539	2636.5389380477877	
3056.332573992286	1718.8957282172921	
3621.109102745853	1704.4900427241155	
3280.6502840304124	2973.4990804498616	
3655.3755244342246	1929.2963151388665	
3247.6879076210744	2343.414156390872	
3722.8817390455633	3517.297304421347	
2859.2168328575817	2520.7735692231086	
3936.228022152739	2915.535428505119	
5437.223874607612	5328.316338665193	
3048.7962913092774	2920.4850015964257	
3180.624845384713	2033.4277567386816	
3662.9043694524294	3203.5981921941316	
5073.107622522553	3633.5542246292466	
2902.6739248188683	2175.9001675568725	
4059.784056145568	3475.7788453778408	
5847.8694261143455	5637.06517855418	
2239.8466738217057	1720.7784395484582	
5063.669254582453	3768.6019275461013	
3144.145646831822	5293.993029707931	
3888.926617089169	2927.6053846021073	
3350.0585455695655	2362.602171385882	
5517.292168626208	3822.7621115723987	
5687.482960523057	5172.78679055025	
5759.868204475339	6583.502758964111	
6058.116082069836	6102.65341567542	
2388.284636570464	2166.0382758201636	
2503.269896416938	2720.1561299739797	
2793.746242376871	2857.3003229203778	
2383.7180455028615	1028.8677225543506	
2896.7228621937315	1865.50342902472	
2918.311283464948	1991.9121900588198	
4528.400491519158	3928.969564416533	
2831.56715641012	2578.3077592508835	
3228.693935191976	2042.7749621548983	
3459.434735095806	2349.81825132322	
2928.242418257072	1223.8801969285437	
5089.283896693268	5763.206835742317	
2641.8085306341713	2112.6154942561247	
2469.8819627720986	1194.6324822835988	
3838.4074261855735	3222.3541324955995	
1595.8938879170303	1296.1401594376964	
2550.6839102690346	1342.2198994574978	
4168.973220846213	7368.223365300556	
4549.7289043503915	4408.592990539587	
5208.477928560769	5047.794602606528	
4122.488268834398	1612.3555116979	
3558.0379831144346	2215.916027957503	
3317.6335033599503	2018.8392139991772	
7942.303477740991	11309.969343201356	
3895.6247345925763	2522.4942754616072	
4939.388385073437	6959.7226950140475	
6866.802275256442	3202.0503098589634	
3030.451409890171	3109.8361291722135	
4002.4157313254013	4938.551389524386	
4811.244885086106	5075.45226526591	
2489.092432827676	1854.9465999436934	
2255.838638809848	2224.13871090409	
5434.011820605	6247.951553067704	
4754.666835692573	2396.652028265288	
2991.490200289583	2459.2493415229105	
2586.211805204226	2497.1495212683535	
3496.3372041682305	1577.3563175383974	
6375.672745678132	3975.302277949752	
2956.8449391116383	2768.6985246814697	
4196.455094346841	14191.961826795468	
3647.387333885527	3450.2839246995864	
4972.079058865154	4605.449625727748	
3071.3902310796734	3143.8516696708903	
3181.0976632989723	15565.15642965346	
4076.0618546297355	4089.874862287782	
5296.2859457914465	4905.804860367537	
3572.6965963453463	1067.9233366872704	
2900.366141910825	2165.7332345960417	
3255.4706169180276	2577.4394143334634	
3809.7218807187287	2131.838147310705	
3134.524279682072	1996.2630136148762	
5689.534029426324	4552.902940502733	
5262.121839080593	4334.4390595437935	
5311.977841753558	5045.352585179359	
5318.196656510961	4741.194428672913	
4507.792443355422	4143.976284940814	
3276.645035155163	3267.1559112422383	
3543.8506069571563	2743.4469369315307	
3574.3047548511986	2647.2670566244788	
3448.1616778892903	2849.2477462996617	
3802.998141276509	2270.1336925111846	
2947.875120845321	2151.4856127695484	
5000.1217419527065	3650.9907874472597	
5708.259995261004	8014.824690131296	
4396.503406726121	3980.5549367752296	
5577.968873760625	6883.000221012766	
4056.911084681323	2750.4341887765117	
3562.4800620668025	2134.366856370626	
3214.921649797692	2118.3488705974087	
4789.820427849185	2829.239624747146	
3380.6513170314715	2604.6006814557995	
6536.179360744475	1123.0852630547356	
3537.4496088823926	2481.406895795833	
4476.029633626468	4073.5272644436577	
2503.29264771999	694.9588721956653	
5936.569093986341	6537.399725201707	
3841.075195374649	2948.2463555596214	
2841.4096020656557	1657.07793754222	
5205.670687681946	4782.350830594331	
5965.669180364421	2902.6460471796404	
8030.736894116166	4902.605726093036	
5116.897023557889	5665.620629949248	
2895.9219034513612	1915.1112810940729	
4586.174125644903	3959.820402327926	
4951.308857600266	4447.132161214388	
5226.7470536009	3351.270350875749	
2838.5805420407632	2566.6340708523035	
5252.016376117996	6905.770796413951	
2661.584430639587	2050.193605765806	
5328.482113979762	4665.291368626684	
4120.08589907569	2940.665868980343	
5719.355754449246	4791.506744117829	
6187.7393706937355	4266.921693661597	
3051.045855536305	2290.6510232632627	
5125.388012169315	5040.841392194307	
3555.3830465505225	2762.5095858874543	
2673.7228363255363	2456.939994010808	
4588.681270930956	3314.898161047267	
2958.1204491878425	1846.0667110918926	
4482.076277661551	3905.708478687017	
2802.50626666233	3107.5426930883073	
2946.1825198533015	1642.1619142200855	
2972.919941063755	1998.077180991721	
4963.4378162612475	4975.370065602851	
3733.82612766758	3595.760886525742	
3817.6803750646986	2719.0824898578117	
2802.4892852864937	3194.8158242607224	
2745.2555228879514	2460.0143789087524	
4166.374747841687	3786.5393903776244	
5307.0136979093995	2723.7512203643932	
5264.289914289083	4619.151839730948	
3800.3547229562896	2193.253989303229	
4639.006647770791	2973.887204555301	
4441.296726740987	2358.038922731122	
4243.219247829507	2998.050074183254	
3079.648815129762	2019.864828380056	
3177.8082182695784	3015.857313281748	
5756.956403158531	2814.805465852894	
5564.114547243649	4967.02677627945	
2655.8692236164065	1591.3521075531003	
6328.477394883394	7092.997656996452	
3006.857109617226	2597.897733266471	
4277.144313256758	2301.4622045461183	
5804.989710346552	4188.068580813198	
2762.804680275869	1861.6220692380498	
5078.292468734558	2403.2459564827623	
4176.707391204762	1626.8850264494968	
2823.96888308041	2383.1619096654968	
6585.7705560891845	6809.448595673273	
3301.9222033556193	1916.6011051776195	
4957.707771803071	4011.693790775567	
4982.628075470029	4652.5955936371	
2604.180018709697	6407.383703499825	
3259.692078361745	1467.9446475329935	
3468.4261196959224	2146.3067399609904	
3636.8970060780757	2381.8362279501544	
4770.631987148007	3583.3944035330446	
2171.8436060497593	1815.1955317256763	
3510.9891436860444	2493.3830475484788	
2913.8070937573425	2474.591821721026	
4046.8000750412725	3791.055893370919	
3881.89717343576	2364.8624338612603	
4069.1778847580163	3586.0832606411645	
4105.1072208118	3357.7196107046293	
3678.3544791064887	2724.6999867643935	
3184.7321291202743	2035.5294360160108	
3576.906437233281	2082.9857809270484	
3684.3678133041954	1936.7413045452295	
5783.338418817957	3029.812287002518	
2879.890418002172	2022.7206433593938	
2407.2109536793505	1939.808824298513	
3632.4880701340453	1779.8935434198338	
4428.423191803513	4485.746175668166	
5938.437394209778	6166.632266811081	
4400.996391768268	4082.6975751099853	
3339.7948835988755	2817.190311440312	
3670.8865026386193	3618.775068499202	
6097.783590038592	4761.553139537973	
5595.492799660947	5339.614360706172	
4607.7714306327425	6447.062166386484	
2817.4042552282244	3145.961631694875	
2552.7841453395035	1909.753463081077	
3050.785626015062	1675.04749112935	
2908.648994066909	2362.440265475909	
3026.6997503671632	2240.97030439646	
4576.03348302701	3978.691445980171	
3224.054378967738	1260.4814869540671	
2414.9886927814464	2553.632190856146	
5193.396150781612	3716.564460949397	
3681.265280611434	3512.6904094369906	
3922.6902932596804	5598.907077499379	
3525.161267211657	4025.5733764587053	
3877.5542856675766	1607.541620639118	
4046.394398081189	6006.540749425608	
2687.1042452515358	1964.2489010232962	
3331.4812699740496	2388.495509745321	
2292.573484066631	1309.376886950262	
4690.924277688803	3725.9967695107252	
5673.405122332686	4295.665414390184	
2766.7347982636084	1748.6667440214442	
5425.962490283312	7103.27384492958	
4798.29544635321	4632.17462259947	
3817.014782491708	3781.9023856125223	
3038.079697001644	2703.9603489904266	
4101.624036449774	2840.308025105496	
3973.9749477578453	4556.965600363466	
4665.595612693664	4658.0583188028895	
2974.9871725801695	2285.04341121723	
2230.8140667256293	1503.0245923238447	
5618.883379002523	5633.469574733079	
3012.739311533533	17616.343150907964	
3540.764515057657	2243.2465096134442	
4222.404582583926	3332.0778978860258	
3649.6395972297946	2669.101394209017	
8739.796700769006	8782.974548952534	
3308.311556358812	3664.058718368329	
3201.440660626927	3182.1955629758036	
2779.498746158003	2869.018324277876	
3708.0756388620607	3267.6765310150927	
3402.081766293422	1807.0604138885305	
2051.5688555465504	1897.1925442847355	
3747.455902294508	1726.0567043091671	
3548.8928153627016	2611.237825515572	
3511.8400359047864	4685.637800951554	
2846.2159127105992	2000.9086773993386	
6301.70382616251	3693.6319136183974	
4397.950487412978	3174.8812816998293	
3520.322619231208	2713.723202420649	
3954.6897577284053	2794.2937837490763	
4045.7531300939586	1136.6022341731666	
3631.1044915405473	2976.021697216537	
5075.463636348084	3489.14974370805	
4067.179746593524	2531.2212268447824	
3236.6724751610263	2572.6339140040313	
5572.9993286265535	6458.001147562109	
5615.743663154774	4643.9494855763	
3082.2261521735404	2117.1768825561962	
5751.028400327301	6414.795695702081	
2446.195467909125	1997.622678856001	
3591.477208146915	2207.884294206632	
3183.344447734591	1910.3495180859227	
2915.9914761239493	1687.4194720815854	
5659.528590352576	3865.9441768306338	
4795.292692738897	4703.954554504018	
3226.2450426728024	2920.357792743973	
4899.827643666932	3920.210312892376	
3922.0353299074827	8262.882678663953	
5313.746116349698	6116.002742194821	
2520.2305031945343	1774.1904108711037	
2925.353368161754	3235.8493604981445	
4087.2936124819025	3999.0931240670902	
4509.882177300269	3335.6569201386	
3491.357271796626	2567.5257612571745	
4841.575965322326	3540.9325971481862	
2376.0722495536966	1986.516575902148	
2829.0190479544813	2316.9342218575975	
3349.783439256087	1906.61836948318	
3504.57638795982	3040.754582823892	
4606.351280730237	4116.656020781958	
5355.90287335767	4458.643943297363	
3762.8861778914643	3014.15319909028	
4597.505727940951	5601.831575078528	
5517.592682733989	5352.855093511424	
2750.578823232339	2361.922763860973	
5050.466286025313	4583.249139502835	
4362.19402184105	3430.205648947188	
2209.648833848579	1632.0992768909416	
5986.823895113371	2672.4233510660574	
2453.467401930809	1537.5596245310835	
3363.699973327144	2355.6252744000217	
4628.694875512437	3413.614793310815	
3067.8342326698876	1629.8357803276622	
3312.3907178692903	2837.7819158339717	
2983.304872842913	1399.779342774736	
3941.1023127786734	4372.067772935593	
2652.8776002920404	1618.1946383990633	
3022.549212667677	2628.063522744815	
3518.2731779218357	2516.570623418862	
3479.523887470129	1266.6751675192238	
2752.705812723856	3068.690904711371	
2744.5956100568606	1721.1878418808528	
3894.8117773084014	4139.673773729595	
3732.181040995102	2303.7987379291117	
3258.9738243027605	1713.82167570565	
3041.7711979028477	1970.2771198827218	
2645.3304872550693	1877.820241658797	
3145.3681296295313	3148.1084725037463	
2547.8056184822553	1761.1436934961341	
4810.173215991156	4913.731489495868	
2618.3075779639576	1949.2775568614338	
2299.194225589312	1917.9742486691655	
2170.541044854387	1633.1108423766914	
3287.4093346105265	1780.5063205142435	
3302.511870305118	2482.6257747748678	
2521.9387922419423	2145.4696305677717	
4613.784004815486	4448.156482006585	
3204.113142892733	3280.0493956171135	
2314.9104278732657	2089.790196778431	
4486.762693464619	4566.596572025918	
6171.3043831159675	5835.256161754647	
5478.347695423571	5916.273439147939	
3552.083464783314	3321.199314540079	
4864.9541032781835	4517.360512830018	
3737.5061960190524	3672.474679546465	
4185.745926071261	3940.9813168768446	
4517.810896245352	3736.6119031565113	
7046.832056305304	5866.790787080284	
2170.5668039798215	1854.1357630364216	
2729.7541804272905	1854.0571313417156	
2824.8421640455126	1859.40999287557	
3027.6829445943913	2398.758559962087	
3790.2258135870934	4477.797700365929	
3236.783100780996	1907.395700973912	
5010.3690874524	4225.348925809223	
6155.5820209829435	2554.6107743771568	
3452.7382776496906	2385.4455866470435	
3949.950499753295	3704.201141562895	
5868.710888560391	3890.506654547847	
3624.0621199345833	2974.8424373602206	
3059.715086758223	2186.5405467425558	
5022.526776873457	3312.360137211961	
4520.997321968788	4399.442733559308	
2710.779802882405	1955.1512014573364	
4782.187515812917	6635.452385664791	
2743.514213342953	2294.1096706941057	
5014.1942580691975	4040.9841872427464	
5551.580383459409	2790.688697218287	
4596.354605520624	3165.898753843858	
5597.158638481499	4421.696751854499	
3227.1204533966215	1697.886529525636	
4372.953017446936	2027.584850345925	
5791.831237122012	7459.477708317607	
2860.581886942637	2750.041776205475	
5914.881050125855	4857.797285645103	
3331.1286496631533	2787.0426083446805	
4040.3910761078196	3181.1565389156863	
3648.4541555790756	3347.196718907554	
4395.388070139208	3830.8972635555456	
3325.957528631161	2179.5310929025013	
5767.242551906254	3163.9036190654847	
4295.637240142713	3080.1681860169565	
3694.215866555421	1955.000488184186	
4438.025601304722	3538.7450828344095	
7265.178835772686	7845.343617034093	
3081.8342048177665	2780.257367585905	
4206.110344143952	3747.365928551009	
5517.459320093649	5523.985450421109	
2998.1193572259976	4454.355523831794	
3274.170841712664	2137.818295127125	
2419.7755389747217	2693.5540427771157	
2737.621286508825	2258.7494146576028	
2928.6723248489775	2387.5049655967528	
3255.680186702177	2361.893568220973	
3764.518539451216	4524.835632610204	
6483.536229575476	5667.70448701498	
4013.8013335193573	2219.090771236417	
4861.446734270768	4328.851374433204	
4021.4837631324285	3248.7367031035656	
2255.6211591940423	2137.801212208016	
4589.541552547836	4285.3828163623675	
6162.072790001924	5039.843506721749	
5704.025429380856	15063.63230605568	
3590.5353130669505	2109.8035351413523	
6153.9735184891415	6919.44470232372	
4108.617312510401	3926.214131199561	
2768.7087350274824	2249.061753449506	
4009.1403810465895	3706.8885644601824	
3570.6991337779664	833.7693028059898	
3505.7221602571312	3662.2288038940405	
3807.2802241196096	3745.590238319231	
5339.682002053322	3699.6843214742776	
4804.355996427107	4613.739603443282	
4669.941429177908	2490.536278128823	
4652.122441372124	3767.4517459289486	
3508.3342641697536	3435.659578843167	
2994.088094835784	2384.8762976937637	
6469.059489519909	3414.3621115639467	
3479.197984440688	3221.4829022978215	
3310.430115713465	2943.5389646911467	
3514.2864314875624	7532.290943382595	
2528.391414480871	1885.040106310379	
2788.810085881908	2309.0774273592706	
7384.64609831454	8369.650819685698	
3672.2409803899295	2936.3461492817414	
5508.230003116121	3286.8631725414994	
3410.099108570174	2748.267363781004	
4745.49497673246	3252.603297548191	
4077.06152214461	3125.6263035689494	
5242.365881595223	5845.688370368286	
6763.439108962925	6135.599931776025	
5022.268162623461	4764.53468438277	
3972.4190557544625	3352.186517864518	
5343.120630784604	3652.5686610275184	
3089.575604356714	1983.8893405775323	
2758.7135385880274	2676.254794434663	
3297.5408340205186	3822.9464336043566	
3589.6862075413283	2184.2255682584378	
2535.9623509485937	1913.053116617718	
4514.094938120125	4012.7449610291224	
3253.875405377388	2361.793553899018	
4863.754376396608	2963.7314953870546	
4166.042447163758	3214.69336008612	
4439.194919060171	3829.592105147918	
6245.511481041862	6059.154795285979	
3586.4078750669846	2399.1987597329717	
4636.580569337581	4990.261463197436	
2450.202831208378	2379.7084557489566	
3527.9162540745265	2429.497316476275	
3841.2855832930472	3071.5629201426846	
2755.4555015537926	2938.4313461620604	
4220.713923756441	3010.9803423448266	
2887.416993111538	2269.1768460870485	
3576.3289710922613	2097.312010314753	
4785.039827155807	4314.6522427015925	
3061.9520576378454	3760.2731095736176	
6221.266095818401	5129.432677146878	
5397.833413319271	5617.0411685895615	
5839.040254188034	3398.1653727016296	
3568.2933590980815	2359.0714790201246	
3902.7184213168302	2911.80303025871	
6171.096778212108	6361.51719337031	
5188.665895743482	8710.603224891694	
2711.4372133121283	2197.9251708114307	
3616.040510461644	2049.1691207478425	
4753.753999554566	2598.497524977807	
4312.842853596389	5645.759008966547	
4873.41991506238	6361.063753486005	
5318.885053793901	5050.445757636391	
3104.2017142049917	1527.5396580801746	
3710.3304944414936	2311.9959382954994	
5250.724320105439	10165.269221902663	
6544.75824419517	5927.335106398035	
3575.1259710783083	2352.7501614064504	
1750.7886390577726	1450.106079036377	
6287.162636388825	10972.32731158622	
3639.0426561044765	3143.4304428357514	
3122.3608253756015	2481.7486948143537	
4597.635810597854	4421.622097382626	
3620.559118679048	3738.8179800937455	
3976.3809464921364	5758.080543609616	
4160.535501879366	4400.313843225797	
5272.037879729417	4018.2471370940902	
3058.0557779447695	2437.5510189013007	
2875.9585314697456	2008.034768194909	
2660.0373035049174	1208.0447832845725	
3304.0185420632065	1669.7942903507994	
2868.1203703557576	2318.8444137520573	
4980.177265234136	5105.012310348704	
2471.5755944938237	1807.3314827827544	
9683.116217713206	7861.566721528421	
6082.037162557793	4909.955974270839	
5249.079039034106	4299.478982804868	
2930.503792829981	2513.769345797828	
6040.5280165756785	4799.745369138314	
2377.273518110825	2428.5402289588856	
1910.3634526113142	2420.409487214781	
3585.8037558798437	2678.5263815575713	
3518.8325246785694	3455.5980973020796	
3083.4905868023034	2322.6656876642082	
4660.537426666238	4450.034175970299	
4804.679001322597	4886.355430537814	
2797.2545019545983	1841.4232579790341	
6029.515512766678	5354.2914799057335	
4273.891681409795	3652.3820206934834	
2613.344940986076	1805.9687432704266	
2713.3739773278576	2344.9358532724336	
4275.310461773963	3726.948892099227	
3514.9210949045614	1872.6189497864466	
3572.3089613219427	5742.037129122332	
2868.1261126849754	2107.2857917479328	
3302.658494543373	2494.139481566605	
3512.4548905919073	3340.8863650297267	
3224.128056892238	3011.283885819852	
4431.118779947496	3303.828586529907	
2989.934357741498	2197.8942940430334	
2989.520530469139	2568.4637292335906	
3597.7018994692685	3130.002905055284	
2410.3142198563987	2164.799271523344	
4873.969595604436	1566.9797849017082	
3063.583477152281	1888.4233195326174	
3869.1664742121716	3371.3174214732344	
5447.151393963703	4063.0319390570803	
4201.725283118874	2273.9195177062784	
4420.1674449526745	3054.0360023193334	
6275.015566317024	4359.750511657079	
3035.4964828261704	2309.832148103547	
3686.5121598296228	3894.2871904351764	
5915.453400382438	4802.368426119603	
5124.94009614191	4846.437305398482	
4161.6474138101885	2530.3914617778637	
4925.505639604653	3282.0901237835565	
3084.5994237842215	2449.6655045431676	
3592.574489202756	2699.3907950639814	
5126.521479406683	3928.063397031773	
4823.564459679579	4594.626081180707	
4198.099243498409	3388.6243828931524	
4905.10924410382	3674.308322070431	
4699.597755711925	3633.95195587578	
3788.206356127947	4027.266774308024	
3253.291675157342	1440.9466380563654	
2826.9425135267693	1696.117423755317	
2986.1648509797706	1479.0553168128713	
5796.215876823614	5304.670431175725	
2768.207565054571	2853.2808303453094	
3118.687500930038	1943.4240238104048	
2744.3445341265397	2424.3070593241373	
3807.7143213971985	4620.24228128184	
3649.9267784626795	1742.2790654777773	
6730.9821287850855	4246.366163160555	
4851.894015020541	4558.3330051922185	
4048.537048444218	3917.964913308265	
2903.9527866326475	1951.5056951270292	
4996.3899197919245	3813.103080926529	
4785.811480573803	2900.6675043628284	
5965.81825845225	4603.431038216615	
4848.623709319322	4349.7906805039365	
3355.945666365088	3003.6851815700193	
3555.293887700171	3785.8289460798983	
5888.145586845118	4316.138948803639	
3594.8442456854345	2189.2532410451217	
3865.892091048484	2476.675174393479	
5020.144196144741	4154.32870494711	
4224.16619591353	4430.052061224893	
6177.736099506549	5022.86519314808	
3263.679068091006	3623.297750920549	
2417.8994089139464	1720.3119171700066	
3402.9631061638347	2605.1127816763346	
3608.051578017874	1922.9352068626472	
3094.6107744565006	1722.6618794306005	
3177.6655623144293	1619.1788119053674	
5428.439974497264	13216.906670978495	
2774.547693789136	2666.4664188552647	
2508.9154318883375	1760.471722068996	
2999.3116701698887	3412.6534248201797	
3860.1744796177327	3831.5859920516427	
4428.750932253639	4611.703717800585	
4188.633564917992	4916.753902030195	
2979.9947369767333	2346.074633102069	
4803.658455679594	3454.216440467057	
4723.7016531741	2204.7657684196283	
6491.2667263320145	3963.8501966738436	
3663.435693392684	2753.703039775071	
8032.723921928455	8487.138541679838	
4104.637214646799	3653.1341612209017	
3587.274466070164	2246.293586955926	
4805.299636911852	4269.807314417245	
4082.119010440314	3315.5306833428704	
3254.0730311750726	2442.461149612366	
6387.353027639605	5609.744304490952	
4036.074259435985	3809.5998964928035	
3829.5888025294375	2034.5663968699928	
5656.67941312245	5553.449379312512	
4405.551845603972	3115.1997228178425	
2919.3236343608596	1729.2694870984578	
4309.16372520634	3283.8624492653967	
4133.762759447145	3674.591640535956	
2541.383146605765	2081.57159939792	
3128.6559839979377	2185.078464617316	
5132.919671200313	3655.8064135408817	
2847.9723335423364	1774.2365994878191	
4965.051449351629	4677.697877898394	
2516.431904690196	6173.968845420401	
2335.1776758419505	1419.2018189136143	
5095.528254662098	3058.617409474334	
3990.0926723737944	3864.5810510200777	
4790.900198793621	5328.705237931729	
8586.382172257341	6771.90477081495	
4103.868351627029	2487.9358949185817	
4957.212714609108	5480.653270896949	
5180.988670224673	4228.645935557332	
2963.81401903434	1816.9965165485282	
3140.0841692632785	2443.85129547917	
3460.798890964318	2084.1845204942774	
5513.627019556067	1348.9891139699778	
3192.0362066475063	2368.1218762166113	
4519.561147205673	5084.360260308175	
4345.598392264237	2538.721197373771	
6715.099886391307	6107.925313895137	
3549.236321354961	2641.9139855290373	
3019.932791025457	2243.579808081841	
4233.8903348961085	3702.0324337845286	
5016.352439834248	5022.575336091161	
3350.3747623461427	1633.3208116548253	
4947.073223506793	4026.5091790412553	
3911.166017921492	2378.393531844355	
2976.7937050417627	2745.0970799601528	
2656.5302069162417	1963.6398357928656	
2752.5288353179985	2003.4868806384081	
3907.130680764973	1357.1076961291353	
2797.7382844364824	1840.8538352474623	
4682.380882159703	4478.129429731215	
2650.6130956026323	1968.061453696451	
2586.4584751904185	1530.2937724771332	
3047.27687682822	1691.9265561231002	
3178.571820876278	1415.1921377279943	
3393.1441498989598	2273.3972015142226	
4469.583827890078	3625.4002788774155	
6219.322295746	7283.701514598047	
6106.938214072769	27969.28357343915	
2965.3759148317645	1662.2189822083642	
5504.418249470887	5021.586147855946	
3682.8485098510555	1956.8108781015367	
3881.5291348929904	3247.0593181841946	
3766.576016558097	4202.833934801956	
3728.04137208083	3319.971248056598	
5218.236468799242	3791.777398720399	
3891.2974917822116	2779.080656282401	
6286.379855942745	6055.704532000537	
2702.8388914698367	2559.2601009050168	
3598.7760046564085	2114.2938317831827	
3695.2869372690807	3685.575410045428	
4255.012747511057	3098.771878502662	
4456.904991957249	3487.356376689317	
5683.732790282186	5456.64606834808	
2817.722615497518	1995.7463800624757	
2819.218840002679	2453.888375470232	
3958.16237903455	2991.7115506315613	
5529.951162347466	4587.7596337380355	
3690.158086619465	2995.6569428854423	
5331.572941283182	5000.871122450184	
5960.761754430265	6430.598594124335	
4241.298755865855	2270.0789857211826	
3055.284510126606	1929.9425713415721	
3555.6750079230496	2398.1011198188658	
3113.629384763372	2101.6191837722845	
5168.838285000413	5855.756336192017	
3350.2252784209013	2723.326855699154	
5769.751211408517	1616.1648340976294	
4792.240027039727	2973.3079534523963	
2573.745862660178	3568.106563268451	
3300.2833656641264	3148.302769383404	
5054.598014871935	3435.0500142010105	
2549.505510055854	1616.1498276971126	
5777.5462529968145	9095.598900151945	
11910.821793117068	13696.011066160332	
6025.269812850716	4490.368537226637	
3141.6667096825036	1805.7437597619937	
6316.030965286127	3330.5672960603733	
3280.3933809838304	2299.550749505462	
3076.337894606043	2328.409372289542	
3319.7762103159653	2752.2318402007477	
2939.1057203133214	1214.0287556397668	
3566.7378891691965	1726.2679206427426	
3675.836946382105	3250.0618301878317	
2983.9861346779553	1828.938017856137	
2992.605522899368	2768.5953324668562	
4048.824764243472	1995.0256865976792	
2769.731569204027	2050.637658831681	
5172.93167169898	4059.0544901152284	
3275.6263120023445	2042.5582637575706	
3574.4030705997516	2613.560505395534	
2935.7859825885976	2287.4231519928653	
3552.173189412942	2903.876784418558	
4553.885853048931	4127.643771392819	
3457.5369172229653	3010.2211875576268	
5001.37567934055	6404.192346957898	
2194.3503428936547	1475.9423714274903	
5120.687474137769	4623.979303866947	
3321.02104274317	2745.2765028736762	
4219.77262921535	5030.032345644579	
3050.4968927925374	2314.898249526364	
3484.1641188115054	4305.814764890907	
2889.733815146693	2688.0571651879477	
4131.148001889545	2350.900964811008	
2841.6977568950515	3320.807111672676	
4240.644289061389	3642.2416825071964	
6530.025959786821	4076.9758920682216	
5628.272369317634	4012.494437988133	
5867.984452527468	16967.416549732912	
3517.8586636403847	2989.4489717772462	
4101.542279569519	1625.187172659721	
4596.9547383776235	3307.1155047183115	
3015.9548002206707	1298.2925006883731	
4903.474924498552	3651.9061130138984	
3966.2599107299243	3444.255524448753	
6415.952453962644	4027.203854956357	
4253.682539509565	3573.285687804859	
4453.951068840288	4559.312408338764	
5348.827526527374	4085.1724466706246	
2724.010902350112	2224.5537605016652	
3925.846343027303	4291.5668276688475	
3896.096271435993	10106.929007685223	
4269.099319039448	3106.4807629347956	
3434.0971033418336	2296.650898800018	
2712.2331179668713	2343.5994394075033	
3145.5843739804645	1777.5647631245686	
3169.669379005808	1937.1182178415825	
3461.852009253671	2240.7017173029094	
4328.767416839001	2615.659669800091	
4004.6705898477344	4231.5381290912455	
3223.0198196969436	2360.115051064702	
4807.57425237293	3318.247367367437	
3801.785659725568	1883.0267116174525	
6201.398431863663	5595.55396175458	
3186.1413537927	2660.61326976712	
2912.8636717052823	2266.3318527328784	
3467.413500136729	2394.015787386874	
2497.217654096818	1691.2077027757978	
3265.8909514083543	3579.5848301104556	
3053.099897661269	1873.5356737294019	
3416.4102807079335	1999.3451358204618	
4019.8459673219704	1790.3986437073838	
4675.174883988596	3340.425234962636	
5400.870967647907	5314.941836536721	
3213.6884180877814	2577.155750584256	
6563.381719913168	4620.350554943556	
3839.697150383085	2858.4882380591002	
3535.2277296310804	3140.2170299005606	
3614.1475460306115	2840.9624643141824	
3345.020425700747	2670.700637659721	
3224.493047405469	2315.7348751050886	
4013.9507948321075	2977.7288826160234	
5719.607726986043	4541.054933937834	
3610.3661569326923	2957.2861947828005	
3069.4636103373127	2600.6161744548176	
2462.1413643653505	2421.63722831563	
3082.70331848529	2003.5397530552088	
5550.142772324873	3696.051086594923	
4380.027092800285	2920.558916310393	
3345.5911858219474	7049.794188659933	
5134.533276799811	6063.877868044054	
4980.533855502151	6119.725329795905	
2928.8170144754113	1716.002761691596	
3038.826063848441	2499.423472882303	
3133.7127944146637	2380.66930051369	
3989.637352946735	3196.144273799133	
3367.724076241431	1428.6729777786877	
2550.867584281325	1338.9620705486218	
3234.951658139203	2976.7127588526423	
3143.4525943557264	2957.6389163817676	
3425.2635031070618	1681.4530672077428	
4628.571418180028	3947.3347270348195	
4517.656127814203	3925.9876167951447	
3877.1944004131296	2652.017649332251	
4045.0052025355244	4384.761791515636	
5664.357782409264	4154.462946789338	
2876.374869759053	2156.0440781180205	
3027.1844266781377	3331.727656763691	
2064.090261016581	1889.342970737084	
2940.300998975436	1746.6306833466556	
2720.0106826363817	2377.9091752706668	
6714.03557024631	8120.811216435994	
4034.5061512085813	4125.845066348953	
3141.366393967483	2258.382923657378	
2389.3222619518083	1760.117010788023	
4007.9108546381585	1944.7315807182017	
2600.2138376188445	1666.1473988107664	
2728.635951533188	1707.4452571076238	
3259.558126133715	3009.5848679571764	
4582.139582422262	3627.958308512145	
5142.982350349285	3253.4485086256987	
6180.140088835663	7424.4825296123745	
2941.25423491244	1538.9138822029342	
3773.1934430854403	2261.5189202234237	
3371.828581074768	2622.257910756609	
5058.189219149816	4471.239027501198	
4485.496419526166	4283.55543553136	
3551.7024915082256	3599.4226053005236	
2527.295839888667	1853.7477405932116	
4202.1221862612065	4635.736813533912	
3950.0355012899477	3553.286851249381	
5047.501538825156	3774.2998140756426	
4511.740260084328	17403.18113580215	
3743.0350679883954	1845.599724605366	
6006.160870951288	4199.982557442371	
5855.780481403852	4379.508471629818	
3005.578743527456	1901.559413240403	
2824.24723621439	1957.22915030988	
4856.603818631885	5167.702042811463	
3140.242582844871	3943.2982386204303	
4497.513186186724	2413.807010826162	
3913.266458164099	2291.138275428136	
5953.866509202089	3918.716550721487	
5446.90153535619	3993.625558343627	
5969.403238899043	3609.491080333034	
4937.504239826506	2890.4214648345423	
4246.275443490479	3691.288580724393	
3471.726494044295	2184.96706990368	
6086.199115396355	7048.570330385554	
4022.3730501880996	2168.6266591170343	
3671.9888530912453	1910.8468064622646	
3786.45675552996	3133.961007471061	
3039.5551953061176	2694.734863264464	
4524.3582327815375	3027.0554778719957	
3432.3302127760007	3094.3102692631746	
4889.485448993836	2976.424554719716	
4743.975057805895	4593.705780605748	
6298.5148070284495	4948.696095349034	
3895.341021820266	3461.8677445268377	
4944.47444401923	3738.268517911563	
6078.409125446722	5614.898546785828	
5243.371604926173	5026.467866316965	
3251.8976428797396	1892.797892531542	
3756.897170188792	1385.690523456284	
2866.9223007965306	1933.7743137296193	
5683.516905483933	5359.959215930803	
5413.233029151073	4232.765811378788	
3316.092640820474	2435.40298789001	
5971.501260831941	5284.895137467447	
5060.120888634974	4173.441079327761	
3835.5245715916453	2970.1544695810053	
2043.744804739095	1978.613584425572	
3851.7134247788126	2448.4011667898408	
5218.255031828379	6319.608167130876	
5479.3636707947935	3944.611005830087	
3096.9604415874264	1867.105171958992	
2560.0655252975894	2564.785353276364	
3384.35326548621	2815.96277353801	
2555.6835883239423	1763.349673404853	
2090.705547419391	1869.312985763533	
2822.4913517507384	2290.2547158117404	
2976.764418345446	2504.592663804705	
4959.204269121788	3776.5915684122733	
3876.3914420904953	2572.0098505943934	
7001.665603973866	8155.792589248202	
5613.794481494324	4466.202610990866	
5617.288484481911	4738.915754382357	
5101.769922884493	3819.314157938933	
3090.842507413889	2073.4638336815365	
3994.3948725576233	3009.858869636797	
5469.924116288745	4377.528704377421	
5141.638395129353	4013.2541966404337	
4673.971519691848	3686.8487766630196	
2670.00481205201	2727.0094440460484	
3802.866352416454	2184.994383563975	
3149.760478709107	2637.817949141338	
2739.8983378986263	2620.8013352452776	
3119.641101141328	2552.4436490944768	
3414.8760397005635	2876.7110168610766	
4198.450450018888	2192.4049453849134	
2795.142772927669	2066.8592253407983	
3700.8921220556194	1746.4792807726294	
4875.871273009303	5635.564383076859	
1933.1947724591735	1794.1293228393317	
3777.501630683357	2867.1966646791875	
3207.9614586569487	2617.17049454813	
4977.027364116158	2148.466638159669	
4286.197404903403	3012.8813171973356	
4226.426875258416	2388.0034602227456	
2911.9934504073303	2771.247363380751	
2792.0465253159186	2503.568201029776	
5094.696007767257	5991.985248117266	
6714.096815196564	5560.06155217838	
5010.356827500773	4706.202483784372	
3473.6129285973884	1923.2979173910326	
2763.5075837551985	1574.1133010194126	
3310.908783216221	1456.6792615035433	
3251.9140030001445	4258.774220021539	
2501.391162631634	1720.2908417115066	
3556.1245497269806	2245.054308863847	
3346.6472559609156	1855.4616309172836	
3198.5763474363216	3515.7155556220705	
3127.3580085624794	6958.203844522483	
4751.476211035702	3232.057445613873	
4735.237332008416	10761.371899629841	
6658.426562545562	3601.8540206112216	
2933.173835279511	4015.7315701715966	
4325.152326441601	2295.5430572680957	
3538.418399983288	1903.2680272455648	
2709.848940245081	1788.6568520988885	
5874.417233041981	5928.385512859428	
5200.167354185677	4354.683403402349	
2642.0865695808648	1340.108998347845	
5062.313815838375	6291.0233904151555	
2891.611519344621	2888.368728008398	
2159.7126381925887	2669.0991147456707	
4799.082056356231	2585.727479647384	
3749.8959090692124	3272.875556419056	
6501.744580024285	6141.777038498175	
2856.66285672705	2341.362866409275	
3871.062933608195	3569.3787259250034	
5205.840583349822	3497.6533529353474	
5076.872111974672	4638.906404299831	
2611.160119981117	2360.7665516189954	
4240.376898358568	3504.3635810802457	
3230.4929300271533	2024.2489081260185	
4474.167350083818	3080.170660134923	
3927.338585462896	3187.6584013228903	
3578.9102750594075	2520.2124138371696	
4495.467052594049	3649.337163365285	
4626.902105719095	7019.099633861706	
5131.516843533168	4911.809657056526	
5496.817585519858	4595.2949481656915	
3443.7268443121156	3407.433631613108	
2940.055285560502	2216.3972808896815	
3348.412534941912	1701.5844513830393	
3594.5404388048414	5557.975951795757	
5365.013392828476	4200.515791318359	
3023.60987978889	2357.348860710164	
5134.847365701033	4702.530199679922	
6165.789360869034	2975.10015835904	
2926.5368325874047	1607.3502402611423	
2886.7716386009265	1924.9367732283185	
3248.221868261686	1729.2888445792914	
3179.520131513936	2875.9370536679135	
4933.132444521195	4204.368224587876	
5198.816750136335	4786.181589594311	
2691.7601230438563	3006.8491469928654	
4355.410019748416	2449.4803014654794	
5065.493305418651	4154.098098653847	
3153.361941918414	3524.647048521819	
2326.933453246906	2234.525398993574	
5370.248279791392	3476.338672655359	
4018.439404341193	3643.199788302312	
2997.2272560280485	4584.234222459536	
5570.617848164611	5225.084704508831	
2942.3072777010907	3002.5235699215286	
4928.267286500302	5897.751655693996	
4719.600095582424	3785.9323870864023	
5272.732508110197	5343.22648309998	
2899.1397988465337	2368.7414316466165	
3315.7445534888743	2482.6315767662063	
5501.944703703331	5958.214192879291	
3178.692908254332	2112.06480586643	
5961.154087928222	6656.342014151573	
5128.435593457148	4216.122620824798	
3264.5811215872645	2455.907419668696	
3272.2774481253828	2814.9694292364766	
3143.505124823294	2366.4459616230565	
2819.5085968856492	1841.6235023575812	
4570.589453407469	4637.233440899911	
2963.0854427974296	2504.5759897158027	
4199.76488193215	3747.2636475168456	
3078.321171035268	2435.061871997057	
6248.354319918183	2844.7231442090506	
