12.416523744382653	8.593819488665307	
15.534239270550877	6.912616576166047	
9.523058003615624	7.564573219666238	
9.960118713570141	7.360174034159864	
8.328563732273636	9.101715105657231	
14.408349983802783	8.09244693488666	
12.90988273098768	8.664036347902345	
13.359842426495758	7.467195336834028	
15.371285994976306	14.813895350884671	
15.416281460385399	6.784063695421841	
11.626498917632633	9.799769015078283	
8.71581137966305	9.72359004228335	
10.573265260614624	5.961863762718192	
15.17916116638169	7.835582335164897	
10.124651798446079	10.654689650092278	
9.644665256770796	8.974829138632728	
10.592514869356355	11.446802002813058	
15.099010621577717	7.4639089143496244	
12.798751808220612	7.7334095991653555	
14.111507202997824	8.178922489951818	
15.599664401046601	6.164677854629877	
18.142651933078216	9.740269626721654	
13.575052571047902	13.33530756090595	
17.22770582683966	6.895588871857901	
17.772881576860737	8.460832892609305	
12.906135888046219	12.712202529819812	
9.928875848994378	11.37002435608385	
12.052046464579341	7.820201142067848	
14.849183665477094	5.719059094944551	
13.840218834599632	8.325234960074146	
11.843186915891346	11.14396119990475	
12.657827887223169	9.975131328776406	
13.480374235364874	6.8460288740686375	
14.854437445436778	8.757730924962507	
7.0964048210191715	9.93161017943265	
12.10428044123563	6.327388330880016	
13.183646480233644	6.742513350065071	
12.326527050841788	9.049287158472978	
7.969979344097378	11.30395718122388	
12.342132051900979	6.126730142940051	
11.449561055597965	10.345618845016507	
14.24296972906419	8.09166767512638	
12.8645224342528	9.849219828748355	
10.642848978626166	10.327520176139023	
15.309041278182315	9.333807052265247	
14.381811735568135	9.346897816623606	
14.16026975141618	8.433604700809191	
13.600462673954933	7.490087949060795	
11.304711330958481	7.389266228329962	
11.637815145292068	7.652180568618456	
12.830115816385176	12.471554315995185	
11.761742643691026	7.112970432418871	
11.62444394408701	8.79715359360274	
10.467501152052465	8.017728422838294	
13.389964500917714	10.603521870639666	
13.480069092621822	8.731179127960406	
9.454470908583254	8.416033532534755	
12.089848475173426	10.041804246744249	
12.717893165498523	9.237926369440519	
11.202497900915974	9.146854814474878	
10.19880128486665	9.134393320664815	
14.93229295019647	9.485132004936734	
12.834728291942474	8.359167281228707	
7.583662559967818	6.703516728032962	
14.925048342946713	7.63533519204931	
10.45500572396569	7.997507212508761	
13.133731171067565	6.771559156639791	
11.619611175684433	9.676198927637573	
10.531419548636707	6.752005493774929	
15.894939535275	6.57098547602442	
12.338004646217707	9.478610520798972	
11.312231944235526	10.146890552252474	
9.944037209634184	10.75408105793881	
10.917938033840413	9.495092621893232	
9.350297864144501	16.83654439284637	
9.55527811687927	8.661436886916084	
14.287208469583897	7.573672107642097	
12.777493188048972	8.350120008349558	
9.563787086064709	6.574535194526147	
11.967774515345287	7.782104571075366	
12.847562620876827	7.274413535566724	
14.155346806867554	8.02158106454316	
11.68743830896233	7.1145155681019725	
12.97760168882396	7.4102487988057915	
12.761762470175814	6.7105334951514	
12.644159891888282	13.080468387810622	
11.744929990522934	9.897379112472642	
18.975096055515365	3.5170985407684925	
15.098795095401826	7.02633938273913	
13.506643708067866	7.777066395814924	
11.486638439233609	9.133575875766027	
15.844905372885016	10.600058004577027	
14.246310982895652	8.1044521499809	
12.874307309826001	6.431251694732467	
18.48176123789615	8.160450299418594	
15.932511769016074	5.657936007288979	
10.566192946329968	9.885723290760524	
10.851761819606063	10.37047562613924	
13.75364033490843	7.631571764768405	
13.62267428582398	6.385981266683892	
9.412764102033856	7.534341836710621	
14.136638011008909	9.593613137459705	
12.168191427013982	6.0461199473969485	
12.962183352387061	11.616818432942548	
19.56550367495866	7.376467184815544	
12.108865809237477	8.044767862670442	
10.338036681729468	9.571981742755833	
13.402266466767145	7.69269069690811	
11.807585204635794	7.415868887436772	
16.066407525606536	9.52232167435839	
16.946907697600757	9.500979465955083	
10.627987953265007	9.537679442323567	
16.052452313163784	8.028507174833091	
8.901583080560382	13.79245680581122	
14.240602316112483	7.388019750213635	
14.16214469063502	7.887645759435783	
11.340369580205065	7.318241379954325	
9.556889695726191	7.652712836951704	
18.810965537554505	9.21309273716146	
13.284206094031317	8.338664400446524	
16.177896807283773	7.39868178589901	
11.371961743145944	12.329110010073578	
10.677831278444556	6.913375425163828	
14.594572530942125	8.765822432380453	
10.981322531922299	6.6364582073663065	
13.530325607641048	7.934287355139085	
14.908095983942879	5.557927763467204	
15.98875409311283	8.212816378885474	
12.264738171552343	8.90236268529899	
14.315508829909026	6.61612765322728	
12.95279149007296	8.98007191994951	
13.939834330726855	9.270610038172295	
12.864207098742803	9.895859007289413	
13.988765603808213	9.438470864583554	
12.68881219973644	7.489845678045218	
9.552643613777501	8.801534951876274	
13.261840812040436	10.425275268227582	
10.72080653615767	7.357040313944336	
9.177139001254826	7.779175486356889	
11.520378325762945	11.344622512103737	
13.983252366611058	7.715028380729864	
14.814663638437604	9.347706070390446	
10.947897155449436	7.212761852120324	
9.161912512543635	7.160980474011997	
13.835070399625238	9.934320778839114	
12.144905398861976	12.507567558596001	
12.30934530669332	10.956135983363119	
10.910135579607932	8.012067310852144	
13.211828283168934	11.229333378203362	
7.317801229778941	6.258372517541205	
10.84377672967992	7.304135156377795	
7.998741623299396	6.530653239091249	
10.701625292725945	6.4625789683540305	
9.541937062952378	7.587577252155193	
14.213848277369273	8.07887805110456	
10.256148079166378	13.962111451427427	
14.494968996607916	9.248284194982757	
9.616395543404215	8.801496382946612	
13.084209669241611	8.61507256431747	
11.029219854786758	8.572177916295608	
9.651165195682418	6.998108927603773	
11.848345794467898	9.462437095687374	
8.826410389281845	6.104816227219576	
9.886523523090409	8.098306809308188	
11.021013674858711	6.963909580965145	
12.788535183562828	11.15888960789528	
12.640675341481233	9.183582532383769	
12.475619792727729	8.563496171623084	
12.751221500861126	8.419363140463432	
12.313964190441542	6.968528561594178	
13.81508418013617	8.201220458492493	
16.07386858735131	9.249388018199202	
10.119155553880475	7.190080456289218	
13.634671703680871	8.228415831827162	
11.575840183621006	7.833885035462361	
14.023471855034598	7.249488803046805	
8.549889520369108	8.375040579766788	
14.73277584607976	7.914385358591423	
14.188059268251324	7.703052614313379	
18.315480125115702	19.02265300118082	
14.98392997031715	10.660690592605896	
19.927131113661837	6.361548093461242	
10.713727325778237	6.483463362242908	
10.377449388942217	8.006027166598862	
11.039115328663582	7.4578718721456285	
13.522720983100784	8.702392926663691	
11.712236440151495	7.642014345150509	
10.568705710670262	8.113434073554332	
13.373950677618435	9.573085629683629	
15.502879983906245	7.741065204839396	
11.740471568127633	7.441948210642244	
12.895757165922669	8.137795440229327	
13.861452453294634	6.605035379804602	
12.175062284622285	6.612739964707401	
11.468123614706004	9.41579438295618	
10.900490187941916	7.164140506551422	
14.018002643855658	12.619876509088074	
14.103182492154358	10.109492756383982	
13.339118836683554	14.660980389005458	
8.842680042129372	8.219050984231313	
10.190004708558753	8.5289397445566	
14.053157554509683	7.870321582988346	
11.004410134273625	8.815570123604603	
12.219172890097566	7.994401892916987	
11.093694377394435	12.009443808716055	
10.037068595566792	8.753957793822016	
11.757049279739807	10.44486631126496	
12.397633685318818	7.915785297610439	
8.04765945966073	8.36827463831602	
13.810866404036078	6.317442833084222	
10.781160462663085	7.136970300752325	
11.81940431466021	8.407910072574106	
21.59290324775941	14.030712971190441	
14.278942855075751	6.904727629948302	
11.398648716872472	10.2898585980796	
11.246715196075128	6.7624025690550775	
11.118224791659545	8.670508804015073	
11.509162678125826	11.18134246377532	
12.31823441405234	11.194637981883053	
11.193953876279133	7.804825831005183	
9.00113527723423	12.792014421328423	
13.244641150627016	12.95498411318583	
13.349143466507686	9.78550402666496	
12.307432516212756	8.536761022053096	
15.399325434898445	9.163449516671067	
17.63699734036382	10.264683258422602	
12.06912577197136	6.673843223809865	
13.826000617663004	8.660631200801314	
13.893233774258324	12.053039301257918	
8.503707847050817	7.974779449562545	
11.08034921451753	12.789201192526875	
12.589725765904403	9.571407302176889	
11.825623197987689	6.910574812032892	
11.444827343689983	12.521041143361183	
13.513941734588034	9.207200612033681	
11.409236721352919	7.5073105504482385	
10.672095935049922	8.53812528794189	
14.605475436050034	6.27358643997448	
16.081458437276197	12.32411730035164	
12.734597238209512	7.540936370177577	
12.383426316845577	9.90264898236947	
14.789750737678109	8.249843669753933	
11.619991662935288	12.3093937176405	
12.955311257363329	8.618383077123942	
16.53605677706514	8.415334343517971	
14.2858122048243	7.190903053890362	
10.50423675517028	10.21912345037408	
12.73507809963049	8.218572260340576	
12.745767706270277	8.970818055816135	
15.688123474408863	8.71825379887346	
12.722730882936613	13.043790155657414	
18.525711366162643	6.810144666451078	
15.758313940797875	9.928271639757673	
11.06045865323245	10.755196769797237	
12.052535128217034	12.151697826455822	
11.699260050018042	6.227076954944493	
11.694917498712645	8.34092574657158	
10.901352178389894	11.510570324237023	
11.739458791103855	9.044382453828412	
11.79252237512851	7.94921670290747	
11.597863747207752	8.858928893983242	
12.329900979153189	8.280372062525572	
8.138666677387075	6.5340814580064945	
7.812722594614549	6.945451408790829	
11.144847239411417	5.629784061846662	
11.771065619528743	7.873196481595285	
12.599463943159726	10.439421840195456	
11.437234684910907	9.03370357878159	
9.298107521920087	8.901526755597494	
10.127110605685779	9.890429488200935	
13.100574436374766	10.016507963628884	
11.088663210097632	7.27707135594354	
10.46596648848441	7.673627091363429	
15.022892460661659	8.201878237277471	
10.669865385824346	7.650554099083042	
13.005899015562598	6.353721056502705	
10.441266385422127	11.314105768306302	
13.669975930046032	7.146437755563674	
11.765541524353646	10.188343759497327	
10.895937809392521	6.405797562205607	
12.86783870326779	5.43276983809731	
12.513372112639344	11.1700107395161	
12.18028738996918	8.043478373636892	
13.83007651893428	6.82286083127977	
10.08037832750039	10.083224097572836	
11.143106417332005	8.163234539995052	
15.000772391835744	6.547257442869804	
13.500987941421911	7.971525303297901	
10.13689169473626	12.424221755995621	
10.578701790611106	10.355823242225666	
9.447425298641587	7.690100891901715	
10.244223217811646	9.89667138341689	
9.715455840737306	6.797164226779139	
6.088606198957124	19.052242998413224	
15.38635499690503	7.895576457089347	
13.912182018023408	10.69353465863192	
10.41459043703323	8.26646697790501	
13.38131530747048	9.104184277120579	
10.181973766557409	6.269376165689066	
9.635788450642492	7.545444344978894	
13.956117850145146	8.50865888176765	
11.126444537463257	8.066879586893567	
15.196745467061444	8.078244592226039	
13.924333571384956	13.87915719601496	
11.811753049946828	6.938131408415979	
11.467554962915775	9.490558749662963	
12.512816313767019	7.198895316500893	
10.009466296433656	8.048719492037014	
11.090891261261156	8.42591967733828	
14.968277879795222	12.242790920545447	
10.601433567520619	10.92251437696801	
12.345587399798026	7.539900375713911	
14.950971336758716	7.8219741457044485	
16.806121916357537	14.532028420882005	
11.091048806016707	8.861605528104766	
11.859883412134778	8.7003125351065	
12.702810273472542	9.064066367900983	
17.53622064977151	7.960431832733544	
13.541246505825574	5.68232687956897	
13.09248166050905	9.84172214354248	
10.26221086934184	8.753172595767635	
14.763445199474338	9.881958588694372	
10.065788092551587	7.781490083885417	
14.569339789765515	9.463897518704588	
11.302993606685757	7.079101865340708	
12.425724167103509	4.909442142537264	
12.36306579911421	8.667803637984528	
12.27551442667499	7.07343648299596	
9.280823534306343	8.053745624936868	
9.504887396813055	10.833148369057577	
10.300787344379051	11.068820310377557	
11.113586845681557	8.705758462092827	
12.002995460347373	9.685715992938862	
5.983995650616726	12.002486841533807	
11.273148958068996	10.272858882904973	
11.911753132572557	6.593141493787377	
13.52262636994	7.803982328975604	
11.610823118483081	14.666317355201343	
8.879312094438019	9.851189310872337	
15.724537657649721	9.555082013109999	
17.24439940287267	8.615447984612482	
13.888965836481932	9.353951342295083	
14.813634223915924	11.8996886532353	
11.421357884323433	10.10559228267234	
13.788253245684748	11.007958815399375	
11.14162991880701	7.378432634361237	
15.58618141751116	7.734350642726788	
10.431859040259972	8.244170004363903	
11.796851333163312	8.850363355377516	
15.60668904963335	10.82293188648488	
12.72997276540787	11.494790856281815	
14.956769057911561	9.897606483930609	
15.096565559884015	5.652317796039102	
10.205255857455914	7.061333396410663	
15.129870943134323	13.418610119530898	
13.013668813466344	7.538758231301307	
13.269845213588102	7.348855122321415	
13.869395985047447	8.357818606855794	
12.824441822601207	6.596617240396004	
12.445574298491168	10.24461617834356	
10.152739653855393	7.408527902177643	
10.606337262331033	5.497323103955346	
9.245709778155934	21.707451523547785	
13.53360419091362	8.22648580024501	
16.469289850771816	10.656741219061868	
14.104838866821698	7.981430309722765	
8.01640039208026	6.140638874172118	
9.561853158751298	8.381541371080482	
11.68290637888765	6.002076533839006	
12.354748892901444	9.644128271132896	
14.87675366555561	6.807905617092982	
9.830104563295489	7.28239672377703	
15.283570253146403	8.51144139678221	
14.17010886826197	10.244483212272845	
14.96891635124313	5.875650307943602	
12.94574933478011	10.13959793752946	
13.562985621089677	10.386593742461983	
10.092414239683015	8.08336039031697	
10.469321804867835	8.935236000938154	
11.407575623678863	8.758750836451396	
14.819921575155892	15.79129057555965	
7.435735412562142	7.226192283378585	
11.009882538323192	8.759829085993028	
25.558995013063832	13.917256041938051	
13.551986959499125	10.247388717361254	
8.068476567789402	7.2512821362596664	
16.419164804812002	8.223266026986591	
15.281557554386106	8.945255032948783	
13.293108970237048	8.994779483386548	
8.745405200685726	9.542656918378079	
9.014432177167244	9.000652185423995	
13.30768325288744	8.462164195620653	
12.381472297593	10.40506427589977	
10.11768254151871	8.737989263697386	
13.654709929662271	12.085888358921242	
8.318215264621228	9.032593658127462	
11.703429132851788	7.686696789450788	
7.607949189265758	10.404510163621874	
7.445199180752846	7.31683110959468	
12.287530592019202	7.089389518138557	
11.620477053936273	11.75621341317974	
10.258487928896997	6.553080403975892	
15.68682670371663	10.730221144943911	
17.79893194625407	14.71633107054357	
14.84400498495752	8.213655276458022	
12.340797709774971	11.324576450180086	
14.827862087465016	11.52984309404347	
11.393676919513641	9.442593182815715	
11.401050822603349	14.18263880212198	
12.654275221791838	8.408297973951438	
7.827314853535629	7.831612091139968	
9.44961794092746	10.45568600263788	
13.867969179275587	12.619781874571185	
16.11173756935352	11.835615799184396	
9.743890596984704	12.779672379060523	
11.84828228845486	6.433703795183185	
17.43773057143613	8.53953212247051	
11.290116862620037	9.050175459509646	
13.709470605542487	8.0915379202647	
12.341594225699833	7.572571249723021	
16.84900498687107	9.62902907741038	
13.63301489985874	10.395477598894542	
13.546377704247101	5.656420444014829	
11.927012520574978	8.699848333323919	
14.975129228483649	10.01102648426797	
12.382258152898181	7.687229383775811	
15.56742313049015	14.705226348376973	
13.502507601158475	10.567488832287633	
14.446850185782822	8.92903979928688	
11.60517181827389	7.40223939875201	
10.642828974584855	9.947451122423043	
14.791269190943748	13.620521262063392	
12.722240004195072	9.615314801167154	
11.959473112274605	7.700609326687644	
20.231000372759485	8.187068436110069	
20.55582274229312	15.016434337371019	
13.578427944318985	11.003968739532358	
14.955077729541523	7.906883883750649	
11.947002920501857	9.58821558453372	
13.694407179510053	6.952249586873431	
11.997554482257618	8.697435927595064	
12.639752209962404	10.313887330203778	
12.332626910982944	5.99180341315502	
11.332536606876962	8.62132796070587	
13.821204789190174	8.628761661288303	
16.462429839585145	13.188803888998061	
11.03493109269756	9.451019616385084	
14.14119523129459	11.920430978703667	
9.850571961004135	9.680486778653693	
16.569611273624947	11.16244663164684	
18.629119473777735	10.210317127229146	
12.810667418351578	9.429316609572819	
13.896576970486246	6.97215119020882	
16.001940428345485	7.339360670548082	
12.270042471062986	7.701583272783939	
10.993460195768888	7.818328442244522	
10.23198590320645	6.9848047246211005	
10.002775136438405	7.463745903190939	
12.783985281971168	8.26516756453282	
10.255521095667282	10.313943310026644	
10.896906062297065	8.058245144340036	
12.249677343240668	6.08392080516105	
11.139420423712068	9.548673106153974	
12.34999688066745	7.466318508603476	
15.37053403445489	10.912986874601742	
11.281427701853286	7.76734000129318	
12.909153028224758	13.68776672199747	
13.278921075451178	10.199365860971936	
13.051097924373996	17.695608565670465	
10.18154662129792	6.735722564792564	
9.053536082534364	6.975331355565166	
7.382442761809694	9.450446818622984	
13.016098292412481	11.501609979806	
11.781117671622095	9.506251877500004	
11.288792026736274	7.626925979964625	
13.036043173090263	11.040310617016518	
14.958084132266011	9.04646522399916	
9.689797706088372	12.254470418825774	
10.53698602560661	12.720837163576347	
12.084355834536854	9.774373643882495	
14.463512427287284	7.399774880057164	
11.556726804144638	10.327180414302225	
11.923415214569172	8.232921345002703	
7.647404470282334	11.762839703337185	
7.709319616349394	9.947042142680463	
15.143615799569949	7.241180085897953	
10.563154733610558	7.734823670443168	
13.358386969430821	7.543247767164318	
13.718677838571816	7.7002303164049986	
13.138637320019892	7.944518936719037	
12.177367128779158	7.331804837734907	
9.778537995410217	7.459146984750765	
14.002417437610337	19.27197232138479	
11.21650163730042	8.815402603571464	
11.597956803991336	7.380482225136879	
14.230055966069733	8.93136230917515	
12.14975493042681	9.24565131026668	
12.09921766942582	7.414697808364114	
10.742990162335305	7.7267170348838805	
13.90879574365118	8.3175016591148	
15.567394941606322	7.529383916729086	
12.648414984361983	7.046293672575168	
11.057182145120178	10.71036885807882	
12.168208719718006	7.039988676765	
11.18918116169005	11.54104139892242	
9.062655173209937	7.2462204664191905	
10.632347817278058	8.070997918320112	
13.978017506978958	5.269374732967413	
13.637469976109385	7.721996778594344	
14.447948944239247	9.286253087222756	
15.754226015399864	6.254932782863178	
10.785429456678372	9.667243361738628	
9.706229286470958	9.319028171214095	
10.09165996021234	6.525772061251739	
9.307742414835339	8.039253275740288	
13.701006045793823	7.766808726563582	
15.416771857445209	8.973516985661915	
10.593491932636438	10.197766764914148	
9.278242776737557	9.313381612650167	
10.171256508292792	10.932431191311675	
9.93027476852919	9.74350526721103	
10.02649255705267	8.38512997972316	
9.775529726675156	6.723757887483242	
12.781451221698024	7.692752548790226	
12.467721569022952	7.403360380997393	
12.66393714886546	7.489724425574764	
13.090733604622692	7.234776635093689	
10.417191601001196	8.167967550299155	
12.91982717623826	12.54244912747148	
10.060278197656345	9.465535107212817	
10.507156601848301	9.749616673834497	
9.703387060574379	7.066185435353445	
12.32687059537655	7.865333243811476	
12.357192485177546	10.300771140910845	
13.08388636035363	7.675199337381785	
9.58498564036657	7.332151219973784	
10.283103958766402	9.59781478787336	
16.424241993517875	9.511561381746795	
10.03866787782595	10.758386365749343	
13.539415369880858	7.435886758252376	
12.118948520437456	7.892378553753275	
7.93859789561927	9.18832252579315	
19.04788961098	11.20525176186244	
9.488450798774103	7.64182756960675	
13.912096843666534	6.778262883625	
10.254980795577996	7.919988823478296	
13.158261853361676	10.265814610043575	
12.769270371841131	15.45057262693262	
9.85149531861554	8.284567229064198	
14.557948742102324	8.881410888714312	
11.269032056948468	10.15425082411228	
8.002872168931013	6.322704511808457	
12.205750426280655	5.508159078409829	
7.158143910301973	7.489858832666525	
14.7495546507593	8.514242040591991	
16.836813277055004	7.402784872496817	
14.577341811822123	8.083247923861814	
10.482805249166086	7.304416200490128	
10.461246946692928	7.101774776901785	
10.450755183549763	9.143428944709145	
10.424924836911904	6.080277006167001	
8.994543547231006	7.42468720892655	
14.204693613761416	9.815733130418545	
11.598535210345373	8.430466736759897	
11.65046154151741	7.675673625044388	
12.061246443058119	11.268616429691347	
13.359667214627263	13.420697235708476	
14.625452322026607	6.726615313480137	
12.311242010469932	10.474941473463714	
10.346585331212555	8.782623045179246	
10.157841313154044	8.174314165224313	
10.460827470774184	8.985427592512409	
9.2484663941627	9.68781762209052	
13.800170968640309	6.2816796126303265	
12.256853442350641	8.588584811870085	
11.964508419057024	9.639034795924646	
10.427953990006301	6.692370036490776	
8.16596018155554	9.700362627051275	
11.256767907688126	7.101419134582019	
9.2733741796153	6.8612775700290705	
10.213215422163897	6.798060559041877	
17.01558349045196	7.995682804797942	
13.250025944019718	11.74806407389495	
9.636849254178868	9.877040086843145	
11.931638531939003	9.037327815710318	
9.157657938124556	9.450337355328877	
11.467139866572243	9.909467444785435	
11.693284169588807	16.28831024203603	
12.253240746316331	8.447792930230275	
14.60103462656872	6.686310128380367	
9.416253736422144	12.393055065588293	
9.61816030683486	8.519777795467123	
13.429571457551932	8.91513483936376	
12.533842651104298	9.689918800697072	
15.578772211515457	5.675155855440791	
16.07244091157699	7.9872757795000435	
8.251961101987773	9.769082034044985	
14.520866541947488	7.030671645116241	
11.940867464825912	11.68709053821382	
15.368696882550248	7.336210462178289	
11.883836313070367	7.670698077309176	
11.890541741563943	6.956702898382301	
11.293480903690185	11.210912327047158	
11.442077983158862	8.834366083269913	
12.066151278534276	11.31015405887656	
12.831828411608246	13.876417029223997	
12.980656718554311	7.732316228420632	
13.14657691009061	5.198734423754795	
10.810150488562625	8.713711679999264	
9.901785125737835	7.18615683749861	
12.353798121531174	10.415965169620057	
12.025225686536015	8.028595799884593	
13.434564332115814	9.658418346683332	
12.875705897013956	8.549879758170674	
9.86975087668852	9.989142572944361	
13.882011966902915	9.15887702324846	
9.711820575947483	11.22460249748837	
13.985327710349978	7.251158465457703	
14.57332392514325	9.593375411512225	
16.289957502773145	12.745896886483653	
11.584887727068882	7.4651963382481075	
11.439787693344055	7.083405841690231	
11.19279692185604	9.894436420182245	
13.238329580970866	8.048748997330184	
12.27064809990868	9.556864561226211	
10.722825367534792	5.030715427012786	
15.293926528405997	9.018693330895804	
10.532467247807979	7.689709530345186	
14.289572730593106	7.611236867066963	
8.885628923358919	7.243056753293325	
10.826108724775457	7.621610892047059	
11.402388517822075	7.810866675791713	
11.854648982666328	10.144130573324132	
12.707881564937743	6.812789851784007	
14.251922381471896	9.446869909979624	
14.117389076896751	11.73968288320744	
13.046810906886112	9.343566638237847	
12.619291677750715	8.827687781407624	
15.025931221316217	8.100920922723198	
12.258897733953058	10.563157551481641	
13.66735925355293	10.231133474509283	
14.074619383677849	11.399475222626346	
12.666324135243034	9.924150517217232	
9.111164052159536	7.1050367849520955	
12.884668685212258	7.892061217221088	
12.08706526428052	7.197466600746992	
13.659822274325904	7.103773297207939	
17.508060385750003	13.299709160426367	
12.007006894762455	7.419542111654939	
14.792128021760204	7.679642225855383	
12.41403815574143	7.61093870803761	
11.049406726060807	10.172687123436237	
16.127705139052416	7.211950952631054	
10.95069042514896	8.089723110076818	
13.876842941411365	9.004783419072252	
15.838737105835442	7.651218404958146	
13.81131481518766	10.8968886118954	
19.78842777307206	11.667097217755828	
15.916603011711393	8.97519373219815	
11.538293836853436	8.682863874037858	
9.986582076212747	7.631267722722508	
10.443206810467466	6.547865518162636	
10.769284475944064	6.886625145624451	
10.35619280869689	6.944719843885402	
10.44157778215046	7.127439356247251	
14.43339742241531	8.039919753051423	
13.334560187807234	5.9165747060179195	
16.230521352326914	6.854947242093953	
10.050845708940862	10.741101637822183	
15.008479712376984	6.864362128198213	
11.014399883884993	14.370191146729155	
11.04940402775401	8.625497807055206	
12.930598691898382	8.116519087373062	
11.039118513739348	10.701331885687326	
14.781315207679706	8.820514196707519	
12.730825683451945	5.982163537843845	
12.809369631963271	7.280177011510892	
15.799806567298932	7.300944441942265	
14.109678404438144	9.184632288525632	
12.452203401949324	9.391349262829083	
11.542801554818533	8.96506664738257	
11.614708575934543	7.774789467548775	
14.93640457942608	15.989783894251309	
12.51979461358593	12.906411048217887	
13.926486306955534	8.764024827742196	
11.445152996607924	8.929872172353388	
17.688621299146238	9.106228052646873	
14.746270688123316	6.485061369218505	
12.606127428461285	6.4573157139807185	
13.85049595686243	15.279708794807497	
11.082022261019725	8.015723258703002	
10.891432102004348	7.625416923121411	
10.524553321549982	7.80644757120707	
13.34159500323146	8.062782551161456	
17.213838804719938	10.814527668021654	
11.32707547847932	9.151980697228352	
12.26760581298521	9.46475599215418	
12.77802916345604	7.463800674064273	
10.127789994747761	8.350391191327015	
14.398844226987817	8.03001279819749	
13.959398071466097	8.94170017090578	
11.766126312262712	16.030784009428608	
13.713153171611824	9.085975173852068	
11.239882202396767	7.611152147378289	
11.711935015400634	7.850832016966458	
13.683883367543013	9.092618721117972	
11.250590310476687	10.910921034276344	
8.921213512394548	9.983740092392853	
11.2806837066753	10.20991686078293	
12.228910496242479	6.961534100602722	
9.763280988325265	8.12738603436467	
14.530621386177321	7.532870522184051	
10.477461108074504	8.41210673145307	
12.675830487053139	9.414997112165247	
14.182009945334842	10.545423875344836	
11.294619655657234	9.912874897137593	
12.625663879433954	9.650248589920684	
12.150935697622785	10.220116043509357	
11.369037952695056	10.247055262235916	
15.154836071426041	7.218528085431039	
13.486964159286408	8.784559881654513	
10.816549569253416	8.398576661900083	
15.960850246091512	7.0359119919294395	
10.001498871704456	9.838952618642764	
10.283430564429935	6.7478586420934805	
8.709505454326372	11.33804705501324	
17.026867770152084	9.673756782481636	
10.02853079499591	7.508380471694504	
15.227255649869534	7.673301769991815	
13.247526447662837	7.18619424846976	
16.044946166618505	6.808847357411373	
10.46481134147781	12.78647874697418	
12.796075123061422	7.441695484736463	
10.305460217395703	8.954712444952328	
9.82543298229795	8.296954733025965	
12.448661533158992	9.97488610831638	
10.815673030133155	12.725436185604464	
13.286946856508774	7.42841308335976	
10.44601129208885	7.061493306349148	
9.960746870693749	8.14616794760423	
15.743651524356014	9.192616974030086	
15.492609947630216	12.296769201426777	
13.466171356341963	7.953524184732269	
11.793172754867967	8.28101021085064	
15.313116480019026	8.773832984710875	
13.024281765665513	11.459720459088937	
11.235670304180404	6.557936852267615	
12.230592319802508	6.371385511571359	
9.53186102130119	9.568582215189426	
14.87637718407959	6.926161113230878	
13.66860886287282	6.564176807408189	
11.464523975261093	8.366473763267685	
12.856475901544684	9.26072214482683	
10.686381265011054	8.460959464465368	
9.999791661292255	13.661022861874136	
11.234987747053728	7.9505299730556915	
13.962830935128885	7.527317000006432	
15.154635685372611	12.182130444025042	
18.032089615610907	8.719248900196947	
10.92208643345093	9.568418093883295	
10.261121367830015	11.220728657696704	
12.673698805272235	7.626333783640901	
13.35732917721373	7.118015263351365	
11.205994849773864	6.905948025892159	
8.344558554125449	12.382440627659046	
14.758329325085873	11.588416726227587	
11.917125397651755	7.295701121623565	
9.372146337592481	8.483601500740754	
9.112713535090139	12.457503804578598	
24.91048216983438	13.429334293399341	
13.380296362938848	7.702752951413724	
12.755888682579746	7.454563474041853	
9.854724196685092	6.815951532418241	
12.976363828336801	8.453181896496234	
12.727014636513426	10.121572323702658	
12.083408784114578	16.315126178189377	
10.979675968915537	20.622335624689445	
11.445191359101397	7.8709521693529325	
8.716646763709479	8.946982241383687	
14.175416145033044	9.16916830111568	
10.786423351135866	9.765936618638884	
10.48589588419836	8.154266557048482	
12.158600049365958	5.971815488889096	
9.61333366367236	8.610400612309096	
8.671899747936237	11.826373906898734	
16.95439098296373	9.578704080615191	
10.604789800123807	7.683627625824069	
11.264257203097655	11.188087216855488	
10.258102649748942	7.245368199228606	
11.14361227062087	7.568615479601041	
11.254798974453479	8.931097218909724	
15.479270762531616	13.855660633584582	
12.407158784824363	7.079918739956484	
12.183793886084848	10.49121330149842	
8.501387785718322	6.965602284764415	
13.555139532275541	9.567844070663305	
12.17394997182279	7.049305340454117	
17.544265040043044	9.575150248676485	
13.571976057627712	7.139802353658687	
10.594333946599582	8.460325413712773	
12.434589539490014	10.596040927132824	
11.540317647685779	6.062971118417083	
11.99666857147361	12.486034958005611	
15.892413519759543	6.947172785523573	
13.715900876238878	8.742387212030227	
10.863136783702664	11.712215114283858	
12.896334956541427	9.063206019844507	
14.606514022477294	6.918233588123568	
13.71831901557635	10.169200941873136	
13.478212364077407	6.988405643890037	
10.697546108347762	10.080522575178266	
13.32409902777283	10.140850552896467	
14.74851308516034	9.318108279900104	
10.63571069079498	6.994048681434017	
14.976381631567525	6.801900127359535	
14.916200655184557	16.302289087776252	
11.310420616765292	9.74513551627735	
16.85128020373758	9.875203541833482	
11.976333045181867	10.20308907973177	
12.480231958169758	7.923497886201877	
13.311607056720629	7.468005506921733	
11.974236711237062	8.337414041059388	
14.275986247175805	6.614357435991799	
12.692613047795296	12.833518575629347	
11.556776286734443	8.351806850681418	
13.214476392642037	8.332853265370616	
13.449560884400801	7.342724452093508	
13.447495058402115	8.375131212968359	
15.489186307912624	7.287054255663945	
10.119276150096141	9.466096371456883	
10.921177276871575	8.658913641781501	
9.481412784696914	8.411227785581007	
13.195854374170464	7.817783905523063	
14.014102923031036	7.143905808741857	
8.294462422236128	9.907702937249757	
11.238410625236204	9.692791199673824	
13.563111102244893	7.072109941524075	
13.686373891584664	8.22604463409608	
14.297671699666946	9.76436535531259	
10.191192680483411	7.458208376638362	
12.895315336511937	7.065778788120791	
15.206220772747027	11.45289686795315	
13.793999070678884	8.589265547941544	
17.89643003218145	18.315161734912063	
13.05379049436659	6.305252752047284	
13.57110025356801	11.310253191330895	
12.687602227963662	9.292074396470875	
12.164512494671758	16.346202133113955	
17.385083233073008	15.973125755881165	
13.125603045051717	8.169637694764623	
10.782754591054262	10.902653334582972	
13.030970789345968	4.950835227684279	
15.46404531349505	8.578638643825393	
11.013434045063049	8.835880524700439	
12.441147016204349	8.083139562875196	
9.665845850547004	8.084769027974062	
10.971120841214914	11.300067817666193	
9.925130732492448	9.177306351519084	
10.454351167384337	6.39843235232027	
14.6568287441784	7.110469318253356	
13.533148596255968	8.846145636432869	
11.400706331082493	13.576439493969186	
15.152088020980713	13.896395249109124	
12.06502627237433	9.683900542115795	
11.315375975587878	10.210899588723027	
11.706041659780373	7.226839947830783	
10.84244621026316	12.413471618854555	
19.99387695816374	13.79985102501387	
13.252851517087375	11.794572384883095	
10.242027750323276	10.559024298144537	
11.028964581913543	9.01041820342779	
9.888664652603829	8.29480156780987	
11.585040963795995	8.15940275434014	
11.381378865126974	10.128611121849675	
11.86627721496951	9.393288575521712	
11.214531276376684	6.6429703257925565	
14.6994675070995	9.281494049474025	
18.278244063385564	10.789785020463894	
9.918507783253098	9.285512766380572	
16.809106154999636	7.379382094888741	
12.29698910226113	10.495947422471552	
16.993684780733677	8.066733720401134	
10.157189603955482	7.737960272973854	
10.66795892384432	10.55334862379471	
10.640603519427785	8.69902208983596	
13.142397186289298	7.596359847367931	
6.691885770048803	12.877568326981041	
14.819909907751505	11.407324305574681	
15.507310095052711	7.121941519618124	
11.78059115847645	9.95350286069867	
15.426782591191085	7.155975930913206	
10.077385699965069	8.286009434250454	
13.559543413101254	10.766022334516371	
14.525904075692614	12.321908810658947	
14.167872984706053	8.503812085078097	
9.57424395333098	7.380589996175369	
11.740296558568033	6.693227679372534	
12.084308656596882	8.079748871758465	
12.797602071466244	7.737124946328839	
13.430075418374056	7.64381765891016	
11.188167609583077	9.630964411137436	
15.72025121190711	5.618213201328646	
10.706227216372273	8.49061924543236	
12.809940136133173	11.162180134946395	
18.645362017718078	13.44498507688127	
14.33977869220809	9.715748170214132	
10.611438124823602	7.0499194324998	
10.853456730014278	8.055849188081048	
11.833366044835225	7.3696966355019	
16.151421255579795	10.05708257254935	
10.728232223113483	11.771142483308582	
12.421176016134101	8.084856764027034	
14.320832721510973	8.504098578992068	
13.009887228590518	9.506640490209824	
10.252502340435834	8.203956545211659	
10.309486456002752	9.403189227756018	
12.288287928942028	5.424518633946996	
13.478537086604659	11.701544948156242	
14.781024322822022	10.218573619469904	
11.970526189075327	7.370309112691753	
10.40198538699636	8.73488794044215	
12.874466930451133	7.996257325080763	
11.018418040651865	13.352677295706735	
11.363068017563505	8.128947376583435	
10.803601230104132	9.990608856503819	
18.48226028170933	8.513184454451219	
9.579230709796096	6.6317119969886384	
11.445930290354449	6.844213742059572	
13.125294183778678	9.991280694199611	
9.669118408486128	6.580944560834468	
8.635271526068484	16.40724233380256	
13.950955775731781	6.444347769498825	
13.792204921497795	7.746464905821166	
14.95910013213049	8.655855731126158	
15.386038805468432	9.05457948795828	
8.524182286482192	6.250444191592609	
10.054592360386305	12.586852428049676	
13.709340774589574	6.669376386996311	
15.268759157381849	12.269865322894274	
14.386249722010358	6.491942910425479	
10.00835755278186	7.315845496885993	
11.696929632179948	6.751092559856841	
14.106466929973545	9.660674257446423	
15.34832433243769	9.422744306522988	
16.73283560896399	7.049075637390692	
11.121291257706273	7.7171303230330786	
9.248370945334091	6.847503729821463	
15.323862780920722	6.87896834106169	
18.573477352719703	17.291355979206827	
12.213948321061297	10.135728690213886	
12.255508562987437	9.628509331922436	
