8.043377996896057	5.445813129823147	
12.167247188782493	6.428168934921647	
8.472879389559406	5.233743560600884	
8.071943382408806	5.773220157924775	
10.069996479739686	5.898942374163602	
9.784084218070836	6.46612976461018	
9.98491960888982	5.9933058047930325	
10.547371501694993	5.416133254348224	
10.20791728153672	6.5901294648103095	
7.7661506376747775	5.77572455103391	
10.196950995939194	6.581996805093289	
9.936289773497075	6.0310956413226835	
9.41105868617344	5.889044723789203	
8.859717965043505	5.297493294484202	
12.307563390748275	9.458064211160886	
9.351217909887714	5.6015965246606845	
10.22961819630249	7.360838680020703	
9.738530877872096	7.299181865962607	
10.705633206253447	5.563340424728269	
9.967260678632146	7.933762008470348	
10.48885963000995	8.842950361636307	
8.755304234840105	4.265786990895715	
9.555092623825892	4.755774780910887	
9.181786407379203	7.330333896753152	
8.063321618602503	8.330462687654899	
11.73751159119535	7.831199805872234	
9.085950654195111	6.174030825192646	
10.621502120828817	7.498457194544714	
9.702549902969968	7.730801840099534	
9.046497362879304	5.20786070504835	
8.970770569117375	8.075145502732928	
11.291343402428499	6.753350419985085	
8.75534266231208	7.096724556783328	
9.358041675668774	5.934802384056057	
9.617638112361501	8.036611725661475	
8.516347764017986	5.1847231396617754	
10.098654716571751	5.557395884229658	
8.89974624560637	6.059986030921584	
9.110545658051349	6.777262004364355	
8.904022500210006	5.979121995326631	
10.142615371087523	5.012150584222132	
10.758536390349594	7.356920158894211	
10.411492591729424	8.968098537907563	
10.595626025512363	7.097893956740795	
9.102382266509208	5.027139926027751	
10.498825811277731	7.283223395546249	
8.122609312738582	6.144441491269977	
7.896760104263597	7.677195919849877	
9.732221637084187	5.522437212422718	
7.233095390456588	6.9072754224218915	
11.439314134324624	5.438906863740441	
8.218635461484675	5.20239276921406	
9.54779912434014	5.520241111533768	
10.202651804163626	5.613386071692043	
7.380392795597581	5.095739709623114	
10.848836713490412	5.768983543847221	
8.144567322033938	5.8045983085670985	
7.548088961515232	5.92377477372128	
10.710339173193697	8.634566114643373	
8.795569531851312	6.985604446769252	
8.928463831806384	7.122323447073073	
10.885828345716307	6.0296959258460765	
8.293606225326126	5.9986056468597795	
10.268594365922258	11.87474085650111	
10.792569636780547	7.173428121538136	
9.071879205637588	6.250485599352032	
9.391690156116297	6.141876445105557	
9.977421734004317	7.498839938286047	
8.741775582374629	6.403435880706969	
11.108503333386471	6.4526402285421804	
12.643885627323572	5.800969314923441	
9.440195825897911	7.941595745450047	
7.285104871684274	5.867608323318298	
8.129509821139555	5.351825541218288	
7.4434166123444045	9.620114748039043	
9.833128054630576	11.597768156367922	
11.075868072095426	5.407104325340283	
11.178801253057907	5.8420945835886515	
7.2244500004490915	4.203654274155783	
8.951636193167436	5.713113954659793	
9.482325413879465	5.071356191225885	
8.875677494499426	6.65134313440921	
7.411680119929859	5.248640664248952	
10.531284610593927	8.78557073889315	
11.61396108252165	6.996734314650872	
9.138929464401699	5.914808161784867	
9.308427118697562	6.122151216677182	
9.23988761221526	8.15942969697264	
11.4392765713162	7.887730386475475	
11.17232534606579	11.998820119909457	
9.536540460229633	6.739634228982145	
9.516299203071924	7.680114918038873	
7.99541694272861	4.766571610545112	
11.017842694573671	4.768015431382088	
8.678897445128129	5.667400562563066	
10.266585185810818	8.57141122166631	
8.13254291679009	5.6997882165833	
11.925109093512843	5.6652120029833535	
9.34003503480761	5.5098166542168885	
8.830604796742229	6.221843923326017	
7.714750148928959	7.438033508090131	
10.386098838340104	6.07065316012346	
9.670499160281661	6.216639516453867	
8.469041867995193	7.164009782566192	
9.371971494421112	6.237154923202225	
10.6785076401511	4.587040216559224	
8.2123646319015	4.916763566249542	
8.450261848998961	5.869852747455374	
9.615741569662745	6.755696817506239	
9.410862836656769	5.372003082448831	
8.583253747692764	7.077270975910092	
8.42588440394909	4.608457081163618	
9.763351643273287	9.253710349358254	
10.301400714618927	6.364132850476753	
8.059826709548023	5.785413997245779	
9.329288113925323	5.964815781157592	
9.61523085670653	6.346437339338823	
9.50096906789108	5.594483310820913	
12.867815404953301	8.129511890154644	
9.617043085227222	5.762134059216849	
9.53240080752878	9.327879974067018	
9.537412992435566	6.691974285541394	
9.580439340015474	6.2861358520116	
7.066779767446203	7.378301451764938	
6.901461975633439	4.706307331846196	
9.509599586698497	6.381287879349788	
9.699908348078976	5.865288259291183	
11.023089288957829	8.248560302057943	
9.130028647994001	5.491074299276749	
9.805263505617155	5.192029010153232	
8.530609045621988	6.595885834922713	
8.63920813287209	6.889218334465045	
11.097744468553916	9.291508040541455	
8.342341063891766	7.674252395963536	
9.68727714987577	6.635346141996386	
7.864417282018329	7.753505809750568	
9.203756072130403	7.095188507583628	
8.96992871269607	6.593326385028552	
8.314823351332521	5.013218853885079	
12.549070906827046	7.69135348774196	
10.853048506129964	6.105668533735896	
8.961418037437324	6.988678679483562	
8.111624128455091	6.089496606111131	
7.034101906686814	5.796993935312509	
8.29500091462134	8.82743962924098	
8.710496955556776	6.75842267696456	
6.7610847668718375	8.404470997193615	
10.07911520912046	6.1492612437242276	
8.549006020107425	5.537563176565455	
8.320825653000018	5.242468968567344	
7.978687458920707	4.737682797859797	
10.883546230463786	6.5786491612403655	
10.29918714921484	6.944704494564622	
8.683066956878523	4.9608915757833705	
9.69728867729048	6.857325124861341	
8.40784168407503	6.057000111510144	
13.692500557160399	9.317627215289027	
11.070260143474247	5.530475028212385	
10.445502773781845	6.032510549768254	
10.33358447412887	5.168885347249176	
9.50479807078123	8.377742357677379	
8.320069603378077	5.787980986769297	
8.647968992860477	5.052110120291499	
8.939726023451296	5.9006218685081135	
8.85647253052036	6.148592303878117	
8.680758074273639	8.022817993879437	
7.900438096647707	5.7019608714455154	
7.834130735277537	5.740793675511416	
11.788944136088967	10.360967246102438	
9.879213850343179	6.058414606299894	
8.979621536825524	6.524768627805004	
10.965540201734251	6.353259414161306	
14.408015025761397	7.9383693749095015	
8.429276781408383	6.273552490553302	
11.975421547277625	5.507128028700577	
9.175486154427372	8.675866708227263	
8.3920715873748	5.399863912661495	
13.070390124868123	4.719777966070301	
8.565449245429155	6.751465595877058	
11.571344385657502	7.993094720834069	
13.894575943221973	8.82909634280704	
7.397815374574989	6.242823912161419	
7.876024922089583	5.54054054400912	
9.132467042536879	5.222956522340098	
9.361330720444021	6.039102043065193	
10.010745701969148	7.499508426478234	
11.967693526458902	6.940730075470861	
11.029817616040363	7.444391413594487	
10.929274409824881	8.032608457883255	
8.417874910429473	5.786630275577935	
8.22210694883058	5.267222877969579	
7.611618532497249	4.8056201285004585	
10.047394218459088	4.900029983789827	
7.7097980137364495	5.582432505276534	
7.936074990861171	6.738388981448203	
9.665409498430774	9.575791527688235	
12.089920055433156	7.625390448168846	
9.084549464410612	5.5211054148812195	
12.726818072166846	8.179024525037294	
11.290680854356806	5.94848741110924	
10.089290045236787	6.332580661060826	
10.915820286902811	5.854475141490842	
9.225878164261482	6.190621248081521	
9.67094279323932	5.935644370728183	
10.187156095880491	8.861292891351123	
8.983644871446707	5.852498826905564	
9.219536926197351	5.358122938382316	
8.231785906674027	6.62328834579076	
9.701763655666214	6.022681516608521	
11.837940347165253	10.214037372165684	
14.23411180587346	7.661576620715645	
9.00217748442977	6.852870357768255	
10.45198801007355	6.423322816913198	
8.608030032574781	6.587575888172948	
10.826459133236236	10.465727471381618	
10.683963126643992	8.504961219927393	
11.417950996301565	7.82170766063408	
10.275128621515966	6.926306079111371	
9.852657113302046	7.0447318892533906	
8.18130562463155	6.122283786713063	
9.883145475099758	5.240725188327965	
11.27356431656824	6.4425806971764334	
10.33213686449486	5.6212059472253015	
9.940798654750552	6.270168974857184	
9.670909905487422	6.414680994177507	
10.261735796225423	6.938204633023732	
10.882064556034779	5.335609814635855	
9.485210427962125	6.566291905874227	
12.196383019019649	8.474665769706494	
11.342335720737072	7.451562044966759	
9.164769083849617	5.697207271415134	
9.167496627791209	6.190429587760663	
11.316019446346484	6.567817080308218	
14.266419812362543	8.767856886107127	
9.974462044561786	6.437321623823263	
12.078600297019245	7.037128091165676	
9.749397376285549	6.862790859071225	
8.340260103096556	5.464644419974056	
9.215505344072064	7.053778293317855	
10.151457617178542	5.953966029313648	
9.555047575414694	6.732054903340988	
11.797064607051158	6.141369328203281	
9.826769876099009	7.332659382696396	
7.128372702302394	4.91152589606842	
10.901396051658011	9.262275719996872	
8.885687493485472	6.9233065030260805	
8.617615650863042	4.880354195264485	
11.337578020525445	5.969879482171417	
9.861396035273803	8.244336628492276	
11.524166843505183	6.203387724213928	
13.844236171743544	6.315523367905778	
9.43714886912874	7.403376198643885	
9.689366023762004	7.508245844313832	
8.856995373218977	5.305653329940165	
7.668132899595886	7.895024670269073	
10.04305869728754	6.084345877349434	
8.534348254062282	6.3463701061992515	
9.919879959816262	6.043719122642685	
8.136879879196073	6.233770021442043	
8.44972759210082	5.726620363794296	
9.829695788259832	5.33064183720735	
9.921231248171813	5.548505783390052	
8.205560683010798	4.410173370923526	
7.430199704986859	6.016949077086128	
9.779677551058294	5.108823995478106	
8.502685609536687	5.6895664254769285	
9.31939870550454	7.716669363914939	
11.917720926890643	6.35622538136781	
8.435975680289316	5.522408043980111	
11.15406429771101	10.512182836348222	
8.726703697872685	7.70862241007476	
11.629423401968664	7.12354718463598	
8.666991787202104	5.583182054549597	
14.499885932643634	9.318863451582105	
8.736602797195829	6.736861670029994	
7.5025875184959805	6.00198385531571	
10.10420671496636	6.185862473146399	
7.794432894182549	5.8084219625510976	
9.604680540066912	6.983605499298293	
13.909951233717653	9.636104677879652	
9.392569139636233	5.7856216560899325	
10.406209929837095	8.791142831409609	
9.930579897073434	7.904316070638359	
8.38893845103298	4.959239724503178	
9.395604591438339	6.734707269782672	
11.490350658433568	10.50159764881638	
9.251094585530218	7.233275736182501	
10.58952177840831	7.584941815234047	
9.442333409696401	5.709888843099089	
10.125828214525674	10.311073465134683	
8.02962852216826	5.497935211030609	
8.952171021221128	4.963078638926382	
12.272853398811328	5.008527395615914	
-2.043965834448769	19.802702258297334	
9.783487178409086	5.35783181444882	
8.60910988083944	5.7633506102740135	
7.154886095680109	4.846208520620002	
8.605214345330298	5.748636036465031	
11.16644960546526	5.636169011788104	
9.665835044671633	6.5195609821078335	
6.732936147041307	6.418719476641321	
10.361267010852755	7.493710928079636	
11.886178693023608	5.93646566555334	
11.111070364462282	7.195911232994763	
9.095545089877563	4.864829769613732	
9.06695604561191	7.533794900283558	
7.658547873233634	5.67296568332744	
10.494242328677206	7.521564911119243	
7.742144746964456	6.243351623385045	
13.196267692641612	6.7128875817738685	
9.565688642670512	13.133934486626886	
8.062359751264873	4.829860136938201	
8.037887981032485	6.583516669448371	
11.251935643466139	7.764418071072495	
9.949018531161999	5.443125441326336	
8.831597183682803	5.865705679696916	
10.256791623589619	6.7164948724187905	
12.958210575597924	6.661039400615219	
9.660488748208529	6.628995225164328	
9.19462817932041	5.7777378140037525	
10.919062334056573	4.576770558636308	
13.082522437966567	6.945445153634228	
10.004358839460178	6.345483082398886	
9.428694266870425	8.243027187593261	
7.436108280386098	7.468185020884629	
10.002054885399735	7.115294970353782	
8.870753168128573	5.64640860870192	
9.670036088476833	5.283616284523885	
7.75776366093304	4.743258769991815	
7.443034410886214	6.8524275450328345	
9.673816445177057	7.6055653456036545	
8.437698030443965	5.81880104454042	
12.106223986233534	4.8405765927081	
8.040173089558534	5.877967706812519	
10.024862289242247	4.788396081269353	
8.90249629365018	5.124244876164241	
12.887127942462355	8.604341757665372	
9.684116579163877	5.774023744961384	
10.000928970727898	7.3662096421512	
10.991196945982814	7.1292588199292535	
10.045763657504565	6.570190985015765	
10.606106174415027	7.526787854155499	
11.694621509549004	6.742057086917604	
9.248846263380806	5.792672894563916	
9.671401826709607	7.438276164908496	
10.686709111236471	7.458811166832541	
10.641605589339676	9.089131915760573	
10.520550737916452	8.304888656118077	
9.368097895542581	6.045339458141318	
10.806741737550688	6.8504732816494585	
9.711247928016217	6.03909779650976	
11.459327938852645	7.701409853815793	
8.115624389032163	5.420393726130469	
7.656494799830474	11.333188929821215	
8.45617578660705	6.590716204906541	
10.357347226276145	5.665556695458061	
10.93947389016834	4.455637639097736	
8.468230539040924	5.436416572245073	
8.380788720772701	5.306015672369975	
9.229360262633037	7.121771239318962	
6.759889028457193	8.392505427978575	
10.151142998813382	6.288314366476888	
10.221357491643744	4.277379316979309	
7.010801202978535	5.669414560485328	
7.4984413874653795	5.038539272504418	
9.840770540095994	7.09756652006931	
8.232062606297752	4.857654539371493	
10.34038236234906	8.811605406086992	
9.596303874148532	5.475445463744643	
10.977286135789639	9.217905783692915	
8.174526537127724	6.949998366446823	
9.482541130494146	7.436682409810034	
10.7290940637106	6.904651153989936	
9.996051669929152	6.407996275171535	
9.139281869682165	5.520600667189357	
12.330919865969234	4.812354024021993	
8.72485238499067	6.334922594102485	
9.389567787289847	5.623208887860316	
9.07138744207418	5.750303275091038	
9.014854210568274	7.046536682147617	
11.166857509582977	6.434226374585062	
8.19143365825033	5.953177653672976	
9.687175697708554	7.249045862916314	
14.26575234091709	7.356267714940434	
8.62387653815607	6.18501717361236	
17.58867385613676	17.21308207796272	
11.135952312979015	6.39352354440215	
8.927707901568999	7.237011104010842	
8.930260393735724	6.787303095288436	
6.70548323872126	4.718002899858958	
10.259895282715597	6.37070722714446	
9.985646514981875	7.261485256832071	
11.917477672857636	7.707161956865299	
12.40116821906488	6.3274904702308605	
12.271940519574477	5.922626642100926	
7.399632033271803	6.3062161849712925	
9.053066273656299	6.948695542779394	
9.28422096855874	5.734930091103284	
7.8583429610114175	11.46730207243999	
9.375661315386338	6.277207102143495	
9.23446314259831	6.793563348047253	
9.792766031221145	7.304382457225604	
10.977570389593408	7.183263584774695	
9.2326038227353	6.559296230020307	
9.381178731646656	6.328556452859056	
13.070900093995299	10.414961741786152	
10.01863035066168	5.62833529642549	
9.773539207767833	7.416780499978259	
10.35628658190652	5.581195610817223	
7.335051532236382	5.57417193927749	
8.555548133962004	5.516263727413637	
10.319003498931409	5.062525243742087	
8.769125264718559	7.317525903512251	
13.712433095557007	6.163772745842939	
11.952258481067817	5.665090837174726	
9.68928145039913	7.142405740524311	
9.528200746964608	6.525825290742882	
8.6859165608784	4.838454179486702	
7.897817832820681	6.855726363150811	
9.2065214451896	6.141543549657769	
8.366820047789638	5.839964642356993	
8.390183896236401	7.03037800753625	
9.910081824134064	6.992417240079965	
8.769448304890444	8.21582229892209	
8.51643198358216	6.107957399230134	
9.908308660514678	4.345108218667898	
8.867908588108778	6.0471188691664475	
8.77988896904709	8.174251250903863	
15.731231060729764	6.463276810497079	
8.962348679812372	8.164275286078462	
8.728714227635315	6.865040384998893	
8.735562826853975	5.522701759495294	
14.068707250447778	4.903523476628887	
8.719105543338467	6.453053172977289	
13.432633582915411	4.305746523978305	
15.439986776658557	6.265488380957817	
12.818966385309066	10.392372354162584	
9.886583646129615	5.757493536201246	
8.926275323841882	7.798253964089153	
10.077034702167934	5.7097963351781384	
9.311684059851173	7.394967972052964	
13.199417766041233	6.732545903564806	
7.70348273740571	6.473488097508197	
9.69561248907573	5.943933599289969	
12.875760091718321	8.256385695215794	
11.545139203005014	7.605534232282247	
8.864036568126494	7.321169659378473	
9.761597128432971	7.364927401003122	
9.284145607286057	5.024041509308716	
9.454764337250458	6.29928166096849	
10.455254895860527	6.01897695217941	
9.247323111521295	6.789386954822258	
8.536340804646985	5.962967129547313	
6.302755631665473	9.190547153825419	
8.40015704172116	7.730340590528308	
8.105121700656923	6.591654600476444	
8.322169236312188	5.645219158186298	
7.260804083519207	4.321781910814825	
8.829753260242592	4.958650937726403	
9.06684236291332	4.64226129246521	
12.32925578781132	4.387743886964684	
9.628475190622526	6.5681534959988195	
11.500438203231909	7.293808907727201	
8.821233708176091	5.952820642791278	
9.047913038939486	7.076160623293083	
10.508581092825056	7.678638790368269	
10.893664258606316	7.876939794646457	
8.460241915208572	5.046618762777384	
9.260963510676442	8.087515656088422	
8.14568452013146	5.652495192530637	
7.8301918726487045	7.211569654743943	
8.99165946220354	5.301856176588951	
7.867374684433386	3.669444630944416	
8.743671976237033	6.023956021709311	
8.579618862981697	5.716351290429965	
11.432197725398906	5.442741567624443	
9.679452721642319	7.351834745350625	
9.255344622728467	7.404473549102568	
10.390894308069385	5.514560616416076	
17.696481733517828	7.574800719369354	
12.909433021497879	6.886614727325337	
10.032421331101633	7.208927186508938	
10.967355909135437	6.809654695178316	
8.995648736270331	6.214318263296222	
8.055789919959993	5.934796514751066	
11.666835015967699	7.9953582391583495	
11.579108709176209	7.123459367401466	
7.790798050882424	6.05705948397745	
8.632839517918029	5.4867966035339215	
7.632692538419741	7.161746056154375	
9.674951931679407	5.429694696321308	
10.419238015848231	5.013300064182715	
7.424932700372308	7.341467127120103	
11.185041974100686	6.407992731396573	
8.216717242493736	5.701734123598128	
8.004755749361236	5.490956649116611	
11.223265472096786	6.280836443850424	
10.23142634003942	5.228399320304721	
10.529392513698571	7.72051965627731	
9.774475609995841	9.686490769935519	
11.458110437599755	5.904076972852887	
8.305971706180502	5.492799576621498	
5.652738644016727	5.876929937985687	
9.461220782096449	5.078035263912292	
11.434286857797433	6.268853399162889	
9.368387729559597	8.118371157021546	
7.818624274762734	5.908063863605952	
8.184319109008044	5.642477540559559	
9.608736984751852	6.183703494600385	
9.047193705721197	7.416835563244534	
8.318148135987245	7.382175765553912	
7.892879249709647	5.611550832351726	
8.58015681933146	6.455372844676278	
10.592373165745204	4.266541568310104	
10.141960870731525	6.104157995616983	
8.823847402202812	5.926429568602177	
8.922404828231265	4.651160973975872	
10.573235435170542	6.416073854326913	
9.629346391792131	5.441717536139358	
8.950270553532246	5.0787951383806895	
8.063582157860816	5.293447583379057	
8.250213557213582	5.406012618730391	
8.227974598105845	6.420575543612637	
8.866036896151803	5.337343303011643	
9.558852266331403	5.657566319447422	
10.424945828035968	8.084813804128311	
8.339048037003774	7.622277602270218	
10.813436104548025	7.516314301404105	
9.485848589861611	6.802693881035554	
9.546804882810216	6.495532190090728	
10.586898768962124	6.372553253887377	
9.008527236552107	5.986729204131602	
11.18046708294849	7.990134713006182	
11.268278070140072	5.181136602642658	
10.697910512275078	7.9732648272807625	
10.936494106688743	4.999491116308748	
10.082220729641882	6.094590048328005	
12.501044675381449	7.2177444505042665	
10.34642220794194	6.3921684476229865	
9.041006735374042	9.479600771660998	
9.603589483932748	8.840686033435547	
8.329531358149389	7.130312311874498	
8.526702109776702	8.121563720498564	
9.66277243636867	6.864945338193829	
10.496038404959931	5.997753241439619	
12.272921798623553	5.310797113612693	
10.530672321548206	7.356792062992828	
15.685633254435533	10.504707598426785	
10.392285588877838	5.268287403992758	
8.132966488154459	5.559154362841976	
8.444653969679914	5.634725602071932	
9.1067320702065	8.46166225293124	
8.835863329678121	6.393322648663749	
7.911240815368667	4.297533700917677	
7.9262948906019615	9.03200119945841	
10.408330663408012	5.357346655176963	
10.415995596949303	5.782602132400639	
8.293803801063193	8.296383392562985	
7.861937170572503	5.1979631387750835	
10.40523918330356	6.64054358455764	
8.388142616271717	5.585925134399695	
3.9015817477549204	9.2582533264883	
10.29119946769409	6.356431324799255	
8.36970107685401	9.51044773887146	
10.066942428526305	6.670743290732621	
11.16274150003258	8.770448651589241	
8.967938021369992	8.7861063158649	
8.346249392495263	4.207268797600016	
9.515521997673309	7.152702125650955	
10.562470876726318	6.070379185233174	
9.535823963307335	6.210622690772072	
8.74839563856078	5.3295561300955185	
6.857631687045968	5.570973543230769	
8.44211695904633	6.039900770284817	
9.075916904425222	4.802755123295583	
12.735003387840667	4.981619327616412	
10.12322153367538	7.018421997670596	
8.31325038749009	7.100691891175295	
9.098680160668613	5.225998440428126	
6.562721914624086	5.6918877868732505	
8.517534365325503	5.250658135602802	
9.76707247934641	8.654435074983704	
9.717045648604909	5.219991688686119	
8.520182562600688	6.1210064950818515	
11.137607809626045	8.088342375064622	
6.995360427204361	6.275655866142115	
10.815896871506098	9.26417985315018	
12.109552265139964	7.112796141281833	
9.294756950677453	7.7242179159932425	
8.838517650338256	7.813749805234924	
8.67175956278737	6.630186389117371	
8.814766244760127	6.054136833859313	
8.646644526659642	5.394409060590128	
9.442436167822153	5.504760408993497	
9.76100862692685	6.638038351656996	
9.14239273610831	6.688614463038591	
9.379986471022118	6.46165981904095	
7.323565869534499	6.169002046606763	
11.92995828966456	7.296857417867334	
10.987883072378276	8.457668253622547	
10.42625462612464	5.529640322242188	
10.456911824804617	5.2307992737687	
13.337447462422965	5.3636747817706825	
10.326882265711596	8.079269584054623	
12.89532732096611	6.745797358614293	
8.74107664720709	6.266225118647825	
11.50624946833393	7.687116554628923	
8.488405916346277	6.370215471968407	
9.780136263514544	11.336314193259264	
8.692414584111992	6.268758739950679	
7.739195712096273	6.030886811749418	
8.48568655473337	6.01678348768829	
10.091926940205454	6.789379809491229	
10.497902244806664	7.036148970012404	
9.73021424199155	5.786106431136266	
9.760912067051017	5.231857754268368	
9.304287704288704	10.433028332620873	
11.612413789638712	8.435447519027893	
11.581500943991818	7.322613215447127	
8.313384869854184	6.6615277932097205	
12.169371927203319	10.374138279332861	
8.72685057469729	7.595557939703053	
11.801018850822796	7.549363563079415	
7.688072249531037	5.218639742828339	
8.505086209589905	5.794122112363005	
6.658192196603376	10.294821071280337	
7.715434142041579	4.8546734391930855	
9.826895799068085	6.889298123366204	
12.015742845189228	5.500339739187329	
12.268079287008046	7.837921434871138	
9.10999901467637	8.64911379070422	
10.897920904749228	7.034521984500108	
10.94726736481321	7.452394536907493	
9.482812447866932	8.379926052136062	
9.028429620908893	6.977766503266569	
8.678095761328324	6.49598998027976	
10.768727429608465	6.144604587967933	
9.65505380817036	8.835793919657602	
10.732119165700908	7.80563515307681	
9.63102409383276	8.689899477993384	
12.808006874858505	7.048708635114051	
10.051239560896688	6.094630887855937	
11.360411498362891	8.792227717021362	
8.735024129611244	6.434229068180018	
11.692098873143609	5.289236416777771	
9.848596623743779	6.325363267418747	
9.405885392775783	7.0351687534961185	
10.400993230805652	10.199675583673072	
10.774855048272046	5.465054701001461	
9.843411690105073	5.791891230146094	
8.013932062524223	6.753658097259197	
7.554420485386781	6.889301059284303	
9.15131838251143	5.50677926386129	
9.93111026540274	5.584187048526653	
9.71972122807825	5.661111024203327	
10.18675669418209	6.971448749802035	
9.948556131299965	7.140665978807485	
10.201248457366722	7.350242399002033	
10.620272817514158	7.460899040708747	
10.197987001431665	7.812116085860965	
9.194023835182653	6.07940458183298	
8.66535138120951	6.882695177656279	
7.930744567355366	5.291875895254929	
7.761612661016334	7.03624972103448	
9.298953270880647	6.159514422704044	
9.767187139922719	6.954201361303969	
8.294356224424455	4.413951704383353	
8.752861573496459	6.3937207898439	
10.005040793638964	6.2178813312256915	
12.246876639921457	6.894559133689794	
8.948422438622952	9.956371990739063	
10.654179146572561	5.926579232937154	
8.80722823121954	6.068437829756333	
7.9421261504523395	5.880148002498444	
8.98330346375231	5.304595920644834	
9.93010460364739	5.845270313168734	
12.227447062956756	5.740031407858015	
9.956731360983962	7.599144944796699	
6.584409257269395	5.889958293849605	
9.258452920169589	5.129626959893921	
10.258651937000622	5.7130288453181945	
9.14576332132554	7.354140932427723	
22.41331792646059	9.919140316271132	
10.35487200325265	6.575063299920468	
10.155355983344943	5.682225947873393	
10.703164192359177	5.136213600500785	
10.121452984119866	7.186676118060165	
9.303885887083059	6.974378873162382	
8.718599070003803	8.058764505667458	
7.673064714692996	5.853400693601934	
12.37682784477328	5.943955183732557	
8.60018284194774	6.706705185041293	
9.105944681608783	4.179819262254767	
12.230144906594425	5.92790318382377	
12.57539324855713	7.505666096382569	
7.271564435744764	7.152170554947285	
9.183961076366133	5.238038985863855	
10.163260543632145	6.215301426359348	
8.439493891648809	5.408239719746767	
10.935434096293392	6.098757861074572	
9.872512622581466	5.4453344395267935	
8.430977040883274	7.40734691756382	
9.588935775737967	6.131049739849415	
9.832756520699641	6.075165959662194	
8.321985662874845	5.333351928383775	
10.170688200435878	7.188912468684539	
11.089144215331846	7.151276428794516	
8.552644181111251	5.391857382314767	
10.490894167522441	7.0635936394910726	
8.969932659059385	5.245366852572905	
9.675429985103854	6.094386569369889	
10.952580171716502	5.3893126198875	
9.11274169894086	6.883071784872344	
8.6566294207851	4.622172819605911	
8.651585375131816	7.654772185371882	
9.084774761541299	6.4427221130650745	
10.240897795349698	6.650128242587462	
8.490049765694677	6.616278602538082	
9.55541395420907	5.914248207831136	
10.084544280939067	5.6958223163636115	
7.205829380394873	7.307377396130554	
7.71394901856163	7.073001125837641	
10.683390303189608	6.777231713870128	
9.411941771905727	6.58113078304317	
8.821025593547988	5.4403546386764505	
8.013736116089387	6.323872183340218	
9.157746203787916	5.759652031878393	
7.161450192318548	6.856736219794743	
11.785832084358267	7.488475907452628	
11.750094235798107	5.577964613329718	
11.311702339342446	7.975823061580989	
7.097215394758996	4.82718557715331	
8.683481033771674	6.291689091935648	
7.7950037931581075	7.117954596710449	
7.991907440180679	4.660807943242557	
8.986604398444955	5.057553393418925	
11.257294556693328	5.867353545561928	
10.321507567512759	7.310862292449364	
8.19496454287072	5.289150996182321	
10.671518205388947	8.196412100605922	
6.876606906265609	8.485792603390038	
11.688765958992628	9.516564834769818	
8.679046294443383	8.066905812738115	
9.555356066070942	5.786737144122339	
9.917483167380695	5.835102449180742	
9.116858569370564	5.557728177817876	
9.600315812032129	5.665165623023974	
7.823329010867119	8.319475965621585	
10.438626450796313	6.444651756315911	
10.151466714585183	6.785201282887081	
6.604133650146703	5.208751822708134	
8.45634943283848	6.31358463277591	
8.790744510201849	5.4039992509531105	
11.436087742377946	5.583868823207102	
10.89306033791912	6.815856903283063	
7.923690213868832	5.993595778758671	
13.401949837749147	11.38750775340994	
15.691841196890556	7.579038966570581	
10.233396501065272	9.116329103708175	
8.963121013399858	6.196478678205993	
9.037395368573856	6.583578572342486	
9.972307128594558	7.0368303330358355	
11.264483414833897	7.570886001761805	
10.578627809106242	7.606280704381943	
9.235082142493704	6.276176576305216	
10.62624331336846	5.394361463407425	
8.396180346988213	6.0891531097202	
10.800399968238413	5.516019843920787	
10.1703520582745	7.5823862982853605	
12.24885668667025	10.69905822705018	
8.821969183419386	5.548964244139551	
8.061291126428882	5.780130224061086	
11.34183020922457	7.938616569805617	
10.0250829175509	7.1248758061955	
8.81061859178688	9.879564596590827	
12.097009275931015	7.392424370465115	
12.826303209567955	7.100242671699802	
12.763674994165235	6.62871266631457	
10.941557136881226	6.465380431327441	
11.516719189279238	7.739788862713551	
7.19117925622783	5.739446508222376	
10.020051251979957	6.7780196949444695	
11.73301615411178	4.412714998250536	
8.535299830096369	5.6120883276391735	
9.251546159337035	5.05146246814611	
7.724440951567974	5.661286329298146	
7.27383086216311	5.425511049105683	
11.501895482869935	6.184967429471785	
7.319324946333311	6.51184787214194	
9.771320364080292	5.257873976282471	
7.359549526108743	4.233321758252953	
9.243217212355324	7.102334728645161	
9.110224638421386	5.463542507999674	
10.172567449111979	7.397809662702186	
9.396354197219644	7.693980898209313	
7.408858686807759	4.902684116857394	
8.871211748881501	4.6609751575546055	
10.919286242578874	6.371453887341498	
10.626648065215365	7.309138966167241	
10.28649055128013	7.327371125751411	
11.202347199984647	9.473482687268168	
6.931464506063842	8.075501532677873	
11.799584335997416	8.582731806112506	
10.691370956577076	6.6814777128502065	
9.54819405102775	6.544453581723727	
10.561469330540092	8.076909380417677	
9.254015578517562	5.349557067831081	
10.080147403096388	6.913044660731034	
10.319326137305199	6.652905512702034	
10.468402570963748	6.707209125501876	
11.90569375792538	7.095582939887091	
9.132602708109681	8.57463387088232	
12.834133524783784	7.0806484504747	
9.023518850755488	6.9683990093475545	
7.654814817065719	6.585730111252349	
9.888877408690607	6.500894342483317	
9.849709414788165	5.013556037482691	
9.0205471693863	5.207366439181158	
8.007567470894898	11.32798493580214	
10.041542637181417	5.369735039301568	
8.483812720526334	6.1636875533341335	
9.316912542061623	5.99890028139955	
6.916624887564408	10.29368124700641	
8.337247435209434	7.328632385084223	
8.712620767473112	6.396849161916999	
9.865881566855567	6.0644990506416585	
8.70814375809868	5.65472611660715	
9.944719891773051	6.37007310591339	
13.136140642231242	6.607917537371538	
10.863749453691081	5.27023349679844	
10.062683072239729	5.467066476876607	
7.963450606401164	5.912593109726379	
9.868531365021656	6.444733947353408	
9.831972096968133	6.715459925023954	
9.876890636555329	5.406483114638222	
9.866007504973929	5.4217109476274	
10.00277182375509	8.465874065756854	
12.290793834160702	7.4524783563961225	
10.57481796496231	6.653692648265136	
7.676623560431697	6.70360071759333	
9.406842273537025	7.747574583707018	
10.365460022525484	5.634035940468732	
10.63254853979333	6.054274421375161	
9.5595015057295	8.785839998529402	
12.089071876802846	6.743152767788912	
10.126913266820642	6.56689268806227	
10.108785628535466	4.54100562038472	
9.082186044121933	6.400911513183843	
9.558639891051715	7.36336551231992	
10.769265699235682	5.173004344153425	
9.572696878565027	9.283316167254268	
9.915012656140037	6.292139623909394	
10.101153461855535	5.452952094252389	
5.942341329754477	7.903368188913615	
9.138404437918558	7.5597288515980665	
11.271654798468928	7.2040738541758715	
8.31641153164826	6.979274959379439	
9.977503496077807	6.085197976418546	
8.966517402851991	8.284189420137325	
9.9766244501622	5.847053770258155	
9.996144836536738	6.763738027922674	
9.034443876917125	4.753026372783737	
11.149551227576351	6.826865552861479	
9.718338892796208	6.092778596754155	
9.176812238883995	6.320915063579472	
8.52369282432311	5.354400833407632	
10.784926469328374	6.4537989471539	
10.514468788476929	6.421213968677128	
10.960150257126626	7.087514988234611	
9.029603952287957	5.99131003619419	
8.194603556932972	6.7527709916853755	
9.63484530616691	5.9456486145628	
8.52951951797898	5.2650953854059965	
8.825442093662325	7.322104016974992	
6.45937565176551	6.82257310670413	
9.315524803334013	5.500921003184447	
11.740791377049591	8.773017564431429	
9.215662517280046	5.422598903943095	
8.194105787346425	5.165864343525513	
8.929069424409295	7.222118041041776	
10.186410975267876	6.12109738473792	
6.793239911075821	5.4239588893521	
9.751046337349582	5.150660922422251	
10.559093216785964	6.589967297558045	
10.092636113805904	6.090829784100194	
10.242390870929054	10.26440116426436	
10.817747649720264	7.019456235522362	
8.875915386797914	7.099793670562606	
10.561427087122839	6.9544674928540875	
9.063852477040689	5.536022535157183	
8.524860019560407	6.714476066398564	
1.0224574621093956	12.542990887471507	
13.991423288466606	11.172033612050313	
7.746692217987996	6.039209972828414	
11.160157266643889	6.993779100521219	
7.906608923530104	6.5383579373818925	
8.284437775712611	4.134351865418624	
7.897676857719809	4.849363621706609	
8.330773387552108	5.475862536007	
10.799403493350788	6.6840422730324525	
8.3214841941364	6.772685446490099	
12.3725160862885	8.597203187368024	
9.424019369351786	7.963433810421092	
12.571166352195371	8.305257248035442	
7.6112314630085525	8.313895776224072	
8.407651594874267	6.835523356827064	
7.167469180091957	8.679226507337958	
8.807799186299624	8.224198434371724	
10.77911645217213	6.919685263913215	
16.38787939524002	6.594707915085152	
10.568483449974462	8.000528223462124	
9.818845965009906	5.703914835574791	
9.13581890661049	5.963271326794126	
9.364240159783684	8.2015150257144	
9.428945594617364	6.005249045804723	
8.163436650640215	4.786053146335623	
10.844559361188649	4.9086603251884044	
11.449771552260975	10.715434960871825	
9.075631917824516	5.737378122994782	
9.368441585904366	8.40611522316525	
6.920699631169288	5.373726393528794	
10.069911005329903	6.900895398819461	
8.083813119568276	6.266515944383191	
13.772921471963025	3.746612689562893	
9.164702611936814	6.872369620731199	
13.131612563321038	9.296590473450573	
7.526788497204125	6.257412219765442	
10.355736163819827	6.8779486432875805	
8.244577898949599	4.387596649089619	
8.319694694202026	4.514765619239485	
9.8230458135539	4.308571497718464	
9.15902460264574	4.950601537326063	
8.636457370486577	5.159380569900718	
7.834426339418918	7.055713337712413	
8.945624315047592	5.7556445869869775	
12.080152972905546	5.567007010842548	
9.72596619258566	5.602865199434762	
8.370571397681038	10.81687834114287	
9.12507673594526	6.425882329654635	
10.9030360535723	4.5750309595609835	
9.167046247436387	5.267578803350314	
7.872892324843312	8.603960003348229	
8.804140330557901	5.80615816662505	
7.660632185822682	7.8438091486944455	
11.21825315021015	6.7741138977114295	
9.69050353664439	7.718267975160453	
8.887314206368826	6.884840937154421	
9.352732588617076	6.0252421520028205	
10.980886703919387	7.825885950527705	
11.693972236813325	7.583137801870486	
9.436558254368338	4.442732256343335	
