3241.963465869813	1537.756781504288	
3978.781358000891	3046.7237977346444	
2970.0829325208992	1251.2831760343029	
3210.0713585052486	1286.742036302814	
2987.0739716714515	1785.349824657719	
2631.424122352202	1319.7734206758737	
3271.4063261070073	1514.855130672292	
4162.327253599537	3929.2659093619855	
2675.3669147781798	1243.043617565213	
5909.053062818921	3891.9152242692853	
3011.8966894264113	1491.5339421279032	
2546.296518872614	2378.479363146815	
4676.746457587122	2962.443241281509	
6442.094926567265	4753.598176363675	
3723.3182115522845	4304.979530310654	
8728.518568733758	15117.42993893405	
2863.2924573281866	1541.8472748233855	
5459.823929086845	3450.9430528137564	
2750.5278046296057	1971.5815068175941	
5825.505627077011	4012.4779013825637	
2776.132714402539	2934.2016200172443	
3056.332573992286	1446.996223908772	
3621.109102745853	2214.503944160078	
3280.6502840304124	3079.8446553048125	
3655.3755244342246	1035.1844396624276	
3247.6879076210744	1872.7169544196615	
3722.8817390455633	3889.4341827438316	
2859.2168328575817	1176.1203902308253	
3936.228022152739	1959.232564216914	
5437.223874607612	4030.3688740186467	
3048.7962913092774	2196.6155171428027	
3180.624845384713	1502.055945335558	
3662.9043694524294	1712.5680320394943	
5073.107622522553	2379.9314205517007	
2902.6739248188683	555.7963984046838	
4059.784056145568	3026.7991334515427	
5847.8694261143455	4574.1078263036725	
2239.8466738217057	1100.171097768469	
5063.669254582453	2691.2138506259366	
3144.145646831822	2556.279512357541	
3888.926617089169	1799.5677394628603	
3350.0585455695655	2378.8315326568177	
5517.292168626208	1837.0478733223465	
5687.482960523057	4548.193854968423	
5759.868204475339	7852.516431571488	
6058.116082069836	1327.3394317002596	
2388.284636570464	860.5713984818979	
2503.269896416938	2339.9557864795725	
2793.746242376871	1418.806166339871	
2383.7180455028615	1453.0315527896935	
2896.7228621937315	1643.4109633973228	
2918.311283464948	2028.490936971808	
4528.400491519158	3983.709704619443	
2831.56715641012	1507.3098151834245	
3228.693935191976	1580.5207757792698	
3459.434735095806	2462.5296920794776	
2928.242418257072	2109.538147247008	
5089.283896693268	3801.5306436698456	
2641.8085306341713	2139.6118883541244	
2469.8819627720986	1375.8128667228245	
3838.4074261855735	971.9940606564306	
1595.8938879170303	1120.3689045375004	
2550.6839102690346	2293.251947922132	
4168.973220846213	19001.027166603137	
4549.7289043503915	3268.1497338559498	
5208.477928560769	4841.408821451838	
4122.488268834398	4021.6175627057687	
3558.0379831144346	1930.7538309743188	
3317.6335033599503	1927.8117462019425	
7942.303477740991	7382.404126619274	
3895.6247345925763	2550.973947136175	
4939.388385073437	3592.288452204525	
6866.802275256442	3217.558664814403	
3030.451409890171	1976.986128691978	
4002.4157313254013	3683.8495496289015	
4811.244885086106	1892.6960198459808	
2489.092432827676	1959.6435114958726	
2255.838638809848	1366.6559080556547	
5434.011820605	3170.9746069713933	
4754.666835692573	2394.3019049276927	
2991.490200289583	1853.1068168687439	
2586.211805204226	1803.8927678274124	
3496.3372041682305	1552.137954608018	
6375.672745678132	7207.7281243731795	
2956.8449391116383	3330.430908114381	
4196.455094346841	4528.552565542041	
3647.387333885527	1716.6889906307513	
4972.079058865154	4015.0599486838214	
3071.3902310796734	957.9805644444347	
3181.0976632989723	1954.8279463167758	
4076.0618546297355	2637.558415795565	
5296.2859457914465	3026.6749742400416	
3572.6965963453463	5514.861112396314	
2900.366141910825	1569.0441152129795	
3255.4706169180276	1937.876598138772	
3809.7218807187287	2204.2327636654936	
3134.524279682072	2868.5836271387266	
5689.534029426324	2940.1153351412204	
5262.121839080593	3256.8905878884975	
5311.977841753558	1425.4458302317237	
5318.196656510961	2565.072561255878	
4507.792443355422	2759.209773324634	
3276.645035155163	3577.6712724537592	
3543.8506069571563	2303.3413943984856	
3574.3047548511986	2215.138720914896	
3448.1616778892903	2814.0614626363786	
3802.998141276509	1667.9990629972697	
2947.875120845321	2546.9782971068034	
5000.1217419527065	4780.505652072993	
5708.259995261004	3705.073751041652	
4396.503406726121	3077.583461986215	
5577.968873760625	2536.68938776431	
4056.911084681323	1797.6242840191544	
3562.4800620668025	1625.9722456426782	
3214.921649797692	1765.3564702445615	
4789.820427849185	3214.18544928073	
3380.6513170314715	2352.6607889259785	
6536.179360744475	3201.5912761375125	
3537.4496088823926	2946.2550996992977	
4476.029633626468	3184.5438223384435	
2503.29264771999	2020.8430344701055	
5936.569093986341	1762.1505150204346	
3841.075195374649	2124.328885318434	
2841.4096020656557	1700.4689907167556	
5205.670687681946	2376.717204627007	
5965.669180364421	2445.9859371711996	
8030.736894116166	3063.7003187006517	
5116.897023557889	4382.186321519205	
2895.9219034513612	2873.205871251256	
4586.174125644903	3333.5737304300296	
4951.308857600266	4350.306162906434	
5226.7470536009	7075.213099733911	
2838.5805420407632	1722.542271080626	
5252.016376117996	3104.7532943362808	
2661.584430639587	1207.115737296563	
5328.482113979762	4403.943979268082	
4120.08589907569	3329.5128941301878	
5719.355754449246	3180.70868182232	
6187.7393706937355	4743.226458563499	
3051.045855536305	1761.6063520154269	
5125.388012169315	4364.082347897127	
3555.3830465505225	2165.0539059609896	
2673.7228363255363	1196.1469743610767	
4588.681270930956	2571.659672776744	
2958.1204491878425	1801.0669235194193	
4482.076277661551	2288.5066851889437	
2802.50626666233	2344.5732874646574	
2946.1825198533015	1753.306317288081	
2972.919941063755	1341.528729281197	
4963.4378162612475	4220.519177014844	
3733.82612766758	1818.471418297217	
3817.6803750646986	2612.812515095831	
2802.4892852864937	1127.344903328899	
2745.2555228879514	620.0281656433233	
4166.374747841687	3101.176030824234	
5307.0136979093995	6526.97562899416	
5264.289914289083	4778.319912340066	
3800.3547229562896	1645.0084155303457	
4639.006647770791	3595.4026192757988	
4441.296726740987	4109.185452258699	
4243.219247829507	4232.151520145117	
3079.648815129762	1533.7940387767828	
3177.8082182695784	1797.8989660943987	
5756.956403158531	3592.6011616501114	
5564.114547243649	3916.8715009723064	
2655.8692236164065	2497.288009589561	
6328.477394883394	3420.5008795813214	
3006.857109617226	2016.2047812802223	
4277.144313256758	3075.9502547171846	
5804.989710346552	3100.5495028925698	
2762.804680275869	1567.8144005305987	
5078.292468734558	3409.446819500049	
4176.707391204762	1415.3208511768569	
2823.96888308041	1385.6574690809143	
6585.7705560891845	5104.727730852597	
3301.9222033556193	2208.799313115421	
4957.707771803071	1278.3433527113982	
4982.628075470029	3960.5056057735887	
2604.180018709697	4040.523133928757	
3259.692078361745	808.464301257769	
3468.4261196959224	1517.177809965727	
3636.8970060780757	2526.921525426998	
4770.631987148007	2793.0988332817665	
2171.8436060497593	1209.8631161933413	
3510.9891436860444	2333.219162262534	
2913.8070937573425	1739.9136529709917	
4046.8000750412725	1659.2785884221014	
3881.89717343576	1827.4846279321694	
4069.1778847580163	1675.1126682501877	
4105.1072208118	2320.558951869363	
3678.3544791064887	1867.2330812012003	
3184.7321291202743	1832.0934068507895	
3576.906437233281	2211.1135931649887	
3684.3678133041954	1668.747439832433	
5783.338418817957	4721.087199450847	
2879.890418002172	2226.637523175776	
2407.2109536793505	1296.9389380058806	
3632.4880701340453	763.5414507105655	
4428.423191803513	5496.013363537682	
5938.437394209778	4238.520076598893	
4400.996391768268	4526.571955844713	
3339.7948835988755	2293.5471881112385	
3670.8865026386193	3251.3459141845497	
6097.783590038592	4169.111499368967	
5595.492799660947	3819.6155266722994	
4607.7714306327425	3948.6509285407906	
2817.4042552282244	2699.8727630325943	
2552.7841453395035	2187.023398375671	
3050.785626015062	2975.42685871742	
2908.648994066909	1675.7245345874217	
3026.6997503671632	1758.5081633294647	
4576.03348302701	5323.497538406999	
3224.054378967738	3791.48897611956	
2414.9886927814464	1725.877971888682	
5193.396150781612	3374.113413858508	
3681.265280611434	2647.223116197265	
3922.6902932596804	2930.380620619316	
3525.161267211657	2955.8897476492484	
3877.5542856675766	4948.395387268411	
4046.394398081189	5006.654903597506	
2687.1042452515358	1172.353315969172	
3331.4812699740496	1047.961123972581	
2292.573484066631	1997.5404636199296	
4690.924277688803	3433.544372848431	
5673.405122332686	4294.720301548404	
2766.7347982636084	1935.7255752650758	
5425.962490283312	3276.492266347339	
4798.29544635321	2815.161356835588	
3817.014782491708	2630.621795673112	
3038.079697001644	1905.396403537132	
4101.624036449774	2885.5720061028433	
3973.9749477578453	7076.969406488479	
4665.595612693664	4671.158592978483	
2974.9871725801695	1425.6327158107235	
2230.8140667256293	1280.3254045183046	
5618.883379002523	3461.3276957682515	
3012.739311533533	1579.0675288323946	
3540.764515057657	824.2857655321882	
4222.404582583926	3796.123988117315	
3649.6395972297946	2480.556162009796	
8739.796700769006	4575.651113262582	
3308.311556358812	2580.6984504675206	
3201.440660626927	1462.7971290207859	
2779.498746158003	599.3149302240249	
3708.0756388620607	3142.780786754871	
3402.081766293422	2520.506795444128	
2051.5688555465504	1318.5306802224743	
3747.455902294508	1038.6596364523098	
3548.8928153627016	930.7485746760894	
3511.8400359047864	2312.9914556307476	
2846.2159127105992	1729.1307488725743	
6301.70382616251	4162.567550243934	
4397.950487412978	2565.5881532839044	
3520.322619231208	3533.8165168784867	
3954.6897577284053	2770.4823594653403	
4045.7531300939586	1334.7572858393803	
3631.1044915405473	1667.7242000257138	
5075.463636348084	3382.2029516398206	
4067.179746593524	1536.1440492430186	
3236.6724751610263	848.4562091046678	
5572.9993286265535	1997.1441398088648	
5615.743663154774	4034.599185443038	
3082.2261521735404	2835.966375354659	
5751.028400327301	5421.900615192226	
2446.195467909125	1516.7047930792035	
3591.477208146915	1483.7808208129536	
3183.344447734591	887.2029174122287	
2915.9914761239493	1283.2408801252536	
5659.528590352576	2189.998772070946	
4795.292692738897	4451.013882145377	
3226.2450426728024	2368.857762137723	
4899.827643666932	4197.38700470437	
3922.0353299074827	2012.4504140354488	
5313.746116349698	2701.5842703218445	
2520.2305031945343	1742.6869467683316	
2925.353368161754	1619.9229658354202	
4087.2936124819025	2855.8404726765903	
4509.882177300269	3067.5628895336163	
3491.357271796626	1706.1035425009093	
4841.575965322326	4091.589217472957	
2376.0722495536966	1118.7471046940018	
2829.0190479544813	985.6835793461645	
3349.783439256087	1751.677192406635	
3504.57638795982	2508.521032435347	
4606.351280730237	3481.3190937982567	
5355.90287335767	3475.3844245358077	
3762.8861778914643	2928.2499382324863	
4597.505727940951	1535.756892086015	
5517.592682733989	4467.401060673412	
2750.578823232339	1587.3656683906352	
5050.466286025313	4774.766447643648	
4362.19402184105	4654.445251107182	
2209.648833848579	1415.5294609578884	
5986.823895113371	2341.4248281723617	
2453.467401930809	1070.1360231333806	
3363.699973327144	2265.5295386919424	
4628.694875512437	2500.689877896976	
3067.8342326698876	3213.6786209818906	
3312.3907178692903	1989.1562543521056	
2983.304872842913	2544.358341389571	
3941.1023127786734	2534.693099321594	
2652.8776002920404	1328.8598488197554	
3022.549212667677	1371.5680265918945	
3518.2731779218357	1726.5841896786342	
3479.523887470129	1815.6023595486413	
2752.705812723856	2039.6241668956432	
2744.5956100568606	1358.5760882956215	
3894.8117773084014	2335.415797618496	
3732.181040995102	3426.709310255609	
3258.9738243027605	2001.7135557764832	
3041.7711979028477	1932.6576263845118	
2645.3304872550693	1611.123843844336	
3145.3681296295313	1259.208086794934	
2547.8056184822553	1597.2613634850431	
4810.173215991156	4045.211783206382	
2618.3075779639576	1768.0544593074114	
2299.194225589312	872.8913335839724	
2170.541044854387	1280.7740987395212	
3287.4093346105265	3235.924501486528	
3302.511870305118	2686.513678853814	
2521.9387922419423	2689.277694564745	
4613.784004815486	1802.4711990704434	
3204.113142892733	1393.4719402331648	
2314.9104278732657	946.3225469510123	
4486.762693464619	3302.2363197645145	
6171.3043831159675	3604.322547977527	
5478.347695423571	3190.149397315452	
3552.083464783314	3262.370686927981	
4864.9541032781835	4044.0531825772664	
3737.5061960190524	1577.0602353402567	
4185.745926071261	2910.220470269354	
4517.810896245352	2989.0502291590074	
7046.832056305304	5559.907061406295	
2170.5668039798215	1062.168120012341	
2729.7541804272905	1290.590137675779	
2824.8421640455126	1425.3557787728053	
3027.6829445943913	2330.6210532341925	
3790.2258135870934	3166.4743706134286	
3236.783100780996	1479.6232917292225	
5010.3690874524	2406.2180628251876	
6155.5820209829435	1276.5670686194796	
3452.7382776496906	1888.1511132726073	
3949.950499753295	3111.780484942162	
5868.710888560391	4216.404846720412	
3624.0621199345833	3425.4225220827616	
3059.715086758223	1358.6226308933383	
5022.526776873457	4528.349079904849	
4520.997321968788	3085.5397224871235	
2710.779802882405	1769.5698951235283	
4782.187515812917	4409.485270953997	
2743.514213342953	1573.4202023699497	
5014.1942580691975	5346.306936112078	
5551.580383459409	2316.1719149741057	
4596.354605520624	1726.014273513642	
5597.158638481499	3960.8361973307137	
3227.1204533966215	667.0038687791492	
4372.953017446936	1844.0930787330867	
5791.831237122012	2590.738492320105	
2860.581886942637	2078.922007294588	
5914.881050125855	3229.745572485558	
3331.1286496631533	1888.874900739278	
4040.3910761078196	3399.2332567669237	
3648.4541555790756	3145.761831858935	
4395.388070139208	3794.040540144307	
3325.957528631161	1612.143227016116	
5767.242551906254	3370.6619902959583	
4295.637240142713	3662.4259628182363	
3694.215866555421	2195.8777220698566	
4438.025601304722	4548.812390086121	
7265.178835772686	5987.789119063897	
3081.8342048177665	1644.9231594264934	
4206.110344143952	3347.339571756922	
5517.459320093649	2795.5228080156276	
2998.1193572259976	1541.9544622198298	
3274.170841712664	1771.308602652667	
2419.7755389747217	2221.3364728933175	
2737.621286508825	2032.3479077624513	
2928.6723248489775	1825.4435686165252	
3255.680186702177	2781.3923438212255	
3764.518539451216	3703.3997079341293	
6483.536229575476	4835.37600410535	
4013.8013335193573	978.501193886977	
4861.446734270768	3642.5196335443125	
4021.4837631324285	2515.0909205465814	
2255.6211591940423	2108.591264372827	
4589.541552547836	4123.919797378863	
6162.072790001924	3556.180841249285	
5704.025429380856	3384.170557158992	
3590.5353130669505	1562.6834354402058	
6153.9735184891415	4055.653514334047	
4108.617312510401	3639.114692348934	
2768.7087350274824	1724.7365711460375	
4009.1403810465895	2343.5299884234837	
3570.6991337779664	2972.6139291292848	
3505.7221602571312	2671.5352610763734	
3807.2802241196096	2450.5927652615774	
5339.682002053322	4223.492357376908	
4804.355996427107	3400.9106226368112	
4669.941429177908	1837.6620866151627	
4652.122441372124	2117.0927171358617	
3508.3342641697536	1086.9998909530414	
2994.088094835784	2632.1944859132755	
6469.059489519909	3348.2192902921925	
3479.197984440688	2887.510096698152	
3310.430115713465	1651.4175430878138	
3514.2864314875624	3046.2453119657553	
2528.391414480871	1525.3870195678574	
2788.810085881908	3279.7841713116286	
7384.64609831454	12136.25849896685	
3672.2409803899295	2632.8392621791004	
5508.230003116121	3472.08534759779	
3410.099108570174	4561.4423794788245	
4745.49497673246	4929.7780625474015	
4077.06152214461	964.4430178013499	
5242.365881595223	2066.3228810918795	
6763.439108962925	7132.251157733082	
5022.268162623461	1828.48387744713	
3972.4190557544625	2252.9724691755673	
5343.120630784604	4293.21193898615	
3089.575604356714	1422.3591965156556	
2758.7135385880274	2721.178119313309	
3297.5408340205186	2637.473566229052	
3589.6862075413283	1393.0463895992534	
2535.9623509485937	1912.560545014945	
4514.094938120125	3514.2619066854695	
3253.875405377388	1927.2377756396145	
4863.754376396608	2219.2376217786787	
4166.042447163758	2324.0717570159186	
4439.194919060171	3953.0383030972375	
6245.511481041862	5623.43941955685	
3586.4078750669846	2173.4078922432254	
4636.580569337581	2744.465703841942	
2450.202831208378	1489.839683982042	
3527.9162540745265	2245.7781839370086	
3841.2855832930472	2317.4646446022034	
2755.4555015537926	1845.5700614174614	
4220.713923756441	1470.3252639235532	
2887.416993111538	1572.2976012479396	
3576.3289710922613	2212.5447678606506	
4785.039827155807	3057.4045593946394	
3061.9520576378454	1147.6203248523611	
6221.266095818401	2567.9714355166293	
5397.833413319271	3294.636394749032	
5839.040254188034	4714.7734310490105	
3568.2933590980815	1520.2257936993697	
3902.7184213168302	1831.5271133376627	
6171.096778212108	7678.221200657189	
5188.665895743482	6881.742445654758	
2711.4372133121283	2013.6147981543281	
3616.040510461644	1454.8737726389825	
4753.753999554566	1901.1208727488738	
4312.842853596389	6236.802271167849	
4873.41991506238	2374.4771613885273	
5318.885053793901	4444.838432111004	
3104.2017142049917	1380.6333434399041	
3710.3304944414936	2289.474476778005	
5250.724320105439	2171.419498863164	
6544.75824419517	5381.543197525323	
3575.1259710783083	2541.7324707162657	
1750.7886390577726	1294.4939965366814	
6287.162636388825	2886.044998016746	
3639.0426561044765	2827.158818741765	
3122.3608253756015	2248.1027388550096	
4597.635810597854	5218.959907703629	
3620.559118679048	2142.5205494071333	
3976.3809464921364	3232.590214829082	
4160.535501879366	2937.892216882327	
5272.037879729417	2821.8782640604454	
3058.0557779447695	2124.2682055401697	
2875.9585314697456	1782.9182278440362	
2660.0373035049174	954.9884467899831	
3304.0185420632065	1545.4025013319806	
2868.1203703557576	2984.090755080678	
4980.177265234136	3831.71686842251	
2471.5755944938237	1301.2050451061277	
9683.116217713206	3523.7033916960904	
6082.037162557793	4312.837705119351	
5249.079039034106	2951.454804502959	
2930.503792829981	1598.2048147335186	
6040.5280165756785	2596.5368020277983	
2377.273518110825	1976.6955721145262	
1910.3634526113142	661.7081312309624	
3585.8037558798437	2361.8676242907345	
3518.8325246785694	1703.7188370437436	
3083.4905868023034	2729.2089861363693	
4660.537426666238	3643.973922037213	
4804.679001322597	3040.0587114588766	
2797.2545019545983	2520.966090999663	
6029.515512766678	4411.3062514651565	
4273.891681409795	2847.569784764281	
2613.344940986076	2062.6756620919728	
2713.3739773278576	2191.506454450873	
4275.310461773963	4006.561440905933	
3514.9210949045614	1554.0357195313206	
3572.3089613219427	1974.1393665792207	
2868.1261126849754	1895.5178973757443	
3302.658494543373	2686.801878762646	
3512.4548905919073	1893.7478490401425	
3224.128056892238	2676.647073517564	
4431.118779947496	3778.291218943661	
2989.934357741498	1314.1278705092388	
2989.520530469139	1237.716494174684	
3597.7018994692685	1932.7095598603555	
2410.3142198563987	1574.902457950987	
4873.969595604436	3441.6101381792546	
3063.583477152281	1884.4977446486635	
3869.1664742121716	2389.1749676406844	
5447.151393963703	2298.333106848215	
4201.725283118874	5491.478675991445	
4420.1674449526745	1443.3863759610626	
6275.015566317024	2999.507614877404	
3035.4964828261704	1574.0318912127843	
3686.5121598296228	2765.528632792362	
5915.453400382438	3531.195472266269	
5124.94009614191	2144.0429665406477	
4161.6474138101885	2048.212180937939	
4925.505639604653	2630.0730662536807	
3084.5994237842215	2476.453434915229	
3592.574489202756	1695.3722485476978	
5126.521479406683	2975.2841961652452	
4823.564459679579	2908.3930944667723	
4198.099243498409	4153.5325344971625	
4905.10924410382	3831.847617445576	
4699.597755711925	3835.1485490394944	
3788.206356127947	2900.844629793552	
3253.291675157342	2442.1246232776757	
2826.9425135267693	1114.1163143293163	
2986.1648509797706	1700.9314379369955	
5796.215876823614	3811.3382346482376	
2768.207565054571	2031.6108275528804	
3118.687500930038	1609.2226731694593	
2744.3445341265397	1954.5107337445393	
3807.7143213971985	2276.1756322782066	
3649.9267784626795	3277.4336303153764	
6730.9821287850855	5283.35827406189	
4851.894015020541	3281.376758046223	
4048.537048444218	3876.5748036159325	
2903.9527866326475	1849.7104238950599	
4996.3899197919245	3344.438159626716	
4785.811480573803	4981.380871558144	
5965.81825845225	6101.78661150674	
4848.623709319322	3826.667529422252	
3355.945666365088	1132.2661627470075	
3555.293887700171	2077.6410753240925	
5888.145586845118	4315.875617393101	
3594.8442456854345	1130.1221791485189	
3865.892091048484	2636.393503572641	
5020.144196144741	3252.066006909046	
4224.16619591353	2626.8949410652317	
6177.736099506549	3892.4899957415796	
3263.679068091006	2548.220878748092	
2417.8994089139464	1610.4556345599703	
3402.9631061638347	2231.6663931124967	
3608.051578017874	990.9567283219886	
3094.6107744565006	1992.1158298999512	
3177.6655623144293	1931.5615641648549	
5428.439974497264	5601.7929779343185	
2774.547693789136	1986.4924114439752	
2508.9154318883375	1394.6898889769298	
2999.3116701698887	1914.458803875693	
3860.1744796177327	3774.2293011763722	
4428.750932253639	4647.805139730287	
4188.633564917992	2052.5045670660847	
2979.9947369767333	1029.991328397916	
4803.658455679594	4207.641159658027	
4723.7016531741	6025.652912714392	
6491.2667263320145	6507.176926199295	
3663.435693392684	826.717709541787	
8032.723921928455	6572.666314153134	
4104.637214646799	2198.1347713517193	
3587.274466070164	2530.526673919143	
4805.299636911852	3606.8377200239565	
4082.119010440314	2315.8823271548104	
3254.0730311750726	1839.7981194014862	
6387.353027639605	7192.963154068739	
4036.074259435985	1901.2244561882565	
3829.5888025294375	2434.309446098404	
5656.67941312245	4344.7535139267	
4405.551845603972	3802.237030614326	
2919.3236343608596	334.1395971644173	
4309.16372520634	2118.1392574740007	
4133.762759447145	3801.236704539294	
2541.383146605765	1846.8476277814143	
3128.6559839979377	1620.6340041473468	
5132.919671200313	1216.0463440193816	
2847.9723335423364	1861.4551014317587	
4965.051449351629	2354.8091201541497	
2516.431904690196	4699.0087913424295	
2335.1776758419505	1388.4626029242834	
5095.528254662098	2148.838773114269	
3990.0926723737944	3486.8896595992423	
4790.900198793621	5916.7098912187885	
8586.382172257341	8077.945226364449	
4103.868351627029	1320.680313688722	
4957.212714609108	3766.627451002998	
5180.988670224673	6426.305473201607	
2963.81401903434	1432.6561331242674	
3140.0841692632785	3087.2665198721866	
3460.798890964318	2572.466060998458	
5513.627019556067	2920.2352421585974	
3192.0362066475063	3102.678722516607	
4519.561147205673	2599.1355875136537	
4345.598392264237	1817.2060250632298	
6715.099886391307	2364.632858908802	
3549.236321354961	2038.774707494665	
3019.932791025457	2200.4283975106505	
4233.8903348961085	2561.3089445631035	
5016.352439834248	4458.388690484811	
3350.3747623461427	2025.0694601497619	
4947.073223506793	1889.960923107644	
3911.166017921492	2665.6531089733685	
2976.7937050417627	2296.5030036035396	
2656.5302069162417	525.7540991383296	
2752.5288353179985	1305.299725181544	
3907.130680764973	1460.6076432721718	
2797.7382844364824	1659.8788672156236	
4682.380882159703	5093.3870245855405	
2650.6130956026323	1647.7602504425492	
2586.4584751904185	1364.514665020234	
3047.27687682822	1937.1947369054658	
3178.571820876278	1547.7053666468273	
3393.1441498989598	2429.145306515592	
4469.583827890078	5343.552925286292	
6219.322295746	2534.0458767150167	
6106.938214072769	10964.210797720027	
2965.3759148317645	1630.9231262732972	
5504.418249470887	2880.3059820717494	
3682.8485098510555	2364.5660692504525	
3881.5291348929904	3004.755158620706	
3766.576016558097	6312.961729089729	
3728.04137208083	3263.9236213680765	
5218.236468799242	2727.7449581487617	
3891.2974917822116	2103.9803533725253	
6286.379855942745	3337.1334896388526	
2702.8388914698367	2238.1622860093935	
3598.7760046564085	1751.2778576039439	
3695.2869372690807	1675.581151717505	
4255.012747511057	1138.1687149919944	
4456.904991957249	4485.593619147759	
5683.732790282186	4253.270563364516	
2817.722615497518	1375.305599938023	
2819.218840002679	1554.6841186522486	
3958.16237903455	3011.5922127371678	
5529.951162347466	3279.9102580490357	
3690.158086619465	3144.2920460272635	
5331.572941283182	4959.996423533155	
5960.761754430265	4217.648846522367	
4241.298755865855	1627.3979562547036	
3055.284510126606	3552.7600379890014	
3555.6750079230496	3109.727475227177	
3113.629384763372	1326.5524108105365	
5168.838285000413	4094.008971963996	
3350.2252784209013	1137.7321127659127	
5769.751211408517	2613.3438302079526	
4792.240027039727	3199.7524954257647	
2573.745862660178	1388.1758250670543	
3300.2833656641264	2132.5215407195615	
5054.598014871935	6878.164031744113	
2549.505510055854	2529.8935136063715	
5777.5462529968145	5539.999180399717	
11910.821793117068	14591.892392780988	
6025.269812850716	3354.4819017041864	
3141.6667096825036	2154.9864711203645	
6316.030965286127	5422.545967914833	
3280.3933809838304	2000.426779124862	
3076.337894606043	1366.4454035205208	
3319.7762103159653	2042.7365289410936	
2939.1057203133214	1302.4387594410248	
3566.7378891691965	5290.641419489392	
3675.836946382105	4528.399891925033	
2983.9861346779553	1794.266715489738	
2992.605522899368	1896.0688674477447	
4048.824764243472	1242.7718276344856	
2769.731569204027	1820.6557824467618	
5172.93167169898	3325.4782835254646	
3275.6263120023445	1629.2811926635634	
3574.4030705997516	1679.8218428093703	
2935.7859825885976	1350.6286904831798	
3552.173189412942	1590.4323241990667	
4553.885853048931	3205.452986059402	
3457.5369172229653	3565.2128789282115	
5001.37567934055	6951.032154321825	
2194.3503428936547	1887.244163012215	
5120.687474137769	7451.91628652075	
3321.02104274317	2132.196966266752	
4219.77262921535	4783.7357468585615	
3050.4968927925374	2390.4305837659335	
3484.1641188115054	5093.53119160479	
2889.733815146693	1177.4265244789278	
4131.148001889545	1806.4855236161845	
2841.6977568950515	1810.5098876982286	
4240.644289061389	3637.8649378454975	
6530.025959786821	6993.769933348101	
5628.272369317634	5471.6119877555075	
5867.984452527468	46612.770689238954	
3517.8586636403847	2597.9260788880356	
4101.542279569519	2027.919252052564	
4596.9547383776235	3441.346712537405	
3015.9548002206707	1930.8512911476414	
4903.474924498552	2545.7365583188116	
3966.2599107299243	1845.0546739922804	
6415.952453962644	5504.030334656038	
4253.682539509565	3507.5208825142204	
4453.951068840288	4136.5497023781645	
5348.827526527374	6441.259238587868	
2724.010902350112	1881.0692544562464	
3925.846343027303	1484.1656506639727	
3896.096271435993	1138.2832237635446	
4269.099319039448	1613.8814457424128	
3434.0971033418336	3755.208960465568	
2712.2331179668713	1534.4031578728316	
3145.5843739804645	837.6884819252864	
3169.669379005808	1302.3216697903633	
3461.852009253671	1680.8348106173141	
4328.767416839001	3029.399774051693	
4004.6705898477344	1972.7052202225116	
3223.0198196969436	2700.4053241418533	
4807.57425237293	996.606949203767	
3801.785659725568	1433.1479428067478	
6201.398431863663	1589.891573323513	
3186.1413537927	1503.5227248776816	
2912.8636717052823	2100.7254747109914	
3467.413500136729	1308.6196134163567	
2497.217654096818	1820.187580024315	
3265.8909514083543	2675.992510740729	
3053.099897661269	1589.61972762093	
3416.4102807079335	1436.6379086818836	
4019.8459673219704	1870.4387673183494	
4675.174883988596	6835.307669444211	
5400.870967647907	3069.588382147789	
3213.6884180877814	1065.6439845034781	
6563.381719913168	3533.2078096011655	
3839.697150383085	2550.7343001972636	
3535.2277296310804	2591.048179395885	
3614.1475460306115	1825.913095779043	
3345.020425700747	2037.9871385151553	
3224.493047405469	1757.9984598206527	
4013.9507948321075	1738.9907011187888	
5719.607726986043	7787.796907104182	
3610.3661569326923	1727.1723794582254	
3069.4636103373127	1963.5319329765082	
2462.1413643653505	1802.2597673608334	
3082.70331848529	1497.8293454964328	
5550.142772324873	4355.62254055614	
4380.027092800285	2011.8618184257016	
3345.5911858219474	2432.209638472587	
5134.533276799811	3808.146674402892	
4980.533855502151	4057.486790388845	
2928.8170144754113	1300.0746902150183	
3038.826063848441	2524.927559660688	
3133.7127944146637	1493.4615480739494	
3989.637352946735	3860.3013933035886	
3367.724076241431	1483.455264544917	
2550.867584281325	1001.4010904286813	
3234.951658139203	1994.6604092426683	
3143.4525943557264	2131.6694103152618	
3425.2635031070618	1713.6149299600831	
4628.571418180028	3786.8467584709265	
4517.656127814203	2251.7141669505454	
3877.1944004131296	2476.2088667421435	
4045.0052025355244	3884.786420089956	
5664.357782409264	3798.8005034429207	
2876.374869759053	1730.3397509670888	
3027.1844266781377	381.5525218605066	
2064.090261016581	1121.7502077892539	
2940.300998975436	1205.8169834042899	
2720.0106826363817	2122.697555238432	
6714.03557024631	4301.818183238793	
4034.5061512085813	3386.5217182258407	
3141.366393967483	3473.160514684928	
2389.3222619518083	1687.8679335689108	
4007.9108546381585	1055.5737048080061	
2600.2138376188445	1348.1753263450719	
2728.635951533188	1743.0540386812652	
3259.558126133715	2673.542989290382	
4582.139582422262	4365.696779717288	
5142.982350349285	3297.4502768894226	
6180.140088835663	4592.418590593875	
2941.25423491244	2204.069986606829	
3773.1934430854403	1887.8040967910092	
3371.828581074768	2508.25553202521	
5058.189219149816	3363.7631656698695	
4485.496419526166	5075.94891940063	
3551.7024915082256	2487.7642832979323	
2527.295839888667	1107.7658238294216	
4202.1221862612065	2324.181783352904	
3950.0355012899477	1773.5962508443504	
5047.501538825156	3670.60943540582	
4511.740260084328	14395.18091553798	
3743.0350679883954	1362.7605959708596	
6006.160870951288	5100.697132040382	
5855.780481403852	6478.815556426825	
3005.578743527456	1816.6819564856937	
2824.24723621439	1836.6451929183966	
4856.603818631885	5811.034444003603	
3140.242582844871	1794.5550456120552	
4497.513186186724	1752.150519620026	
3913.266458164099	741.1813315381049	
5953.866509202089	2775.464245337452	
5446.90153535619	4920.790254925308	
5969.403238899043	3007.1774186206294	
4937.504239826506	5445.29909746482	
4246.275443490479	2963.033976561401	
3471.726494044295	1629.0895721050142	
6086.199115396355	2431.8800504687997	
4022.3730501880996	1457.9495622447585	
3671.9888530912453	1861.3734048245838	
3786.45675552996	1968.1444521324775	
3039.5551953061176	2149.1801695687313	
4524.3582327815375	3901.906264067863	
3432.3302127760007	5068.895002042182	
4889.485448993836	3901.4724392286557	
4743.975057805895	3400.645239942504	
6298.5148070284495	6034.9304241689015	
3895.341021820266	518.3841446724331	
4944.47444401923	2594.494492920666	
6078.409125446722	4984.115949870819	
5243.371604926173	2531.4068764981453	
3251.8976428797396	1514.8747892782035	
3756.897170188792	2612.2083746047933	
2866.9223007965306	1765.3441124426372	
5683.516905483933	3100.3750679218238	
5413.233029151073	3185.2930035282275	
3316.092640820474	1688.1125727741949	
5971.501260831941	5615.679906516492	
5060.120888634974	3907.017293193856	
3835.5245715916453	5034.360445754574	
2043.744804739095	1697.2693898796383	
3851.7134247788126	1300.827388159311	
5218.255031828379	4176.758080868088	
5479.3636707947935	3831.1295986974483	
3096.9604415874264	1346.547964944401	
2560.0655252975894	1912.6439581884265	
3384.35326548621	2632.8637581270455	
2555.6835883239423	2948.4432646803707	
2090.705547419391	1512.7745953615404	
2822.4913517507384	1436.383969151409	
2976.764418345446	2444.288389797439	
4959.204269121788	1936.9086911081192	
3876.3914420904953	3347.727906949421	
7001.665603973866	4299.200889735379	
5613.794481494324	3495.132816638226	
5617.288484481911	1781.810757674736	
5101.769922884493	1631.6474504875432	
3090.842507413889	1806.6321849515239	
3994.3948725576233	2197.996114825559	
5469.924116288745	3604.719851592716	
5141.638395129353	3633.89774807053	
4673.971519691848	3412.0863449858534	
2670.00481205201	1177.730031929004	
3802.866352416454	2931.802449484289	
3149.760478709107	1588.0297142456654	
2739.8983378986263	1619.9102526220652	
3119.641101141328	2506.0086783385323	
3414.8760397005635	2657.9898315986384	
4198.450450018888	1234.4323741759617	
2795.142772927669	2003.7389163712846	
3700.8921220556194	3283.8574161119523	
4875.871273009303	2908.6890629918607	
1933.1947724591735	1868.8044696386794	
3777.501630683357	3438.4751947968516	
3207.9614586569487	2186.2848374882055	
4977.027364116158	2858.28995327904	
4286.197404903403	1787.8747267183203	
4226.426875258416	2591.5273035847463	
2911.9934504073303	2237.7563761279253	
2792.0465253159186	1391.6058735515244	
5094.696007767257	4503.725211580905	
6714.096815196564	1443.61507378701	
5010.356827500773	4353.910800681315	
3473.6129285973884	3565.5111109435993	
2763.5075837551985	1841.8023097828814	
3310.908783216221	931.1032422220825	
3251.9140030001445	1336.798083354051	
2501.391162631634	1505.1444623122568	
3556.1245497269806	2441.7747589609157	
3346.6472559609156	3123.565599574079	
3198.5763474363216	4098.462036531244	
3127.3580085624794	3170.555583758058	
4751.476211035702	1939.0667308048342	
4735.237332008416	38536.749919995986	
6658.426562545562	1951.1420800785506	
2933.173835279511	1660.0093197103045	
4325.152326441601	1365.9657169715356	
3538.418399983288	2554.6149368414735	
2709.848940245081	2573.9259525798698	
5874.417233041981	4865.989013323708	
5200.167354185677	3430.972458235949	
2642.0865695808648	1446.5927711842105	
5062.313815838375	3662.7613120405586	
2891.611519344621	2512.852041520465	
2159.7126381925887	933.6975618035935	
4799.082056356231	2445.620137279596	
3749.8959090692124	2215.430324206018	
6501.744580024285	1078.7212963607603	
2856.66285672705	983.3182582958123	
3871.062933608195	3351.522319886404	
5205.840583349822	6859.260417363521	
5076.872111974672	3026.0641690428956	
2611.160119981117	1617.6046158087809	
4240.376898358568	2875.3043799646266	
3230.4929300271533	1882.9199973708292	
4474.167350083818	2565.7010458478617	
3927.338585462896	2643.6134659220743	
3578.9102750594075	1430.1339445692495	
4495.467052594049	1837.4346481570258	
4626.902105719095	10296.436415121456	
5131.516843533168	4640.93344902055	
5496.817585519858	3761.981624291181	
3443.7268443121156	3002.3920305647166	
2940.055285560502	1114.6567379533187	
3348.412534941912	1629.963469850836	
3594.5404388048414	1713.92891515011	
5365.013392828476	1799.1917238661222	
3023.60987978889	3349.390219146154	
5134.847365701033	3819.980420299938	
6165.789360869034	3394.001816613784	
2926.5368325874047	2014.8343792132093	
2886.7716386009265	1542.6553708048948	
3248.221868261686	1816.4480301068195	
3179.520131513936	2148.395334588573	
4933.132444521195	3279.775793737982	
5198.816750136335	4032.8749040537937	
2691.7601230438563	1198.1436072824888	
4355.410019748416	2254.360322699184	
5065.493305418651	3485.1918738382406	
3153.361941918414	1590.8947036132254	
2326.933453246906	1508.2287373004065	
5370.248279791392	4178.816533513252	
4018.439404341193	3510.6045522295544	
2997.2272560280485	2855.340789792606	
5570.617848164611	4493.392984586919	
2942.3072777010907	1848.9225088165974	
4928.267286500302	5331.835417143969	
4719.600095582424	2111.28080499921	
5272.732508110197	5091.2902653056835	
2899.1397988465337	1742.8331278082662	
3315.7445534888743	1517.8828195458564	
5501.944703703331	3137.6266463664156	
3178.692908254332	1378.0819489116031	
5961.154087928222	5437.7188796864475	
5128.435593457148	6625.957940611298	
3264.5811215872645	1754.8273591941268	
3272.2774481253828	2032.307514347098	
3143.505124823294	1966.9937924852022	
2819.5085968856492	2425.7942543015292	
4570.589453407469	6324.715680382983	
2963.0854427974296	1775.2240760584043	
4199.76488193215	3690.610812869223	
3078.321171035268	2689.598783627775	
6248.354319918183	2894.7077437676508	
