1953.0258697918812	1198.6542291980122	
2049.2842137524653	2290.83740234615	
2026.6527813506802	1010.1901473218699	
2409.984203561656	1743.0576326848407	
2519.8681915192246	1810.7778050416534	
2463.9337690983907	1275.773463797654	
1795.7215896822352	1339.6738084038514	
2654.2559960009653	1597.122245047551	
2708.4211610103125	700.8800981528625	
2491.1457672577117	2772.572235883372	
2773.3406052475207	2552.812294341456	
2236.976196288556	1721.5872210864293	
2648.2162609064935	1887.2072273171834	
2659.2414962092766	1773.9808335032849	
1642.8069572576358	1241.493040667383	
2127.3489108518515	1552.7526412033026	
2362.6743134067815	1899.1099911794158	
2726.735129910081	1661.5063520151484	
2541.24206848027	2277.6293133642225	
2115.797833050229	1709.6846353522494	
1925.9413737711243	751.2621598780524	
2099.07431923772	1643.939032643038	
2106.7591951667237	1536.7583698812425	
1672.2772159398862	2493.7645425656983	
1979.5917697459552	2172.312344671732	
2638.847808269327	3125.6659871989164	
2097.2143104295565	1727.929097577316	
1824.6298102703727	2072.618772512369	
2406.8755475884373	1286.624574095605	
2122.300409300971	1605.8832411218616	
2175.011070545704	1771.9187179871662	
2202.725630852793	2573.425270036061	
1727.1281336170025	1194.2503059950736	
1551.7896350506005	955.2388513700346	
2124.270742421251	1483.4051222352746	
2406.566271205428	2020.1037584053693	
1466.579099614966	1028.5754601661235	
2719.458510549878	1563.868337924343	
2291.673560393435	1132.6787696339572	
2116.642826503543	1539.1019003594506	
2711.5733704097893	3164.5376778165955	
3744.631135168731	2249.964432737461	
2969.225897789496	2743.7372713934647	
2014.431713718443	1534.1951425507227	
3472.6139594488122	2602.4846443365946	
1488.231129343889	901.1373561449847	
1997.8210584458545	2114.513626800838	
2640.820381781618	1412.18232545889	
1376.9887282636764	1080.708120311056	
3170.0151822674416	2906.8274304496185	
1787.9877656331919	1117.7395632142768	
1739.0770968197085	1300.5625251885742	
1995.3845067054153	1130.9352616778842	
1750.3990026145768	1379.5586431391494	
2512.838269578557	2141.0763302061846	
2251.9432086013067	1842.8272617918792	
2635.0936700436982	2730.523577900028	
2251.3916771910117	1909.2325254788516	
1946.1695180367349	1574.0096176237591	
1813.7678511220254	1115.3177195685319	
2285.003764158841	884.9732317028191	
1802.453195248451	1166.4034723436844	
1625.5897922240617	977.0960258910058	
2484.970424563059	2888.2836490621967	
2056.5691627076562	1697.0986195624857	
1844.4769953619586	1440.013245175973	
1997.680037599759	1554.8672081468028	
2952.982135543456	2228.7638308873293	
2254.838825851623	1483.0861641671372	
1752.519577328464	1273.0083054209074	
2344.6214544655895	1060.5105815463933	
3236.121485074624	2583.6830807737774	
1665.9687499588072	906.2275047005656	
1670.1885967501514	1028.8997565982636	
2115.9881331456577	1755.2961337161066	
1945.4542086674187	686.8017086358545	
2727.227944609649	2319.3070410674272	
2289.7475755084947	1655.6609880858848	
4130.807622055172	3747.9304758060853	
2656.8494925376062	2164.700776214406	
2399.445950151478	1811.424187650855	
2056.7959329996024	1891.5880465988248	
2680.9202255890305	2640.332726444389	
1991.7346569131346	1591.677078246726	
1906.0089457768997	1518.6440880493549	
2609.2983998631444	1481.5033789909714	
1962.4042673466806	1451.814748720278	
2270.4599379524107	1759.4086407446382	
2853.850986834179	3000.4177867341214	
1717.2239913060146	1365.7060917023466	
2862.324350663786	2280.1834672306645	
1927.6315677618952	1197.9544877182313	
2766.6663871179744	2045.230770689083	
1962.9910810897798	1126.7962001216556	
2359.283558044789	1796.6162043192328	
1589.3364768120196	851.1469739944896	
2272.590862350619	1680.7672426213967	
1960.2746254125925	1485.2062661904056	
3566.658767982705	2980.557061597611	
3249.069500560988	2016.3832306311588	
1674.828692576319	1474.2148247901825	
2883.628270148514	3649.8901317032187	
2927.539832856527	3095.4463253397057	
1915.3778665651369	1932.546368750687	
2251.214913160773	1654.9001170893791	
2411.028210469981	2200.820664160137	
2118.8635298000886	1546.6955097429861	
2143.2589729790197	2263.227582844591	
2143.2045037383373	2005.4769945938938	
1941.7439572342062	1296.1194608123242	
2493.0099575570575	1881.495867384531	
2245.5514515704995	1109.6797600020398	
2188.0631068143143	2589.199324993922	
1896.343883799057	1067.5592768649922	
1741.449204972987	1044.5449896101345	
1805.040485528899	1223.5924337348436	
2466.661741962208	1732.4886744906566	
2225.6130765194134	1851.8090748715522	
2763.525436025115	1751.5838371608236	
2039.5561448505337	1455.9828363182553	
1383.0569573873163	1481.2785944715808	
1827.1980954740538	1179.1765578653824	
1781.7040124251216	1335.027268029996	
1728.9638906716843	1280.8143494276665	
1592.6411172083936	1353.0412275949584	
2414.6552443062396	2435.397625816357	
3094.7738155863353	2787.28472179974	
1992.5600059436154	852.6367294493676	
2145.7371330405995	1537.7623809398156	
1761.1020638524537	1796.084282193077	
1765.2089585080319	1488.2319396807823	
2182.538506957351	2159.7162720228143	
2661.5358889058652	2394.3129129950826	
3526.2430858572393	3221.286618259429	
2452.0679638642578	1768.62074158648	
2212.1087271342176	1753.0117761258437	
2071.4348643263274	1371.961835205167	
1796.7272732965955	1210.926463228966	
2411.130075696306	1564.2698366484224	
1812.7682463046517	1054.531412239603	
1886.4202642803557	1950.15042436962	
2260.3700298648014	1862.0978014163154	
3869.868086467255	4609.457420248546	
2454.8558307456956	3198.3981489868524	
2148.3133722320986	2286.6883900578596	
2641.082984825845	1052.0872201280833	
1830.7622374019038	1838.158044631144	
2871.472275841928	1849.4089207896006	
2193.3065990538057	1732.4775830882838	
2780.0980232182224	1326.2872078238904	
1605.7451815361323	1391.9861333025203	
2050.816357409057	2184.572762762325	
2699.8547926963874	1846.654865039306	
2428.955987838377	1414.3932810462484	
2643.127821247531	2865.2172884446645	
2355.1736053658924	2010.8751405129058	
1915.0705041276683	1608.7826299815897	
2282.789249437432	1457.5888444009156	
3127.5855742945846	2014.8720326052344	
1959.3795653816228	1740.8686639067496	
3679.5563100572435	3038.231829673269	
2472.60765488314	1885.0431484816866	
1512.5742894664718	1667.0281590858963	
2142.0472997875836	1116.8252024608307	
2781.416420274386	1666.4933905440262	
2115.367346052108	1467.268751388584	
2425.26022080219	1749.2427161422386	
2286.8384816288853	1113.3254948893393	
2479.4343868376204	1877.9559565636112	
2415.48695509892	1158.8429414850973	
1377.5416057599875	1431.507611842878	
2149.2160139173975	1918.1867207183898	
1852.748508009862	1716.0072178102607	
2403.664127097522	2491.220667372757	
2761.239742818659	1777.1052528936823	
2064.376099863974	1624.4770718056818	
2425.42859100014	2023.966916677629	
2481.429750498886	1756.2464448885642	
2227.015507115537	2071.628346330605	
2270.1280729270497	1324.2136218791475	
2583.108754112197	1481.5106133743675	
2013.7497674520116	988.8822825464565	
2271.18586025791	1680.3437048747517	
2053.835806322666	1402.3670470751983	
2802.1843592455834	2078.7867788355184	
1926.4908160898258	2043.1652194545168	
2032.4982805962966	1184.9034400594367	
1814.0556245192604	1211.8644923469922	
2828.0801450340055	3140.0595225622696	
2454.9746002593174	1811.308598580138	
2233.208937865113	2996.425248803039	
1821.9660673247497	1560.090304844783	
2074.5693843312915	1723.4471792383924	
2464.293870660665	1648.6773914136124	
2157.604675533969	2154.3507678415567	
2471.047807441298	3515.1725459709555	
3866.563819641839	1832.9847745421305	
1914.2953945523939	1350.6671573182389	
2488.9765460476415	3213.868242298035	
1944.8151461791058	2473.652809122258	
1787.684687635139	1034.118102728851	
2796.3540897921025	2985.848319900001	
2219.161149849858	1482.6560637965802	
1789.5227229623838	2044.465298688465	
2640.933129840036	2286.8458313771594	
2012.336710047647	1437.5440031381659	
2281.651874751022	2114.400844349967	
1971.4648496690318	1561.5945352117658	
2084.0330541590474	1872.702771389812	
2229.714214055801	2049.072365994717	
2997.5871708827035	2731.745171884661	
3225.634670212756	3687.8304897486346	
2576.550266651772	1721.8593829990614	
2066.7395363373566	1859.4052278628822	
2390.8835415963526	1094.9709697482315	
1926.6535442824038	1237.5791949554823	
4052.5472553068275	4019.981136475218	
2500.230576798285	1509.1856593574873	
1446.2435930500073	1387.6300579792342	
1371.3662216078926	1479.2929638106643	
2450.620953983129	1524.1693807367026	
2370.567198955735	4023.4604473355184	
2058.378885054109	1946.4755745021196	
2203.3411938020495	1684.162046115772	
1787.6073077720039	1630.0973909473796	
1994.0088428249107	1953.628555080858	
2180.7064600803624	1503.6078211279275	
2084.146237692825	955.2102401626736	
4790.958974148901	3738.734116800749	
1690.3441998898404	719.5419492562341	
2403.506687712672	2846.283282594838	
2761.6554318222493	1165.9055388979466	
2329.8574697339504	1813.1685293060534	
1648.7124469879354	1928.2253621414295	
1687.5458488590978	899.2050352343387	
2507.7582462627474	1502.4466097583395	
1660.1427755309292	1147.3771243247554	
2201.450281821576	1418.1751475700735	
2519.3755052687065	2156.4505616899346	
1896.6629155605574	1400.4457787670178	
2181.987851418999	617.098654737899	
2160.7811659792956	1900.4212169721582	
2073.9072702753615	1517.6078122515587	
1709.5879876577562	843.4667617310349	
1826.5789028269814	1207.8294645546264	
2204.9064059309017	2165.5448927278994	
1956.3441966992805	2589.334384709154	
2263.15585511816	2009.7226796471202	
2170.0455443757564	1914.5150328203579	
2277.6627545364795	1357.2089981618556	
2133.9333928040915	1488.6044836642939	
2472.8055931845133	1145.78649733751	
2394.27652675354	1580.3400935794646	
2235.155636439509	1695.178499160511	
3264.128067068482	2542.1193255686403	
2179.418084262036	1561.1705548562404	
2547.27086721485	1821.6767100914697	
2586.0944319316977	1919.484092109128	
2423.5688891917175	2915.6668449793137	
2026.601549857607	3130.1466822361617	
2257.9766159512537	950.6645297593028	
1915.786180032248	1821.62596729944	
2496.5583515541057	1487.498823130045	
2331.085285666326	1899.4901660187488	
2409.1224597781656	1378.4208145288162	
2852.1483582125265	1668.3379222728659	
2109.737470203786	1901.1378011377035	
2261.956575859557	1475.9688189506517	
2529.3049208221632	897.1413622083705	
2270.2723237780815	1750.7754536504876	
1878.9085850181593	1281.0808165208343	
2034.1883478830214	1710.9640834132385	
1957.7693447374288	1523.7630247073264	
2107.493672034664	1752.2058353345349	
1949.973989554844	1807.325762365485	
1801.3383767855373	1770.930953566948	
2514.7078805254723	2587.6927119993866	
1927.4882924623294	1617.536745072149	
1964.7475175038517	1589.8449826055855	
2145.0958975614603	1372.6065310165907	
1732.8240804707616	2434.900755646445	
1490.8958543753997	1564.236647701926	
2463.876534097216	1438.8206899469585	
2095.8411715946645	2156.486087426748	
2050.749734783093	1831.290376633638	
3156.3163290138486	3734.4154608079784	
2152.0428050048013	1835.5638570025662	
3011.1485165924573	1404.5941366849179	
2204.9129893843847	2332.1773546218387	
2099.7826334981282	1358.2156343695628	
8259.642679210785	7802.948711556873	
1821.920860852008	2226.5150874008295	
2729.413227241617	1405.030765181108	
1894.5381708818713	1975.4610432511297	
2538.1064556375786	1406.996111530269	
3739.387909510108	3386.337101524127	
1857.4950790259095	560.1356051110419	
1674.4969472506011	1405.5690425833693	
1530.4143357258245	1717.7431512057167	
2541.1594664603035	2796.363563601079	
2809.1305216580904	2245.380063350664	
2233.0128876986787	3111.042510501664	
2807.377537658631	1408.2599255249409	
2782.0697753573563	2122.9085307305936	
1862.46590485701	1382.5573400434816	
2069.9387446286914	686.3789223211959	
2394.6422138662824	618.2769585155527	
2387.683032739668	1703.0984836294156	
2037.4706883343326	1481.191875063553	
1886.2145932978838	1836.7622351871896	
2138.108823553252	2894.255200793415	
2249.661617011395	1255.123869673606	
2306.1201745199696	2259.6473148574155	
1787.573976297727	1056.456124874771	
1767.8874869314182	1559.047721258461	
2030.8919199075538	1402.7135532561542	
1709.1788176407213	2117.867878665357	
3163.0835037358925	3327.8319080134925	
2050.4166788566886	1692.5597970576196	
2395.076704227437	4156.592075872053	
2298.3111760080997	1387.9508668732415	
2232.71602192391	1861.6346973482139	
2740.669203257472	2809.346204424723	
1804.8374882827145	2063.304395442927	
2067.4358030797293	2144.7200248146523	
2158.0752666463045	1931.3520476615124	
3059.7748292260603	4072.9725513816297	
2215.793985155155	1415.618509835231	
1617.2813170291006	989.3805622847842	
1748.638340938797	1401.7485688483155	
1992.584140054269	2017.398586998409	
2303.856389909605	2355.143093846727	
1810.2314544612889	1266.294066155743	
2770.081224093639	2247.3271243558456	
2156.406007877607	2006.4419929170651	
2545.1606549481658	1652.6070692350193	
2156.929307893163	1655.7764021150383	
2059.300467333781	1523.4585148524498	
1855.6604061811393	826.5468431917516	
1922.426417172692	1786.7232804044409	
2358.8218879748038	1508.9978485609126	
2095.92754534267	1434.187083702759	
2425.678529020792	2142.984764009882	
1405.5271611347823	1244.7681183124205	
1749.2360380297514	1418.105702242299	
1557.148212198516	1056.7451615285597	
2780.28179117872	1730.3988178021943	
1886.8793244925037	1177.882732439897	
2021.5056517875346	936.3767314984433	
2036.6536918436057	1340.288734460327	
2413.306518994739	1332.1102025981208	
3695.1644093897794	2684.614401754577	
2412.5072619510133	1494.174335684956	
6573.596072455838	4991.549838297149	
2455.777672963907	1733.2598600615238	
2127.037499231976	1330.6782205972459	
3244.8074339221416	2691.6437466948455	
2475.6752007559858	2738.158803319427	
2184.2351447218834	2228.6301347226345	
2149.956400440483	2007.7912391895159	
2382.0342342390013	1677.6670519175577	
3086.252911313569	2258.004243169255	
2975.2422069309814	1592.8651623796495	
2690.744766018811	1727.2856597557727	
2084.640326939834	1778.1947713270752	
1798.949044292646	1718.4267652629553	
3143.639817626889	2324.0203131833277	
2016.7102062732458	2010.1585421560592	
3366.8146910123137	3899.3476410393773	
2261.76544605767	1303.3658793112372	
2410.851134799257	1694.5848777728181	
2104.640839456706	1545.8984286255352	
2084.334453535991	1022.8459947728774	
2567.782000087413	3589.7549253116917	
2166.228846519849	1649.6032617034696	
2471.8534248821647	2007.6675772207811	
1650.9318770086409	1613.9862461850175	
1702.7961276853841	769.8996493071046	
2193.3525875141813	2267.921488754482	
3014.8124107251615	2085.1605985243664	
3266.350491572969	1770.735280708776	
1732.3279273894448	1552.4007012363174	
1804.4789699211776	1295.6487294230308	
1896.710506686067	1232.4557692701894	
2673.1349725062105	1810.8565056922314	
2459.8231381182327	1874.0117764482272	
2183.220438903245	2822.7432885134403	
2220.841867795561	1166.8348656956643	
5189.7257414270625	2914.8749285672898	
2025.3470841742446	1324.770070751774	
1840.9221718526182	1300.4312616009975	
1992.7633318444994	1488.1373771120395	
2257.9005973360754	1844.5078342885693	
2372.619275103739	1604.6385290852297	
2577.526091318556	1931.2685541483263	
2830.7084766430958	2233.983639722495	
2081.0936303546027	1887.3378901999981	
1691.2419417483986	2172.4851141484282	
1728.1342201564546	1254.6149318835733	
1906.4752264061733	2016.215159760767	
2391.9895523622067	1897.9698510563207	
1898.5503057817377	1775.071713445773	
2370.474646269388	1205.6615758329697	
1584.2953974761447	1447.3580758868538	
2914.9455808479775	1671.6905612968544	
1826.7595306732785	1037.0297635933437	
2803.712595999793	1385.2268999241674	
2067.2867408122524	1551.7679601898228	
2275.049342329945	1576.4758016947635	
2402.172441833778	1362.9705711111	
2043.4144364540591	2372.5754946602215	
2772.9525965185803	2942.745516737759	
1633.853678077734	1613.2800294039826	
2497.4393280234294	3915.3344127088058	
1566.9064757170788	1431.5655351743594	
2634.7183275810307	2276.5298383869936	
2433.2336907811255	1742.6953101542267	
2326.7001872518235	2024.923179440756	
2040.342639797757	1120.6955231291245	
1956.4049765253594	1842.1765943063929	
3963.1759998410553	4348.140488045743	
2129.6641885599524	1262.7781631286832	
2208.549563064037	2226.082734408597	
3111.1812865837633	4869.18953434465	
1920.7189223945043	2544.160209927529	
2576.774768845282	1141.4606126028546	
2310.490436410904	1536.8004617528088	
1329.0866358048224	885.2286283601203	
2077.084625799329	1570.418734173047	
2538.2558546357377	2247.1566413255387	
1935.2939208598564	1790.7660459031604	
1809.257801411278	1990.911219928751	
1894.7967272022545	1589.9883572987944	
1933.4840582307074	1243.6357988049015	
4547.162419043008	1418.788943825235	
2474.838515914542	2060.88215047448	
2319.4195334268743	1634.1996681847775	
2358.357472247819	2273.408465652684	
2458.3455261968625	2591.7520155614347	
2465.2165166067525	2127.0596607175676	
2097.71046021778	1776.0349572261164	
2820.099615798384	1942.4681906988496	
3377.406927368809	1309.5453998784824	
2977.7455222776202	2199.9780792351794	
3062.5639523391555	2665.80788580923	
1704.5762186840625	1149.6510142414872	
2395.079037298441	1946.5221770268397	
1778.1899076342809	1661.0347186091676	
1729.6291493441774	1660.9894003078302	
4292.197989093747	3329.9687483297885	
2040.2930035231266	965.3853658698367	
3053.2309812044737	1281.6276988602879	
2044.0770989940333	1337.4121978015974	
3726.873687699409	2720.800979951318	
1674.026707193385	1346.7285963701847	
2288.9753821953514	1288.2808355069908	
3134.9968086743606	3650.447071472955	
1695.5288557702966	1355.682450956374	
2200.920380042441	2322.4515433373263	
2060.199502278764	1627.5311044328382	
1941.5092455901647	1188.976666798657	
2236.8880455373046	2156.4692355081884	
2220.075466969915	2174.4341570787533	
2036.319171915235	2331.575013013534	
2376.4083048716857	1036.799715126798	
2466.6513176483477	2155.645418666382	
2876.268500477226	1447.5165337938004	
2777.8949410257787	2948.74069033193	
2308.5112813726055	1812.6173715818122	
2113.6203628866097	1723.072403692163	
1811.7247577394417	1735.9430000873588	
2187.7324001145757	1974.9361928570927	
1682.1670539042173	2098.7315234405783	
2473.283124015127	1730.3958883330451	
2010.1339469421641	2205.295533677502	
2684.194995491573	2992.7433588823005	
2655.989731605053	1827.9253502554816	
1924.4801758033218	1197.6594102374502	
2935.7290424372122	1435.214356228472	
2884.8162243634515	1954.3818803817182	
1605.0282554806265	1369.9481446532923	
1743.5964081451389	1671.883573796405	
2041.9097129649474	2009.5399591005346	
2073.82047143165	1446.9416501809415	
2196.5239925583705	2009.6162462294724	
1738.6359414767953	1256.8564238656425	
2490.287784327732	2725.51393940598	
2449.901171992618	2331.324372143874	
1679.375580257788	1753.7968812222791	
3697.453889620241	3269.9760762353994	
1608.3762527067636	1350.8798979924597	
1873.8345361478014	1543.1067123747564	
4247.988998019888	4258.36107483773	
2252.0101586200367	1896.8205745480566	
1945.9388477413238	1107.42389503769	
2071.9464846441842	1755.367162799434	
2388.981164009629	2476.8207703847984	
2319.297786635957	1726.857877389286	
3021.8628222171014	2385.444157103284	
1785.0732716142459	1577.8351220240206	
3921.529995162278	2581.075216748689	
2326.802382405696	1568.0815995190126	
2104.2067738504625	1762.1072807956098	
2724.277330089719	1611.7840960337535	
4847.8035123192585	2378.063078612044	
1253.0425815667684	1384.315585342993	
2179.0547720859677	1519.7405962959524	
2251.084264103755	1479.48209770441	
1996.6740749878068	1380.9057327644075	
2259.0285082786286	1081.4227547420292	
1960.1221874779212	1485.6002080219776	
2601.9001133674733	2223.4926796785817	
2220.8103526983487	1406.6895514489913	
1797.3588737968303	1371.5932486916695	
3130.4404701332455	2047.4013166937518	
2120.6748694251264	2443.3827229638973	
1908.2936279828748	1414.3393643262941	
3447.0544179464546	2639.315748593271	
2901.7594923290117	1643.9948853238545	
2567.896294319272	2920.022536794828	
2139.8222793804894	991.8229012372984	
2440.315037009688	2079.0026044984297	
1740.8743782329684	1226.1567407858695	
2427.048831032342	2435.6413683344526	
2235.7059330999596	2709.07635939815	
1738.5050011469632	1148.4587827463233	
2350.4406812560537	2811.68936190913	
2379.9480835524123	3112.3613211585453	
2021.2147280741558	2041.9579973344046	
2537.9093457962776	1793.4745100929022	
2656.5785997449266	4075.472705097695	
1841.045132269005	2039.2547047152332	
3232.163110896512	2454.4735338664264	
1572.8426460968788	1545.5390666850521	
3062.336009330941	1863.8684271892478	
3440.5402465345337	3802.4882214705112	
3038.4433912638156	3349.5708928159916	
2316.0738237364553	2015.660580293605	
1952.9428516190026	1055.6474805945522	
3480.328643603397	1950.5603341044732	
2327.4022576586144	1685.0957387327314	
2319.63782380836	1865.230343890748	
2102.0664771634574	2763.3979170390767	
2282.571365470294	1246.9837273037851	
1933.4604901187388	1172.305263233881	
2323.7368403191495	2243.534722377596	
4013.143789002051	2123.167347909139	
2772.1800840010783	1121.7771878681417	
2551.365532877115	1675.7739242429157	
2492.77535023212	2925.531507042404	
15950.331376381246	3034.908814587685	
2553.841490046776	1861.6621898664757	
2539.1086914156476	2153.769854493873	
1657.7522992679712	1329.2051075812458	
2289.7989465905935	1685.0575146033284	
1961.9799835644556	1581.2696617117238	
2427.5444754256064	1612.809139069803	
1984.908864518031	1863.6139215761195	
2440.1997658268724	2889.6890171378145	
1759.0760499850794	1980.122316957964	
2164.9846218670764	2151.361218030907	
3264.637184577478	2913.562941522405	
2572.3008244722737	2061.975497170842	
1629.287798428472	1603.4394145743142	
2220.5301290118914	1385.1521949052403	
2172.321514020579	1279.8756035577612	
1807.8465128296293	1455.4476432552322	
1910.5693605081008	1593.9811977241175	
2683.5133005512203	1313.1295750479715	
2376.669556084197	1983.900811392507	
4359.751904940332	6341.305975218242	
2288.3235440683075	2071.518714484626	
2094.901787037563	1799.9626515147136	
2114.830984553003	1479.0727915930083	
2415.1872558489777	1913.999803464074	
3604.1771344301474	2939.4454445049114	
2667.72174734453	1835.99208913933	
2284.7244115569547	1113.779958834881	
2519.9906689691015	1046.141208495002	
2291.2577972330278	1148.8337147637621	
2069.49426160979	1715.636291763538	
1553.338213202325	1278.2786411597087	
1611.6247648164015	2256.06055984111	
3248.9490620086744	3186.1813681396693	
4169.31295008435	5372.336749665208	
1964.2618511200603	1065.314668591073	
2271.803187737725	1975.5800855430955	
2735.345623571687	1842.5857728128876	
1890.8576243646612	1806.3547253525471	
1948.0269150438237	2138.479775855627	
1953.0986808125272	1690.1320919374418	
1832.3424607696195	1686.8929265428596	
2159.067256613066	9018.959014602031	
2021.0328114648983	1306.6724691453337	
2475.1153606504595	1983.1543464352837	
1932.064846683109	2166.167413727096	
2325.3727873810476	1619.093086856349	
2614.133372509775	1543.179410973351	
3279.5929975601352	1401.5910008995145	
2528.1959484418544	2188.816277541473	
2803.9860875103623	2024.2497351746713	
1947.2733624560528	1718.0036585900068	
2036.0188176696688	1859.6598488955087	
2942.242233612748	2287.0792164696045	
2829.308944683988	3159.676725762335	
1995.3323181268372	1649.6864489983766	
2036.4490261200108	1614.936760315227	
2394.606665926213	1470.180032973897	
1636.357209323084	590.2292759287493	
2521.931907218494	1999.3759957968514	
1871.3811152703115	1341.598442393719	
2608.3140647227033	2273.455800492322	
1814.7864641566434	636.3662811313935	
1917.7569999769248	1230.7182624271343	
2620.0557857253625	2108.3567153793215	
2127.5752615404554	1729.8904991446811	
1787.00441675666	1049.882389074787	
1766.877713799336	1876.96967570156	
2778.9869633480625	1457.3143968156542	
3590.26305941567	921.8021438302688	
2034.5063197805118	1817.722941803958	
2040.349963588724	1426.552118535297	
2203.3187887611366	1393.8734693021752	
2775.1125255101183	2165.1767938772628	
1609.5656594467096	600.4989522482433	
1730.4329408001183	1397.2817007135095	
2392.29857930966	2138.9853690248447	
2183.441265186915	1242.7268628224788	
2068.5369226560247	2063.822637132961	
1871.0077223385604	1482.3591809235556	
2506.705328979215	1849.8237694701966	
2305.220987217351	1568.2420037749105	
2341.618468289499	1986.8425260084366	
1782.1653256372533	1422.2899814261234	
2930.1984104377684	652.3413674649407	
1615.2308412735563	1776.360988319758	
1973.9216907649402	1617.354691455736	
1889.2175468090843	1209.895238105112	
2575.411651376284	1847.3326342342054	
2746.4176865384393	2888.693054581062	
1728.2638196362914	1295.756110823922	
2169.3552315149996	2191.867981295291	
2025.6797734968832	1574.3357225143156	
3301.5770587840757	1093.160767244353	
2252.755191498866	1506.137235320153	
2467.4853309727464	2677.7743609803574	
2678.819295689722	1285.867574117001	
2425.0207367820035	1946.6567852851358	
2037.036605998652	48728.54846626244	
3116.4138183812365	2231.99347794293	
2370.7666994986757	233.94197619612206	
2448.4881033927704	2912.012063366454	
2408.7625749832146	1071.419629641975	
1796.7960915155852	1791.5013021149057	
1907.8199527899146	1761.6282165984385	
2556.1063187082054	2108.41555577205	
1839.422550993588	1048.371227653831	
1889.1310974490052	1917.2684610187025	
1779.227945608451	1316.759004259544	
2102.573223220123	1573.516902967062	
1714.5879082311176	1140.57433526919	
2737.132334777921	2095.106012925336	
2313.004885405587	1939.1840392938363	
2606.005503976007	2329.826991562301	
3232.321247484134	2545.5877501844157	
2637.790336011742	1376.7287346758455	
2122.6328134880137	1804.0216812295225	
2012.3607785924967	1260.1224321118877	
2109.1401793018904	1912.9916961001472	
1982.3982488089214	1253.796326671799	
2038.7297057912824	1439.9909312934865	
1887.0686311361123	1220.793717333754	
2478.5310655174853	2137.177193711571	
1435.1705102918586	1162.6211576022881	
1952.5485492810515	2069.9429233087762	
2767.371641992463	2483.410559106699	
1707.0176689096968	1457.2304948307678	
2872.8272453719032	1680.8265517090529	
2140.1088963153434	793.368129488334	
2338.203889014331	2069.647829109151	
2274.59221277378	1572.539101067097	
2273.7716047821277	1224.9397982690743	
2006.1044249540887	1456.5132278047415	
2170.1836558461105	1974.9462223159444	
5486.755856975076	4416.466091517865	
1839.5351844336392	1469.7346466162835	
2072.460446117872	1753.7744087091505	
2693.0069009547256	1856.445510352427	
2141.2779222736212	1069.3062799709548	
2133.4264998149483	2062.4571892626404	
2175.72333676814	1490.6802770094098	
2263.2189460035356	1806.5373074895035	
2164.171174830914	1378.5917487542374	
3517.952985956176	1637.0912573837975	
2254.5091830368247	14576.254946200062	
1841.419529922506	1313.9115764363798	
2173.1063074748577	2335.67698317051	
2169.3066493086594	2159.2051574373904	
2299.1710471473366	2375.0717275588872	
2334.9569287051027	1052.8793162423774	
2251.9095367534837	2673.4139936373836	
2095.5146412556787	1980.7880287384507	
2858.337906189594	2332.881632367512	
2253.2118113646284	1538.9725018744402	
1989.9634826203896	1886.4757938156397	
2931.33939874022	1746.245371458879	
2261.285586366448	1452.0441223659425	
1956.2357708574762	1176.172720199237	
2486.4465776001507	2408.5378944655413	
1895.5829173235704	2199.630184311338	
2660.3616610113495	1962.2789466140312	
2455.320203752526	1509.9497034277865	
2393.1082274541077	2358.1078269464665	
2385.24416053027	1062.5035189044488	
1658.3283648939803	1151.9597290148774	
2669.9612067479243	1550.1559555837975	
1911.4546201796413	1802.2181817149192	
2434.4998564291955	1650.4849356157463	
4113.205974654329	2752.5900657477055	
1749.096264169811	1500.9983015777111	
1822.5578258212695	1508.1717507945434	
1575.4580776651837	1676.6289902449241	
2507.326976773715	1462.3888917601366	
2939.2750825331987	1022.7987452490669	
2579.3388749139035	2000.5593254404662	
1634.320358244405	1291.6079882230106	
2533.0430940281312	2243.727137801545	
1985.5647382632387	1365.8124021760896	
2011.5202424259764	1471.220102865861	
3328.560389247088	4084.969184971073	
1700.1545957716337	1359.5674208112525	
2325.156023321673	2188.633650147453	
2462.333313100383	1928.3171328480407	
2138.884870530585	1779.9644934553808	
2313.135229741471	3397.228212180851	
2852.9005093497	2196.732196112404	
2226.695053888301	1321.5405209513212	
2407.191972072368	2762.9936636079556	
2672.4246472155605	3003.9392153691224	
1982.158415422538	1632.4408037679705	
2286.223425403689	1110.4915422264087	
3954.1462373830554	7541.602955044308	
2121.4833859497867	2154.925332928189	
2070.790284197007	1713.8016181287226	
2428.805765126953	1161.7423459164181	
2495.653931381999	1530.5479252528446	
1935.3922088079928	1319.0887285096767	
1918.146075234594	2490.6617746943825	
1844.5465324181241	1580.039552223162	
2524.248325035705	1329.2088732345649	
1851.6498971891424	2223.821647304765	
1723.6672750741236	1977.493809226097	
1866.288670548607	1372.508656065313	
2012.7731951154856	1830.951197136869	
2696.462160374512	2107.1299173537855	
2856.591117120391	2505.7830595366945	
4221.410409512598	4157.319731282389	
2202.9090810028374	1693.056812859446	
1641.824428317052	2559.908325419246	
2390.137123023106	2315.605978345166	
2076.902781914769	3943.7334240190467	
1757.0529810387975	1558.3835506440014	
2639.0229379872007	2506.213956090397	
1838.4752245906814	1144.0590835209155	
1946.4457418650552	2046.9513242215285	
2305.4779709189143	1748.1760861744249	
2064.1586390686393	1162.6246285375264	
2245.0968464756274	2137.9254670352466	
1778.7067125786402	1914.975631525464	
2250.072641759681	1115.9288540732953	
2059.527642083205	1787.0703650391554	
2088.2174301763393	1177.2897016156635	
2669.1015493209507	2560.868587399732	
2096.9761600393945	1464.50222800286	
1499.1555304057304	1467.7110615744957	
2558.5998466286483	1343.380254645652	
2893.026646021885	1811.7701059646697	
2810.9221916262186	2045.3307779764452	
2263.0450444238463	1754.4029480984584	
2192.7031217299273	1039.8594251101656	
2599.508980186609	2304.0746392443757	
1625.3244184351533	1396.3487554381231	
1993.285068878757	2088.5004978720513	
1673.5534808097848	1198.2011123524746	
2490.8527748307342	1379.6719642531002	
2238.3424787187955	1066.9025169289528	
2938.654134553376	2350.462476488992	
2883.7461613429487	1733.193977623973	
2643.6721735144765	2030.493984132148	
1520.3078199530244	1471.0333077413707	
2845.3279698388615	1690.1273152051137	
1823.1951671892598	1851.4624057642504	
1881.2788278666985	1186.843516329124	
2456.182909654693	1857.2502973853022	
1933.9114186176462	1248.16746043541	
24092.832131854095	82068.40323770844	
1621.049762598266	967.5881342043594	
2055.2122761994765	1952.5012509525704	
2728.884224813451	2556.851114823064	
2583.7597716991268	1669.5188975729948	
1960.9344893091438	1118.6554853619812	
4691.62800788708	6497.163019895084	
1770.846918830802	1991.9859896244175	
2261.328502024373	1035.3994528740286	
2472.2211605655602	1981.8458398923296	
2585.9372084938022	2984.619230184211	
2988.4433550556687	3315.250962269705	
1928.252608898223	1579.9272653804878	
2242.5922028964587	1567.1758163666045	
2083.5690071149997	1878.9492649983897	
1916.0874296492973	1642.8016977487414	
2132.5695520642703	2484.6510062955235	
2164.3937223801595	1430.3303194189973	
2403.899908914353	2062.7378555053133	
2557.767944532336	1608.0826407191623	
2764.132722722449	2171.9883105651343	
4218.815830288611	3474.6357381255193	
1356.5758630327005	2101.903648289667	
2715.316325877647	1222.0954417851121	
2410.5200893469055	2338.2234457323634	
1842.9481694388949	985.6846169757449	
1985.8117252560216	1913.4630055093235	
1904.4775611253015	1135.24967620878	
2147.732317371754	1712.84745686353	
2134.048683214455	1874.6275312846265	
1992.810058092579	1501.4283407299356	
1534.9213480268024	1084.537241442552	
1803.6603234223448	1380.7308012608034	
2628.5412841982643	1412.580158354121	
2709.7614559972667	2898.621141426322	
2590.3421077682074	2094.9150579952425	
2458.598673860934	1966.5250991857522	
1823.5931463073919	1231.980140764827	
1978.644158406761	2113.5786090559513	
2940.634740611801	3780.325840591165	
3514.251573597627	2564.563224238566	
2133.6336797945482	1035.1598917799024	
3203.250114259742	1515.7944342410376	
1924.450645910627	1595.349589556958	
2062.347813915106	1767.3485291366837	
2420.042037989495	1089.0240402358643	
2258.106172242546	1403.2077530333338	
2458.5419275447025	1817.7567141901638	
2587.416531474403	1843.6612676693642	
2403.5624921648023	2078.5869346740888	
2471.26031164684	2989.2838443996175	
3339.3006810526144	1507.317739971695	
1925.4100986597934	1320.2793548175855	
1637.4547987217059	1781.5764913953171	
2452.3812736038844	1123.1764604821155	
2396.1965269000334	1484.4936837976134	
3073.7469624300415	2197.840908437921	
2486.2794884851437	1420.5774519540546	
1791.0345629937228	942.2157626416127	
2106.0790346034473	2301.190438968753	
2037.281672884768	2034.5599638069416	
1961.4681730704435	1776.4541059141714	
2327.170872200102	1495.0678106953499	
3707.996946950345	4208.303360477172	
2277.0814038082826	2679.476979810963	
1805.6301599233113	1925.0901428589232	
2106.4050229940917	1792.5129046335867	
2721.565793935956	3064.7570981138215	
1794.716873539768	948.1806535122702	
2139.8386424213263	1417.697174147622	
1433.7351499822048	825.438620340188	
2305.991886975204	1531.314612814955	
2792.877107683453	2341.516375012495	
2169.354456517945	2035.6493094828108	
1752.6376719305492	1642.5806791166863	
3836.9940688840347	4691.236514340484	
2256.3413949128008	2655.228391587097	
2318.9293713845573	1846.833436848448	
2152.997728556816	2482.9513981434898	
1788.1555719781645	1755.6172143567626	
2157.991402194739	1333.722027095328	
3945.847963279739	2559.7873980153827	
1729.6847259290435	1440.182132327058	
2333.156635819175	1881.6411043464955	
2104.4030824755837	3195.1637720450453	
1516.8508878216176	1529.3264587939984	
6002.330702342392	1428.230601754768	
2143.8725610901047	1784.1076214578186	
2604.8248882057833	3637.8227849574646	
3277.617124229712	2152.4707538786593	
2086.917926848721	1879.4854998729188	
2100.6032887558804	1358.8220621376136	
2476.908885581652	2086.5928940475474	
2715.994086402296	1792.7024043663355	
2376.5290715245337	1592.8974575439859	
2220.4582953387076	1557.2472103256216	
2348.3521227971646	2047.4428435956784	
1887.1115195645002	1525.0000853449221	
1835.7347128140334	1145.8097225486272	
1665.9717882670202	1418.958228885015	
2142.945071812444	1176.3897598495346	
1883.335855883704	994.1061527780115	
2065.197771012285	1648.1794976811718	
1850.6135328610007	1466.9641661607375	
1751.1233843641317	4752.909046951529	
1934.0720596926458	2410.52111649969	
2300.6733529144913	2223.516522553327	
2101.0226781112824	1203.6176948991422	
1922.3389445974856	2205.3702280861066	
1654.2742554794843	1431.0523809986942	
1925.8541883993312	1682.9142331802002	
3926.9606952450968	2964.6171033804285	
2158.754867716329	872.1003130515837	
2106.099148102096	1379.0971021283126	
2950.9038298522564	1270.238223073993	
1871.0319417466544	2796.452660852539	
2407.9034766386208	2534.5301216693833	
2519.8282900830127	298.8462745826741	
1574.2224536777373	1365.1209565044614	
2262.58732808519	2289.89604582319	
2396.384278080249	1183.5048406714059	
13081.280928463944	9255.429069772006	
1560.3249643383717	671.2706230075945	
2122.174507777006	2199.1394939803445	
1883.8732004183485	1586.459965180174	
1931.510016848036	1955.3311787529897	
2661.801798650261	2980.0751358848515	
2612.000790330421	1827.692105476667	
2754.7621205580917	1919.0514941983731	
2310.326252174305	1712.1201104095826	
2266.864844263578	1469.0454627197214	
1980.4121209501386	1069.2851933303625	
1549.3221267493188	994.2979986819513	
2184.6897686665047	1512.2251142318132	
2137.6352002507815	2381.026949574646	
2024.7236121862684	1462.824880789968	
2098.9253369373982	1483.6925249647961	
3465.136382473823	2495.4576919164538	
2071.407254986097	1539.6882135307765	
1973.2022431616529	1409.2660669350719	
2438.5339672969435	1673.5045446026738	
2982.573802416129	1807.6818883129743	
2315.9044091483124	2009.3800129942838	
2062.3786128715105	1942.4452798120565	
2054.8591862666485	2282.1928212755975	
1771.26747681071	1547.7315550911037	
2172.6958057759894	1211.2126357087666	
1300.6790799137402	1067.007773962682	
2059.1020030053046	1767.7261253231597	
2723.906632079994	1458.2174066990588	
2584.404238189411	2381.0112115066413	
1794.3239407187978	1565.2632085459454	
2282.9450244064633	2574.3577621877153	
1801.0859699501245	1129.2333405081692	
1775.913254449241	1392.1411145769023	
1672.3241878242663	1102.3788350122213	
