2125.0226062697366	3760.1060112009072	
2027.3288593461382	3388.4440001817193	
1840.8875580664774	2614.9187991204753	
5008.781564048482	5268.907457614407	
2624.606048623714	4888.7131583274095	
1823.530048221682	2742.3610761312207	
1548.1596562426325	2495.0025073292795	
4111.513388830423	8702.066331492115	
3683.1296899133636	8247.193272446817	
2441.731589239224	3381.4282541892553	
1948.6624740727075	1812.6013377013137	
2364.3552897661352	2166.0951753823	
1870.7598752417248	2882.052492929744	
2370.3527090315756	3099.853290595486	
2003.832383958509	3514.9193719729424	
1626.7060013259495	2469.0994243538894	
1956.4347822889843	2379.095749627364	
2521.74410225096	3834.674662574903	
2027.3922341619082	3086.717006176062	
2132.1837579088574	4077.09328988538	
2304.700837182608	3373.4404860734057	
1718.0742240639404	2981.1190518930703	
7543.435224399276	10232.29439162174	
2454.6133932220937	4189.1743343624385	
1626.6963914013472	1822.9508050306779	
1748.1909894294683	2351.312632006665	
1632.8000681302856	2381.0795071180764	
2260.905396846379	3136.1593237769243	
3196.079450179774	2908.1429294838135	
2614.703418460364	3977.85475105665	
1563.9101302727688	2251.216226507293	
1786.6452968325295	2137.61282445489	
1619.1325424566585	2301.6935067328554	
2724.4960881198463	3559.272871520827	
2050.928350164906	4088.6669733297617	
2418.1664927024335	3169.991356865144	
4847.022189064585	12246.497136856477	
2751.9266312635314	2559.0652367417756	
2082.8584247722492	1928.595971903467	
1864.7100076733752	2505.469453399913	
2481.0596745946787	4088.456507901903	
1763.7876158143633	2092.9629792485757	
2131.1435696428557	4317.974433498015	
2766.5246330036393	4093.104188550401	
2024.2007842028268	2873.3711285108275	
2305.6340380695938	2687.005035912673	
1951.7901112510303	2093.8111330446136	
3138.359727407291	5310.097510509896	
3642.167568641201	7434.857851825278	
2077.2236545695805	2398.05157583876	
2536.475754404026	2801.910257740315	
1671.120109278264	2561.3326452711894	
1668.017726055426	2172.4132974123086	
3407.271376267863	4028.0678478878167	
2634.75518021267	3060.4334063082956	
1906.5844092024672	2388.4675472056674	
1815.170659415747	1984.8995231671668	
2025.898341847016	1682.7564703847193	
1950.1938279556678	4603.2747977326135	
1911.3524978207001	2148.814290539232	
1876.310653713612	2908.590738638876	
2113.960169297837	2133.985600527718	
1905.680640417485	3389.75309802668	
1782.6272205809637	3039.529798850532	
1804.382661201498	2357.7643276955564	
1942.7772719638651	2188.6990904270924	
2189.190741125554	3773.2024258762017	
2073.06550257299	2578.6215368791554	
2266.47120263607	3244.5699740963573	
2276.2896172906917	1848.9565344916405	
2118.8478291623487	4034.1591378038033	
2208.2578344022036	3706.965229201607	
2519.61729673527	5013.421560745751	
2368.480480498858	1020.6991508832448	
1894.192302768402	2011.1841708937986	
1588.8171820787713	2798.1796571260247	
1956.7106811791812	3033.920317399096	
2700.4142302151167	1573.4023047662524	
2416.0798609737185	4460.091626270053	
2387.6148909556923	2009.22138744577	
2125.869712066986	3930.0670559407245	
2227.2171886737547	2257.902465587723	
2856.4649985509254	2520.275941036819	
2048.0382558046795	2259.3588346107554	
3158.379159088751	2299.4997386640075	
1627.2010413972941	2530.5483782071633	
2283.9847364060934	3383.0638090403604	
2761.0719305943094	5532.02236558632	
2058.459672694187	3138.178505834409	
2160.6232965825125	3598.1936930831607	
1637.8855406436298	2618.2926230454573	
2099.206536909751	3187.001365905301	
3045.1969892914913	6852.615596519026	
2291.0142608347805	3077.6912526019955	
1458.1049346590792	2151.458956390476	
2491.531067668384	4218.791299072278	
3726.030986522247	3704.029337278732	
1448.3005232271153	2119.5568925105363	
2007.8954587628978	1305.2322342823188	
3012.8703286770556	3490.0275989722572	
2468.880205533397	5074.241158867202	
2514.8283105987803	5997.081790408234	
4371.096107171466	2996.7454956345587	
2608.798131367107	4121.890547552915	
1683.6508254365965	2617.060881268493	
2704.821792811382	2377.757619717961	
2482.3205918225417	5160.784122380387	
3405.3804350470323	4794.088326716379	
2620.653709756834	2840.4517141573583	
1959.2209717404319	1845.4625077308085	
1839.7092604092843	2178.7271238263284	
1437.6059352988095	1667.574381178754	
2047.8008396120283	2486.2316902511466	
1744.6921565938935	1803.0428929426098	
2137.0648980204073	2045.949255739072	
2386.2386132503366	3633.531127704287	
2195.583991816528	2857.499151698104	
2218.5391195070633	3779.5951704384825	
1795.9757014345762	1756.252875739888	
1699.4685347144655	3053.0197670253438	
1596.8416936078484	1662.269421211462	
2137.2054867417123	3759.1624526791934	
1923.3293158947984	2175.5938664983228	
2929.393968485935	5133.197016936814	
1436.4304970977068	2128.529700199684	
6228.343038104191	4274.349068030281	
2611.124364839582	2638.9088797398344	
2589.9407185834284	4677.0967685854375	
3517.821718541033	3545.2798753048883	
2509.0531694492784	3041.1619890773877	
2595.9742170732147	5774.2665109869	
1519.8166139739144	2039.3561889903606	
3199.621708637676	6204.736056583313	
4005.056246955977	4379.17084270006	
5627.998825924972	8797.969756646831	
2264.969277309765	2948.5772114967376	
2375.79970860112	3270.983611875928	
3107.4552245112895	4730.198573515119	
1940.1350942021122	2552.9253862295463	
2066.110913608454	3120.40752978439	
3301.211630294603	3128.0899374467117	
3280.6499876475223	6811.1183196210495	
1748.3061070286287	2055.9369596327183	
2156.158545231517	1150.8060056294473	
2289.3793158077683	3787.4825143356543	
1909.8206798659746	2175.7629323058536	
1899.0655281081513	2770.401791665305	
2140.128620238298	3025.407477087006	
1887.003674128182	2167.2157917993327	
2492.054900646649	3105.7489274852505	
4119.666731130554	8343.68978297795	
2814.2739692476084	4876.240094167797	
7042.540788415893	3921.665615988342	
1627.819728807112	1966.7631799378585	
2264.3168507932855	3080.613438759158	
1960.666284246612	2936.0649128717982	
1874.9741682985493	2171.786325643619	
1827.9465406595207	3534.476166022279	
1854.824834891387	4061.5222333710904	
2174.505787741735	4288.198047744484	
2134.793926031775	3258.8663508904433	
1755.514322762066	3282.130731322671	
1836.8276237392383	1914.7597274698646	
1844.982145314735	1775.7903298339556	
2023.6376715933675	2594.8681826903676	
1947.501894678476	2177.4762837846847	
2617.808534819969	5693.253710169033	
2474.7898709702677	3350.8084541203466	
2359.167648572972	4219.171710926463	
2393.8523694732626	4071.9612619483214	
1795.2181703750384	3627.589468273461	
2147.7872502345813	3364.463795247798	
2316.514064977549	3194.9623733200615	
1882.163814447394	2492.1139120687753	
2176.5461813148227	4444.780677922955	
1743.1734595932521	1745.7897984956219	
4663.52973029963	4857.671621954152	
2177.5727060267473	3545.9358396281464	
1779.173003986998	1688.786522774332	
2211.7752853728657	3757.4161892128236	
2329.2336191478935	3908.7833836436416	
4216.431305825237	7658.858562660914	
3705.9018369060154	5073.500810370578	
2452.489922445396	4452.063808703238	
1797.4797921007173	2209.6631050512224	
3971.1219434560358	7450.681831125112	
3548.8520578338303	2385.0292744949	
2227.7805772024526	2054.5873940813444	
1570.867082194434	1696.8452996529936	
2372.4817309318455	2616.6440099426172	
1719.7277218853892	3247.5737570634574	
4343.648228088615	6382.404413393094	
3757.842849518522	3236.2281360757925	
3601.310761094966	4718.173385995952	
1966.7229836280908	3142.2278804479397	
4878.022951912561	7755.299314159854	
1938.8141973470829	3091.7209767225495	
1387.444461361167	1733.1876563198175	
2878.2240216328905	4137.441886227057	
4102.6152100411655	6460.905493655133	
2275.4775276768246	3026.8564645145684	
2476.7743262496015	1851.4661344441877	
2797.2470636540493	1974.2501023804143	
2130.5777523852885	2825.2121612780875	
2765.4009189987205	3975.8176804676623	
2635.679176290216	4839.214258866633	
2798.9117765325623	2578.3847857239193	
2253.2136806251997	3461.9769824971177	
2312.2586211541193	2031.6770767554844	
4632.439005910542	4039.048790269991	
1675.2327603737992	1859.0269878455324	
2194.0487281712335	2495.0047386660112	
3434.7278919855084	7912.888057715011	
2003.2405040794094	3624.6561967445505	
2293.123345796806	1630.2131720453078	
1649.1517895262252	2030.7237824118438	
1431.5902802791024	1162.3408275225895	
1860.7824465551994	1666.5097218481785	
1231.3659822575023	1274.0440875554677	
5213.6413314203555	6046.44993713949	
2231.0363769995483	1944.3777306557608	
4553.487303523778	3884.254762488005	
3758.087690208005	7266.892476928145	
2190.529719393757	3296.2914049800465	
3622.404657218653	2566.34766433833	
2224.5835997079935	4473.458147493641	
1978.3657731655078	2423.932680407637	
1990.0838040295366	3459.4979995763892	
2645.013272808123	3418.3768744320664	
1956.9541113121495	2577.3667496001867	
3994.0445511141193	1998.2076825836627	
3212.904011342119	5011.965443168154	
8888.216650220205	9741.723705972585	
2259.2476570811496	4176.160559116115	
2062.4708651470123	2686.0798135895475	
1752.7712326673281	2760.759148002409	
1639.3871965440546	2359.314479913039	
2497.9579831269566	2245.9579720867337	
2131.3489553272366	3098.087987730642	
3247.347981446955	3508.904989554272	
2679.8167923120827	6285.769414207952	
2184.9390978190772	2967.96706988685	
2539.4324838911907	4595.807210471235	
3031.2851116479073	6143.040353225251	
1727.556777248379	1581.431252879619	
2319.9667219718704	4724.741939551182	
1896.515325162014	2617.602401069062	
2299.76645531812	3104.1317283605144	
2287.880156218366	4422.99049238304	
1911.920824613336	2048.8241803351443	
2421.02771000951	2570.0168317498133	
1665.878901473466	2100.1552196652647	
3165.2964635875555	5905.510013273069	
2692.2162620731583	6065.205288274372	
2095.3182534201437	2607.4041491969397	
3175.82557292943	565.9080203168865	
4041.6730486681886	3612.991028813832	
1591.300836280182	1832.2862247013277	
2289.7218756931466	4349.0413660604245	
2910.057746085099	6011.211594779392	
2738.499819249483	565.5789590262896	
2199.1529092063715	2267.263155923385	
3309.129049407759	2083.298218714666	
2935.1892444379923	4574.856440327849	
2567.6403516076966	3012.4256344040814	
2584.3046630391864	3353.5602993003977	
2856.2733507617404	3581.4808374890995	
2143.620505802207	3085.507296303921	
6625.377488334188	7417.648249017405	
2264.710897904642	1709.8484555403065	
2057.8486668971796	3705.5248824525147	
2008.6964108742272	2891.603464523995	
2722.4509320742222	3777.1641462270354	
1767.8900641435619	1649.8763495506803	
1378.504638032723	2146.143810567663	
1879.4024527000827	1743.3936837794904	
1664.5292526586904	2383.1824177858084	
1791.1248140695993	3510.7791968770557	
2744.489629363905	3140.604561486224	
2690.240343934856	1806.4892565739904	
2520.000883169565	2582.0183064767234	
2265.0341417715335	2967.0795082086097	
2620.5943622152777	4270.670443239705	
2540.9082690377018	2765.596835282575	
2310.2686147317077	3859.9821797051577	
1749.8506716240615	2159.675936091693	
3798.9582016294726	5135.7038092355115	
4279.432214277324	3371.6333841029214	
6049.384717894851	7264.713109062071	
2245.8918591022966	3696.298022769472	
2463.648171404092	4089.7522560636135	
1962.3333337506408	3105.383197796492	
1738.6465087596714	1852.7160769723416	
2169.8497833473625	3485.0052220652215	
2738.8197854238424	2463.7140540292953	
1843.1096886324667	3057.8024715329007	
2060.8798699101617	3473.4797106625538	
1890.2676142755288	3562.612301621114	
2366.3624583945234	4118.987338967343	
4757.408330002985	7737.102224170495	
2318.5855179332025	4995.331706148776	
1879.636304677027	3386.5902836431646	
1856.2017416668366	2826.466539475032	
2276.5328041234557	2306.6053735798496	
2083.1596544783424	2550.628777058603	
1877.3713123054167	1716.2381351589113	
2509.908337501575	3477.227266823253	
2468.712943327484	4757.954404155072	
2378.1518882380615	2102.776838828106	
6542.407653694753	3905.436234539119	
2161.8942471826217	2951.606120973109	
2061.1605696067077	3155.9302959562433	
2554.690061561644	2791.245215809371	
3896.6965385882922	6421.09479499955	
1739.056851571307	1988.7922854543717	
2080.021954388003	1225.9454221438707	
1961.582359208036	2437.866704420376	
1792.5323229586213	2093.8232205575346	
2721.903363981486	2133.4154568268086	
2173.822844398172	3259.1331523755157	
1804.5547337720557	2528.477345205399	
1384.122392533162	2192.153009979583	
2205.902553403066	2766.873417748622	
4573.039032398061	6014.935730347427	
1638.1876037041109	2136.616279747896	
1393.1183483465043	1905.3290263039755	
1876.351053764676	1285.7038865151749	
2544.01270925989	2834.8028796935773	
2412.0549171255884	2714.128121808225	
4511.407831187196	3615.2616032668284	
1719.6323640312091	1854.829604172111	
2357.085166495826	1229.9658427687061	
1978.2868338438777	3213.473361493826	
1575.9088632877797	2514.734369628194	
1369.9702082461301	1563.4070820395568	
1912.0652016057654	2471.6861594369807	
1812.93515169279	1840.0428838582066	
1916.7225894786739	2561.835483825303	
2561.425967224084	2066.52708587846	
3278.973848179499	1662.587697533942	
2384.1037073081748	691.5271364016974	
2580.0939198661827	4854.3044115916655	
1935.3121112065146	2578.9383780675685	
2607.841021254873	5588.59175837348	
2249.431197012915	2746.1643703158416	
2152.39277571282	2608.8412007209	
3425.739459965936	3833.143714613203	
2070.146038696607	2526.1613779533245	
2378.0809541934723	3561.1211480523575	
1961.6867882119384	3297.161957575268	
3693.232402915174	2228.6769383773985	
2750.683083595178	5309.765364055371	
1914.0807161317507	3318.6249408929316	
2019.3761509147625	3228.1480996058385	
2175.6230928539417	4063.9333654000616	
2417.063188421771	2463.0343548974474	
2151.7256647335817	3758.9210019209286	
1771.6647741740535	1965.5262322072115	
4467.88701437414	5206.088486139992	
1776.464263301516	2060.459080329727	
2526.568417370535	3596.1661068238654	
2691.5286086741544	4791.634746601324	
1724.7243136836003	2110.365723308133	
3234.3561544758722	6557.357232204404	
1890.0449955850984	2223.7765731796244	
1862.71280631242	2523.896412619188	
2187.7902906015634	1843.4849706310613	
1737.4527256018744	1262.8791524284877	
1992.3801255496674	2107.3567429894842	
1873.0759614771807	3553.6390164174686	
1880.3896868640022	3713.059975974325	
1906.8717489828623	2693.668137198348	
2145.847292674378	3484.9391027920333	
3638.3663052519646	4259.567205654908	
2198.805616373203	2976.537351416839	
2801.221649628133	4251.073758239681	
2140.7454595832687	3066.9150536963193	
3299.368628847564	3017.506935777289	
1970.9853919975087	1612.0099291589736	
4471.778377299315	7406.665492206445	
2212.377900100115	2871.696656485656	
1651.495651260047	2434.6824987257733	
2447.4003256274746	3172.5607552025454	
1975.3560500206845	2327.26947770934	
3369.248496902286	4413.546944353893	
2199.3401815542875	2850.906319358099	
2179.367169504767	3073.4978459088593	
1791.7285420362157	2421.2685077948636	
2326.0935430087516	4262.689935785252	
2878.605221603014	3575.9478800521074	
2595.323735965403	5254.596644473407	
2191.727034292365	4431.71953695167	
1873.9689048945233	3494.098544483043	
2924.8818111350574	4518.683511962499	
1955.6509667386524	2299.5891944593554	
2723.5677531701467	3859.802838408973	
2218.8299439328152	2688.337424957143	
2109.726314311063	3815.958917826056	
2076.7547166968743	1926.7447605461261	
3380.0711374113175	7871.688271296219	
3551.315793666854	3035.920834440507	
1340.326863316438	1199.181404706883	
1793.9398194015535	1904.4386479977736	
2236.825114598709	2420.658873518021	
3723.6938798432257	1992.3416995912276	
2150.1243645399068	4179.096070142481	
1920.1991054975367	2321.5893015781694	
2479.9300223321934	2993.125293672963	
6795.591079238046	2836.707257619113	
1862.7356708837372	2788.868367807249	
1647.8767446806892	2169.347825925042	
2746.7838823696816	4963.620493938581	
1597.9338157703746	1844.3213007487782	
3703.5870867360572	2951.72943413954	
2135.6723938607656	2687.1083169613885	
2506.814815875151	2361.0445169066984	
2090.841642258589	1853.795917695248	
3774.0484709368816	2214.05431932383	
1888.5043199596255	3413.0502497022226	
2205.0607002314086	2725.8422562273972	
2203.3289378743443	4926.238613569958	
2408.060505617422	4131.638878016066	
2290.6685069178	3686.9953327648664	
3299.6900083201895	3778.9397406194494	
2314.3599115347547	2191.975275107886	
1958.4793033371038	2568.139272250169	
1704.588347365663	2745.812633300744	
1522.0508241189525	1909.9906205624468	
1690.0591363191152	2529.2010722064215	
1787.0652570169882	2164.775609189806	
1630.7564787347314	2651.1695354104145	
2553.0579579781515	3354.58955070739	
1678.4817962878435	2360.7180702704586	
2399.323536875948	2592.815562289344	
2232.051006674063	3948.4535992894457	
1518.3624712973033	1657.1736566804243	
2463.0206570538503	4540.478387940046	
2634.3371740615153	4279.322237065552	
2593.2378681853265	5137.520331025443	
4701.819385431366	7672.513934336349	
3957.6095177865823	7250.767843058687	
1879.5784520990417	2431.531583130414	
2156.732164351808	3583.1848683893895	
2168.6809191707334	3341.429283898183	
2442.870214112717	3228.995733608762	
1660.0287683402237	1628.6857799635443	
2103.871941779039	2115.1306675653746	
2375.3066327497268	2740.217312422172	
4769.180478525661	2705.4808588425058	
3995.433134255026	9316.120736132703	
2557.490880749586	2638.1509030168477	
2508.562677659046	1730.8762419400803	
2036.165191536	2486.932471353583	
1939.9217578905414	2582.128122625854	
2129.288900358472	2955.156594711686	
2858.480591997476	2172.3237339348293	
2256.9648126512866	3540.0007512677107	
2120.8900676900635	2476.368524747217	
2861.9273073881163	4470.923575765332	
15321.320075916861	33990.88192254251	
1949.4733572309833	2856.7095627040094	
2450.62759885844	6190.1834037059425	
1981.216155375237	3039.990254517768	
3029.555417592421	5845.873539291033	
4095.3977817714344	2659.3364047113373	
3374.092528866045	4558.219290463815	
1630.906272567862	1596.1379223062456	
2462.33041441123	4103.795644940609	
3642.5256325780015	1477.951900247232	
2336.3603209207913	2827.0990973655344	
8263.505262342846	6490.547125603722	
2309.396765156387	2540.79786480002	
2369.946356419545	2240.2963762320087	
1871.7683914433383	3143.6690815207585	
1898.7678827754294	2607.0750656611926	
2159.7794731200047	3561.6724980859567	
1605.428787453301	2403.958945238702	
2872.8427997821263	4637.704650506389	
2049.2856514305286	3894.510121905811	
2748.3020758157563	2332.4413163667537	
2117.670807432014	2165.9547769776646	
1842.594360401998	2433.376959039022	
2166.4306556231795	4122.13139794664	
2346.0224446549933	2230.377999691401	
1945.225095645048	2190.365092376861	
1549.1857480806896	1564.707460376112	
3336.7686008469364	4532.52289158295	
1686.277233513612	1247.3814675626932	
2711.5339840449246	2387.750760656988	
2686.3785449625375	4126.685501357256	
2039.829915061168	1716.3647523764944	
1695.6398271593675	2243.234979942449	
2226.8090299506293	3017.623799188592	
1771.9173513637706	2273.9635507775793	
2128.638942086279	2884.6354135931747	
1610.0561455944464	2667.5072248486604	
2694.2176268068565	5516.408646253219	
1726.6805599793902	2283.950318666691	
2004.7784276612126	2169.90630044859	
3124.3084493601405	7004.987943477015	
2327.0063664153	3137.0883706847117	
2226.2051460964235	2229.728800805996	
2389.7726419987753	5043.803857891589	
3997.9633901207685	7920.996913719848	
2941.3578026243094	3076.6035375242495	
1470.9969386722855	2535.1833953526943	
2180.2502177741158	2441.0088367953877	
2897.778160401857	5228.26786506979	
2996.6746807840823	5821.101714243556	
2283.7447390160683	2270.2766921189545	
2158.847358134536	4259.2061018257755	
2273.2700118840366	3506.2117189101887	
4359.735277642888	9905.801782893795	
2488.1721025118973	3304.7278329433425	
3416.6655507548194	4980.898806606799	
2326.4809120487794	5087.601549609172	
5330.419866497961	6028.1562886079355	
1676.9926168481009	2686.5117587930636	
2551.6356447780686	4049.4693080025777	
2166.761166980468	3190.48708788175	
3601.1428380103735	2470.6390092318316	
2421.9828788228406	3275.9252767846856	
1702.087539509122	2587.607018195715	
2287.19361431391	2554.0708052061723	
5186.490534376012	3270.7196892379743	
2183.9514822925516	2790.053596332417	
2533.600209876576	6013.3121703190045	
2218.1416674254065	2470.112579908878	
3859.2852248085233	7769.080819072622	
2520.8484814262715	3805.364333058773	
2202.853463198069	3787.798150826835	
2291.8816907178348	3461.5717534956443	
2007.0391509199537	3792.188189135265	
2103.045726549398	2470.9155362761967	
4696.837252925425	5834.837821539208	
3552.040925543253	4072.5864911230633	
2514.162237676846	2834.920475488265	
2787.2386702368153	2790.74768716613	
2384.190637177145	3893.384987595072	
2312.5399591482624	4980.730323517058	
4269.042972143811	10182.096015886988	
2055.4595060870647	3031.599549570842	
1877.676459254172	3459.139144281376	
3695.288198853005	3225.7168956775113	
2179.351579384363	2672.2179137854246	
2259.5451142707902	3991.5258651511895	
2248.6258918637477	3564.8466107682684	
2390.995934161558	2489.3212601213963	
2431.528097290001	3271.906592006661	
5301.063673453514	6476.5132499579395	
1764.16808591137	1677.8906769987823	
2325.4391078993804	2107.0619472854414	
2084.313794642444	2676.8061446121296	
1866.4823131309377	2381.4464309149607	
2349.612427241527	1854.0820550572903	
1997.1084728830158	3208.465599370461	
4957.674845500098	8285.32877177906	
2598.607925825769	3516.926607113171	
2454.2247481267996	2465.7853602883742	
2020.6911074623274	2472.5577164246256	
5137.832629163352	13099.257078826779	
1930.440295492198	3439.169839459343	
1537.4878849333115	2150.957770629528	
1844.6694173008375	2300.2172561244092	
2398.263282718993	4503.9205987487885	
1882.2392686678313	1356.5801117502317	
2360.444869560248	3850.202392527494	
2040.895464160145	2581.570545631103	
2037.7286981274613	3729.79931357008	
3799.163079405726	14910.773397233419	
2657.793245232365	2083.937188375588	
1749.0340640986212	1745.6855405790438	
2543.0978873967892	4333.585927616595	
2599.459160337007	3766.5860525418925	
2609.965257692031	5087.8595428865865	
4520.988276238369	8194.085408317223	
2351.695911387759	3765.414323783239	
2011.2730950245043	2625.2180259029196	
4904.229499335918	3390.2388207542995	
3683.7345327928756	7879.4188285432265	
2581.4998641233888	2943.418279024543	
2266.5309426743697	3993.3567565686844	
1485.8663250171787	1552.292125549859	
7984.3545177332035	8987.181746276716	
2667.234336643774	2795.2118168861175	
2102.6084212010182	2176.283287240542	
1692.4059515772851	2679.01096496273	
2503.2370664046175	4390.960115004355	
1909.092358314582	1831.9471746066454	
2364.725056544699	3034.3108224668226	
2384.218194157785	4197.09515641699	
1838.1364468798174	1715.5080480951804	
1805.0721272959554	2340.3111632681284	
1773.7172857473647	3120.5654321507336	
1767.240445384339	1330.2009550151533	
1861.8100181044908	1964.7184071888435	
1808.735445944948	2067.204409193215	
2233.7073659751154	3694.7510378971415	
2474.096846506336	4429.747279316707	
2075.267740740025	2315.876816721058	
3546.6324813921383	6615.436165296329	
3348.152792000096	7552.614030871556	
2395.843370926169	3389.4098698016774	
4515.050858276974	5990.942311166568	
2774.1374506484326	1748.1681759767123	
2234.394160997433	3774.749572587469	
1366.85677396352	1469.0912781480076	
1575.1776755074848	2403.605640208536	
2387.7588001525487	3214.656329357616	
2428.6215898791215	4208.834276974374	
1824.1925261941133	1936.7450808528897	
2017.0398141626606	4006.7426938537865	
2461.6653743815514	3479.780055291933	
1604.9529648774385	2489.4926613476487	
1459.7216597437696	1736.0128478016286	
1213.0826555725944	1351.116103828441	
1576.9178014352128	1834.1286700618803	
2058.2309658029876	3305.8794627347957	
2836.7422524557373	3111.4498431496804	
3406.9013596083546	3149.101245653376	
1928.6433548479042	4567.443991285187	
2120.3544733769086	2383.0975916348525	
2392.6143674749205	4079.496470655918	
2369.1857511944477	3489.4106577596717	
3704.618905414905	4761.6980587044845	
6008.4626192570795	8715.33591044987	
3336.6014109408898	1774.8126653815434	
4376.132445926809	4792.198655310385	
1715.5235718456788	1979.549477176195	
4973.409596557521	8116.081758254262	
2453.564794020805	1624.3394632161667	
1903.609676708674	2722.099918106958	
2492.0884842803084	4705.240411133809	
2457.591623259084	1596.2451569594741	
2237.913266888273	2859.7198088690434	
2052.7113363039784	3114.3079869629682	
2160.3527457539376	2504.394321387991	
2342.662879061429	4845.461890212144	
2303.3256189469507	4507.264507654397	
2289.685339686444	1362.1213820535725	
1773.807635640937	2641.934811721138	
1715.8410970184254	2786.9817499450755	
2049.5607618601175	3060.016833389696	
2374.500272722675	2906.2087029159534	
2037.5476851441001	2532.420345200788	
2224.4293015112644	3711.5970001586625	
2491.996822485274	4297.361346366096	
1768.721484342798	2190.9385161980867	
2102.135024114024	2463.660983272424	
2280.3082219915323	2477.2169073076743	
2268.066526124298	3479.4452092692736	
2880.415635464405	2144.319783733327	
2681.944817379256	3288.4388963740685	
2298.210121585482	3545.018028886039	
1895.4570394329903	2214.0667460756026	
3547.368059232503	6526.696524518821	
2446.423874133652	4393.066700762517	
2070.1970323075866	3485.8096871853554	
3601.672351188162	3258.911814727146	
2264.1647277214374	3544.3874823967417	
1617.7000451543274	2130.966409188388	
2538.7056068688607	3141.9692634590697	
2179.199184620357	4115.135114197044	
2567.6864291099923	5708.857543598777	
1966.0195502048375	2275.140263850044	
1822.414675994657	1882.2590748432754	
3365.4017536345605	5164.028686536408	
2234.0569273055353	3843.5347045425365	
2312.520417337805	3580.887584896514	
1871.70219286359	3234.629470786218	
2022.2790868125103	2971.6075759664377	
2309.4178861275914	5175.054273780153	
1920.369898430775	2608.4105567731194	
2195.360660221692	2846.7668462709016	
2086.066428838032	3451.9055560747966	
3471.465336108245	4417.983863107172	
3106.636409476277	1696.9361234643272	
2549.9123885435442	2844.8515247440578	
1789.8158620104844	3407.2046964105007	
2212.1011791883266	2782.827535598958	
3063.240557406514	7541.238964080054	
2466.8342881685203	2446.5429140437077	
1892.7162409915122	2194.5807076994815	
2098.6962735282436	2912.105501636131	
1560.73450677356	2133.5757114000075	
1769.0735498397883	2586.623167490727	
1866.3552917199365	2264.8615720791486	
2042.1572141137756	2242.8756007126617	
3478.062250582728	2808.867764191221	
3239.1648711289467	4349.147877227364	
2111.597102205004	3533.2206635089155	
2039.766141901561	2259.3994246941825	
2258.451357673413	3214.697275542696	
2250.871364475107	1005.5557822949264	
2001.864626329676	2076.317149390232	
1653.4339880537907	2278.181425710142	
2542.1820815121882	2397.229286585296	
1927.8458049600167	2040.2803136539856	
2605.0648609944	3005.242241130366	
2553.7136168158063	4225.32249351417	
1326.6381885973083	1569.2656547082947	
3261.015633684144	5357.768583791802	
2355.5615376714	4533.9864587645525	
1970.4163804303703	2278.8625140746094	
3890.404359779707	7480.2595892502295	
1571.1981398768	2241.71153600665	
1802.109268983925	2779.860238077312	
2189.2255819760344	5217.882678059749	
4268.839905026408	8680.553636928427	
1577.584762572239	2794.7577095000584	
2319.8825813997037	2806.9146142095437	
2000.802358678929	4198.540409758532	
2429.4534935660035	4956.699117885504	
2152.6817386038924	1546.5692976881976	
3854.71354773485	5232.29239418653	
1981.0530810249056	3272.49435691547	
2175.598363418577	2958.6511779096586	
2084.8274605208626	3629.975971644941	
2002.2043131027176	3928.661216133441	
2271.2056535956735	3242.949192731186	
4657.804012151883	4982.897094505843	
1726.554625047117	2309.3040408626434	
3326.766234687721	6374.719453966096	
1797.174032355632	2799.558512043899	
2155.996498603623	1830.6146147352665	
2948.5299077925974	3964.5300610790414	
2578.894773676559	5472.585256775877	
1648.313360959277	2734.206638503124	
1757.9475460470285	1846.543166063569	
2460.764783920633	3616.3820536388102	
2648.4478795730197	4371.550212512195	
1923.9965877424868	1420.6838826437493	
2056.1569713103027	2372.7356690895513	
2766.8120162388827	1823.3993372733935	
1909.4881945142747	4968.573215634564	
2224.732264688097	2979.652598231754	
2940.786253872013	5806.226622931103	
3727.688585960262	6588.586824094773	
1967.4360592943924	2426.2667310601255	
3992.67640423348	5920.965965327973	
1914.4982636177008	1670.9078967711444	
1852.725702419483	3136.4269454050727	
2889.04247797932	1708.8525179003407	
1781.2568851481556	1923.1655095870144	
2190.2168646475175	3273.2864165668298	
1716.310628908319	2649.073444845098	
2712.1378302464923	3075.829694641292	
2374.1621006159817	3475.4032419694695	
2047.1741052434686	2686.911032208007	
2729.296157140752	2692.936553181646	
2084.3707454768946	2586.686959642801	
5104.365400605353	3654.445417305701	
2631.0049668819756	1451.4479260692392	
2979.0232238460903	4081.691816547722	
2452.103761781405	4612.86994668096	
2830.600338974385	2679.8165875077384	
2879.220294724491	3088.9083648043566	
1969.7504877112087	2540.918857378968	
2637.3896294300803	6393.741641095752	
1714.3116940463635	2545.705512739132	
2038.5323223933592	2692.1364702092606	
2241.808101685935	2266.2432405625377	
2218.1058345466204	4325.693120790431	
2235.3074525133898	2654.891440426859	
1691.5764236741213	1775.0217004995827	
3091.7954407141224	4705.852091741459	
2358.762133965622	4376.992021570287	
2485.1733285561572	3672.5718491810117	
2288.332107373888	2247.07508884973	
1796.0463820845007	2121.672948945171	
2205.931015189924	2764.081560551765	
1889.9212993212439	2467.5412870203136	
1936.3547068463683	2153.9061941682944	
1763.5265892768396	3050.5060378809876	
2784.681896639279	5311.412522268964	
1791.3891039189	2654.15940611848	
1894.9177008527795	3092.390583083809	
2505.1283418455087	3759.8998772007667	
6369.790135471604	8955.608957673603	
4819.207681902009	6928.5834819580705	
1932.0616718157064	2470.6202178491635	
1993.8760036478136	2520.63092305522	
2058.331121776393	2453.6696830695964	
3063.791083288138	6743.45088023657	
3819.9008104450054	8116.925203298277	
1581.3944933921894	2275.1860509468493	
4889.879945280944	4418.8592667654275	
2859.146930487085	5388.8621016021325	
1725.615961754373	2109.7457981090392	
3018.92848257854	2460.9404368065625	
2066.5483754074526	2270.6162460880482	
2197.497951436764	3458.0232325448396	
3065.0026207192686	3973.4036890252455	
3832.7858886662925	2854.936216886218	
2416.9827190640453	3886.573729520555	
3423.005971113524	3418.200836734128	
1453.4698604657196	2535.8300498186395	
3814.5444860862303	8790.652576161301	
2512.37977889637	2420.4339739120855	
3205.478351427677	3527.930320954497	
2344.0803298652763	3471.099863562492	
1665.398381799597	2742.3169433688863	
3545.9078294848887	3383.4231633072623	
1878.0217128676	947.2742335650388	
2090.563164501904	2240.2662236426577	
1545.013062498192	1619.0672479044608	
1816.085392726678	2433.678202883082	
1929.7640153470059	2851.386093948606	
2413.36085389657	3199.267317417076	
2143.473051229107	3488.375795279813	
4103.434781594544	3679.4543953948228	
2344.6399304703837	3235.7878484455746	
1713.6873036376435	2066.89718984779	
1766.3199632839835	3020.8100814882787	
3282.6680593406463	1853.2521247392774	
2239.8059059717507	4058.3940094457903	
3578.41012690956	5954.4349229772615	
2251.846134220761	3553.5943307756584	
1998.3452892049543	2995.2305852522672	
2336.634971117396	2486.789915785079	
2597.6167698234603	7246.014296173222	
1972.294490293177	2168.418512442969	
1987.1013737925985	2795.1307184863863	
9263.888752838091	7869.140070339845	
2078.3798464075735	3412.865454650625	
1686.3491773027565	1879.6584639085515	
1628.8410961658421	2129.2703827053947	
2452.1514404222216	4417.289239145619	
1917.8661671278135	1823.5554718749872	
2861.235225443274	4166.0795126856365	
3385.7483312206964	4967.421858160283	
1243.117243572779	1787.2395983901465	
2025.054202812253	2248.4731891029905	
1351.8821805546702	1780.8367311328725	
2448.8964412683367	4318.500978406952	
1907.2322202199166	2784.1275002006555	
1906.953687026956	2636.7730623136013	
2294.7388560632726	4604.904621763232	
2447.231818299465	3841.2400767097715	
3434.1516567235567	8383.031492202324	
2200.258838606084	1909.04493901515	
2313.3095092446756	3625.9945086623147	
2156.8214320466805	3720.6880604938283	
1708.0842242842748	1726.288362422224	
3622.6183914382536	3527.7519458391444	
3301.1758724686833	5468.901239281393	
3148.502826093927	4262.683527210139	
3880.514833709755	6765.834115146504	
3650.447087068189	5766.764589325027	
3257.5237074032125	2378.173700353067	
2146.227011110197	1669.7311538857557	
2599.628366298782	4283.183254737728	
2351.751071403408	2640.797744789782	
2304.0187231567384	2235.0485174497403	
3099.6579665180525	1417.6895851559555	
2030.9538603314716	2558.8622518898615	
1609.2833033000188	1640.9937489973204	
3747.0168725903436	6345.74168600885	
2660.96658599241	2591.0648692649106	
1535.8943150160173	1717.0949043403373	
2296.846210188406	2602.930661622373	
2152.1831421831607	1550.5692272245944	
1972.7743560849847	3019.9475038440805	
2041.0794712821041	3145.7670292990388	
2669.8588639972977	4361.286350858432	
1710.8979141694667	1967.3445263362669	
1758.6176997515217	2706.767818966658	
1614.339205663033	2922.927105309571	
2369.9127218457284	3912.3429041505588	
1776.7490511576218	2606.2884429169126	
3721.2642594649155	7732.734960915266	
1751.6603662900754	3013.383201127609	
3595.5696868804025	6922.7168281256645	
1727.8310470930978	2934.340589042413	
1624.383066500622	1891.3969861903572	
3543.1020755857944	5703.53679350916	
1855.0085842135952	1549.0323680091626	
3998.860775867667	4304.139824523547	
1954.582943478354	2911.6918845473683	
1654.5419503823196	2088.6827548687857	
2051.2796722995836	2310.1557998493645	
1807.9168391434828	3251.1108883946126	
1102.6877373405318	1599.7597175743567	
2163.322223633016	2358.9100463468853	
2076.9460717239967	3842.597115424595	
2869.6266680969334	3908.422556300907	
1810.0973169359634	3224.081035611811	
4390.236100193793	5373.005001940656	
1797.538683638805	2098.4050459597684	
2604.7205528600734	6150.517885864285	
1915.0275966937027	2539.94856379609	
2768.4024665529573	2753.421105899332	
1896.693735354215	2644.6403599210785	
2071.906956752233	2864.902845306444	
2332.5169541059477	2458.1151320613885	
4842.198640501032	10937.581799201585	
3663.5708292231634	7660.179302679148	
2320.1166195255246	2791.5717594066605	
4375.078183016495	8387.793879371997	
1673.8905727485521	2046.0610414707776	
2170.91300664106	7494.756498169797	
1931.6117915762147	1378.0922840884134	
4615.282482756444	5384.721981369902	
2517.8211655193213	1831.5411057110114	
1746.9687886822228	2885.8058721103234	
1707.4830562995862	2724.8995566843064	
1702.1999758441518	2096.7175034354027	
1733.226443835383	2769.076926261821	
3736.556419784997	7450.145671290564	
2696.5905326282423	3343.977425551367	
2456.370477668354	5255.814322966196	
3044.2773275355694	2396.8352213783714	
2505.506136394722	3720.022458182533	
2984.7492190922344	4394.380148755165	
2055.339810161126	2710.2316762789324	
2209.451522247504	3405.889715145369	
2398.0491360305737	3049.844495727639	
1998.6957860197701	2632.425399101952	
3348.8347101307213	7135.064741503737	
2616.6449953625406	2805.4917239138476	
2216.330812649032	2720.1082208272715	
2094.1588371174776	2522.096868282307	
2907.014743463415	3988.7114331209514	
1862.7617329621826	2899.334173588702	
2418.946322625713	4357.9681229555	
2397.4722442628517	3289.7608141345436	
1888.9859618163507	2210.5049050590396	
2284.6780713729545	2973.629478216164	
2070.3633292491972	1698.857552594618	
1517.90160360751	1968.316502433388	
1679.3498031652516	2012.9278498793446	
4954.998250416088	7327.878566773336	
4789.260732777408	7684.1760962615135	
2609.2437720991957	3772.633427506896	
2805.223246598085	3323.6969171745964	
1862.5878942122777	2818.7352526874056	
2305.301868034519	4344.906382808353	
2307.23998072916	2724.6891708232783	
1991.9196551285647	2517.099925993309	
2064.488031215849	2219.1562799385083	
2424.167436719651	3790.292748357007	
2164.6546962065095	4216.535042639732	
1410.2806165279617	1566.7162832767872	
1852.301354224094	3304.858101065675	
2901.4603533990958	4052.9955302263056	
4219.329733129561	7831.19660780329	
1612.7532280657956	1424.631701594754	
1783.766848184612	2000.018827411979	
1838.1640751752063	2896.687716224476	
5441.717837174667	15681.628189134182	
2023.236298976632	2625.319364401496	
