11.230538945856026	10.578376657849043	
13.729382588810635	7.977167030087352	
8.237110524191754	5.377202358593234	
9.297456857915627	4.24748505823661	
9.612030377195051	6.7209465999180145	
9.66995001714815	6.364551599240079	
9.622139715137175	8.797050786997023	
9.76866936408995	8.446340973524277	
9.542235865222288	6.666270768913218	
9.304856922606747	7.048481758557116	
9.73382754089331	5.89556984903077	
9.699935179558222	6.3054013945875775	
10.242826209780931	6.164970345673233	
10.591934256079485	5.552105449049895	
8.111216906013782	6.516257511359384	
12.724498039205345	6.703972607653025	
8.464219001424006	5.66163087013317	
11.539368450445034	4.7512980282442285	
9.599593209534952	5.275281219459725	
10.672986388149901	5.563222257422359	
11.683928517171447	6.912960938184544	
11.119927008933391	6.499778493305027	
8.030024100482711	10.52982001878167	
11.414931689117731	8.914275058698008	
9.584605017157502	6.602225338086532	
10.28929338006828	5.836209268739738	
8.606303059610923	5.751800492051309	
11.717273538861338	6.183415727782079	
9.488305049875917	6.5431534711281865	
10.72130907934867	7.922581040591732	
10.609617596593928	4.451761073456488	
11.95260543808301	6.056677162925163	
8.99937624372088	6.784476826712448	
10.289235392039217	5.265069211704733	
16.43744383814145	7.455498129058073	
10.175168199670207	5.337509089273221	
9.74006663828681	6.1426908370358255	
14.127626824099643	9.315188444501574	
8.704269828985968	6.286431182974873	
10.725563070226602	5.745178710976869	
10.147078302223713	5.763533018597004	
10.8949034603261	9.370634192661484	
12.266781993684823	4.881527558859448	
9.976790672412342	5.279747353864611	
10.173526421370838	9.116951812090027	
9.600222551932045	5.92250106060286	
8.88286539948517	6.592622612567623	
10.390929430627994	7.248164406626662	
8.309376421373614	5.8641045317775	
9.055586947275089	5.002166105339368	
11.519213586587327	4.185392955905946	
10.553382139964388	7.141488639264083	
9.829153658965069	3.512942511109965	
9.540881479663298	6.8453554950498425	
8.73395869998973	7.2858690694758605	
10.843773876410284	6.721035047352622	
9.061191218866195	5.158029294707242	
8.69533533710511	6.282464191365941	
9.416815457322272	5.568906648104845	
10.504151226892759	5.596310177296141	
12.138042904361255	7.873435968238921	
10.712550584750561	5.714455274018095	
9.450257786148795	6.351364449861306	
10.662696058285116	5.432919498205746	
9.73986420616621	5.807539500037742	
11.625038790215863	4.521173345746998	
10.029736761590803	7.322160778006001	
11.5830853912485	6.305520145319442	
9.594023397131261	5.612261230282699	
11.454289732018825	4.1903510007877065	
9.742220509500493	4.4806457955027374	
10.251858536606797	6.957745302171689	
8.411031278234695	5.945354312974697	
10.518830443894688	3.1106676759478495	
11.515480027736407	7.151343137550683	
10.37741060407971	7.493885144566744	
4.789745312857856	9.938413101120997	
10.799710028613344	8.072228568471532	
10.006012279328528	4.275895690712393	
9.430868754427829	6.7372233021996335	
7.921038993594863	5.367738423712927	
8.965523885245176	6.672387864910225	
8.891733231664416	5.988368305028863	
7.874670500605935	4.996070927141353	
10.450569738203441	5.922771549899314	
11.903696709698588	5.9427633633268	
9.118681490860647	5.1516186443260175	
10.620206371141649	6.074901576708598	
12.199275350682012	10.647796037600163	
10.974377688121583	4.995614771484052	
13.960676334296794	4.728442042319195	
9.50193499911964	7.7406416883193465	
11.44450558126893	6.299413481917761	
10.464147576238132	7.630769534447914	
8.446001307895298	15.038989671537252	
9.980132044056418	7.440079477811097	
10.931176606229132	5.77899656175623	
11.473780419671696	6.437961164948928	
9.363078105215882	5.6740257324767756	
8.234026374399173	5.268666367619876	
7.774579399221108	6.35586077790762	
10.12776050867879	6.181747189865607	
7.024827444303648	7.3173308794964305	
8.698967716113472	6.592265164088722	
8.939196120164766	5.90607734653458	
9.71888397207905	4.204279534292006	
9.806645686068233	4.452465685524327	
8.09714297877244	5.933818050260995	
9.10919369615699	4.941844304355311	
8.169427429458288	5.4514063285421255	
11.123654358965219	5.132249998709508	
7.3337918020299	6.0098803041762965	
9.170819199239045	5.550639701226103	
8.565531268794084	5.8881822669167105	
10.926013084681177	4.660481055338973	
9.631428053122576	5.275868538078407	
8.812621301192008	6.082342022674322	
7.734741494100857	5.249389978259627	
10.318448455755474	8.480988687017554	
7.3484513933928834	8.089094200745953	
12.445157106131624	5.989553388593781	
10.937962419137447	5.465507706782346	
7.457875332247391	5.362726495256712	
6.546631659593022	5.082461211041848	
10.137404181197914	5.931590084385492	
8.325931194531837	4.909519910848461	
9.330500125046713	7.331113131960053	
9.408976773994555	5.73706090098113	
10.62484711864353	6.07116145172971	
12.980366346464672	5.16213917470842	
10.860697669673824	3.7486218604314008	
10.174822873359592	5.925713108752979	
9.31182554904086	6.473681789459739	
11.751568862440141	7.905898756662506	
8.006893302383798	5.853221556184812	
10.73290708323122	5.029881550652682	
8.602081169515198	5.976866526741227	
11.768907848867432	7.22714676443929	
7.5533313351199025	4.415613879748992	
11.348873818866862	5.8992465972639145	
4.784093899578582	10.649228117978673	
8.427501076295874	5.064163219082694	
9.216624337533084	6.243226737027155	
9.159345075798457	5.355212621178654	
8.357449852997242	7.893802777003277	
14.119870244942577	5.734810880596767	
7.782683413757681	6.005163812110274	
9.172522096031004	3.789014503330633	
9.040648037111493	4.040164691793302	
7.348148713222376	3.9739334329333067	
7.720637691055777	4.819344667404337	
7.576668601956472	5.026916774991217	
9.188851509415061	4.825038687614921	
9.530118786429835	5.326788210868859	
10.058539477020561	5.927798466583944	
7.876550723253414	6.568990734884511	
10.036828602803295	6.639702539981317	
12.36536459595926	7.810215227838981	
12.470422878695256	8.489709808992226	
10.33452438250513	4.995831331777569	
11.205310133743428	6.31285262826709	
11.631111674278564	3.8646215981603795	
6.959829174136502	6.268198659442367	
10.672873858690805	5.7364261085519574	
10.294727539489674	5.237138092628725	
9.756660722378886	4.759598530856732	
13.393831311804423	6.9024093124197945	
9.498487575596984	4.3687856881434906	
10.67378758307501	5.596139365961927	
11.1857353535367	7.530854263669251	
9.487879648224457	10.258030430735309	
10.12913699019408	8.248033726550698	
12.442251921851035	7.51327903024433	
10.30751499173589	6.673951255228035	
11.236693080827422	6.64461221403624	
12.067643206697374	4.220388745581544	
7.372905323108773	5.291845476583634	
10.416774431856537	7.046819944634817	
11.135356007499256	4.985716994179699	
14.499085877499327	6.534441928334116	
12.842531063573725	7.112611911190351	
9.867304383468595	6.135677968894045	
11.798369971635214	8.410947789096426	
7.423350897578081	5.400348419062613	
9.67557449634697	6.4011914181236005	
8.862487916290847	5.824941751607006	
10.505773860455221	5.271810002070969	
11.113892776934525	6.502140745048915	
9.055590379896133	8.515766167886307	
10.847101124602297	6.095772209928339	
7.672034761067079	4.240809681657674	
7.796434167452466	4.38396932894664	
10.617869459150896	7.955089779711895	
6.113241014098859	3.7901473730325574	
8.529219786680319	5.886798483808441	
11.61710391754335	6.9025853985153915	
10.10272290054205	4.559526850143717	
10.009809739561472	7.150948480986985	
12.827181377609996	8.393458003795967	
8.73809495268824	7.241164026206924	
9.889756410363464	5.04108820837642	
9.161672122465205	5.17397348225474	
8.925345579362599	6.579937677665206	
8.62332311129804	6.617639444723368	
8.516962028591927	3.9068865292278656	
7.723942587952881	4.1098883828533355	
11.223684490370847	4.876400849609919	
7.3759453774582475	5.822938026123627	
8.860268742858032	5.1500367104044456	
7.323198376153761	7.348131419732481	
7.276223888848421	9.031440675150568	
12.966242198952525	5.39605813107879	
8.968544019700094	7.347139255216332	
10.240517097273214	5.927249035676223	
8.153561909972067	6.253276858580845	
12.524252027490238	9.62059314285588	
11.604835013234352	7.376010925159922	
10.33653036843016	5.200398809160811	
9.565038389950697	6.062414191669629	
9.107602782042385	6.700795081702731	
11.520032317920705	5.844612400934579	
12.893846955263868	5.172214558205267	
10.225906589225781	5.799024032771559	
8.514454497878175	6.49999361419745	
10.036235658102749	7.341570676042132	
9.951408642972059	6.661412738817392	
12.160372148593504	6.929578091728357	
9.693105559312997	5.273128698421111	
9.470705769626967	7.104251043284506	
9.365220943816409	6.03129441213875	
10.517736648281014	8.601588682580307	
9.076150243848112	5.6019609593792445	
8.753835385519306	7.7774663503542465	
10.391948601625819	6.567533093576093	
9.626326207807367	7.829825108856151	
12.170003170281923	5.821236386555773	
9.971340291841683	5.254534382349173	
8.968520971345297	6.707353594909005	
17.84484188753507	13.532223390542558	
9.600189610738617	6.694640633583217	
10.25558769034839	5.494922036826422	
9.252276623287642	8.663664549102775	
10.828268406893388	4.441673082397059	
9.340228305017797	7.40310050667621	
10.447889388127518	5.498554634329116	
9.439015644172787	7.959832867615473	
7.008214106032691	11.417215181065325	
11.448376076247502	7.369980619626663	
12.162591000755615	8.114427564301064	
11.917076030794329	5.358559485399017	
12.530878074331511	7.564763237713581	
13.245609918532972	5.218661149099589	
12.016950502666004	6.013479638171164	
11.208435295767542	6.040233977897179	
12.80663031763172	4.922990580781292	
13.184955079214092	8.080538699904773	
10.071464928544412	6.897420834296147	
8.881494464585064	6.371211329865051	
11.785031803935656	7.089403707662005	
6.380997608911217	8.17632198394834	
10.402762497796584	5.629979037135915	
10.842477164233793	7.383609525376202	
11.290127189853417	4.779052921235263	
12.116976474931658	5.319793967831672	
9.103534817626047	4.115098727314605	
10.413423461817812	5.694616062658338	
12.085959310282332	7.488937313370066	
12.502203199998162	4.844567386601009	
9.119361257913418	6.964706165406737	
10.975104204333805	7.12684537691014	
8.182252602714579	6.7187320803159745	
5.666969416709369	13.200310149629107	
9.145762628869173	4.896475267129655	
13.117638957015515	6.139297871231204	
11.103423903455457	6.593192551048843	
5.615500079736027	7.889409321200365	
8.811788134478762	5.602062047748327	
8.812320194022348	8.107154316776805	
9.19537106223814	5.912064698106089	
10.18773246229319	4.748737738719429	
12.31742371330811	6.326616257937168	
10.087611305330014	6.72303842784741	
11.123151437334055	5.258185154848497	
7.553324272497341	5.677562752147368	
10.169614649412416	8.259093999499214	
8.49707878273151	4.9215493202159255	
11.13000451177987	6.735057262965516	
8.457929404545457	4.781480532379219	
9.275228476404912	8.605391798348377	
9.637653467895284	7.140957290976251	
11.752768234282053	5.437243800523888	
8.536890340164016	4.350253165252731	
8.05410457452595	4.611813298576511	
9.746339545122133	6.172197870086881	
10.498057498637268	5.013093024452543	
12.261124669862898	4.270346506898667	
8.891580495403959	5.57649295881747	
10.61605155406985	5.237517888551573	
8.043344134560218	9.058998305692903	
10.774125162546374	4.976167417301388	
8.86501713284464	4.669304440047186	
11.09576558778619	5.141790242756123	
8.298779755208692	8.740605849019431	
12.323704589006582	7.168848930799712	
9.610179084147315	7.568272447864458	
10.631172379134139	6.708623280526155	
10.998948886956246	4.927543222603165	
8.759789110188608	5.622196406184048	
9.338758863601862	6.841458906960118	
12.989275997248301	6.151516334842641	
9.652698115701579	5.762038722539335	
10.500796485361045	6.072791260178713	
8.700412452609406	5.932063011820402	
10.425076036958579	5.217203082698031	
11.603080343337892	7.567731545257151	
8.425176504380753	6.253490831411449	
9.3819808864556	7.42582107995012	
11.375191789329666	5.557778218731404	
9.445226949493183	6.861782405460459	
9.201233802472405	6.612462239562552	
10.58207844070404	5.112524471629278	
11.461791519060576	4.0337187861426385	
11.376852386652699	6.401784300007138	
7.88162044670063	6.455622278122412	
9.612840761960998	3.44631061143377	
7.725308358711026	6.471051471064987	
10.375808065899838	5.632105429502801	
6.546942140113401	5.323691683207777	
7.604245159379535	5.346732295809128	
10.296540406159334	7.262785400406482	
9.633204715573786	7.026452635640394	
9.726524985099747	6.652370352143461	
9.30489659678835	7.67400500486936	
10.490482388158	7.699499919284969	
9.165598712967146	6.1280643740587	
9.810280729158741	5.311262021932528	
8.975394204037476	5.5625748065078815	
9.058690552173442	5.39530735575048	
7.608001036563209	5.15157560490929	
15.646844275911139	5.520822716420877	
8.699412395026853	9.011070387332042	
11.350100896831187	8.475255540742094	
9.054190272060147	5.3949087752778455	
10.76027599913255	6.398674846832466	
9.477066250498545	4.81739009737939	
10.358342961825006	4.91729728166598	
11.934514172540926	6.492803806055286	
8.167020209236265	6.325508222876432	
7.404111641684663	5.789106195368454	
13.168054905242819	5.393150152218611	
9.433809284824848	8.021615598769582	
11.627085187957503	5.55284089226309	
9.510434040026619	3.5817773367626944	
10.117929905815412	8.770175498013224	
9.517326385517913	4.808313471930038	
9.160295466446012	7.53704296008584	
8.48061078505272	11.097098204271688	
10.555126423971945	6.419819081918939	
9.459981066673372	7.487562834428368	
10.556352625476748	8.035454977786843	
10.473131598538544	5.402223255131245	
10.634135280887097	7.431147040576645	
11.134563111161642	11.243917841435703	
10.210010598666857	4.850171719093235	
8.357484243182343	6.852348074790885	
8.630365198691036	5.134776226796139	
11.223162845568442	5.847767449758716	
7.616449257082688	5.206670044042461	
10.1776092728732	4.823500017418149	
9.850554250914103	4.967175424786872	
8.843349333286428	8.56431056257061	
10.966336057772297	4.818335614827698	
8.671163271024676	5.903428522008861	
8.033761110649838	5.5850177637771345	
10.229213422724218	5.276012976613799	
10.179183151957666	6.6103347126611025	
9.450748305192164	6.4230421501742905	
10.751063836407024	6.033213065458053	
10.11805868284149	5.776647942027391	
10.156886641175223	6.315590535348362	
9.857965149987262	4.598510957852521	
8.04237525484878	6.596385804249625	
8.39208654624985	5.662497333173488	
12.891469067843888	5.240145038803584	
10.269285633061196	6.989873630843642	
9.391383853643331	5.020203309518683	
10.669565811616785	8.272281399071042	
13.020184469129035	7.808587923071193	
9.570671142959412	5.367889208710002	
9.008681316401548	4.938512430883321	
10.9529888298339	6.297755837312054	
11.605747235441044	9.758779679589255	
10.831500739563843	11.304314463165403	
8.774019975953763	5.92943279470388	
10.897200160445852	6.394483385070866	
8.429197251818625	4.743991638739906	
8.771589455700045	6.844609156616822	
10.398806590905048	4.895585374284604	
7.432768182348663	5.043109725097876	
9.769488924055464	8.203698558696338	
9.975685227437907	5.795512078649497	
9.129056211342226	5.797774507060144	
10.789615159308722	6.907544090356936	
10.414591525032796	7.150200442582275	
9.875605800502724	6.401761144807394	
8.359124654383258	11.547608204052658	
9.98113681293994	6.343047503261822	
8.74549260725833	6.341886294811178	
10.697432216963971	8.760699918807445	
6.737442482559224	4.781667711148624	
7.690677057401424	6.082492335339304	
7.501581513508348	5.345893295271078	
11.81987071842491	6.805283231677901	
11.183231617206319	5.982703639543873	
10.061348481306986	7.457718291692175	
11.61200298366269	6.236568968511171	
8.293217949403582	7.1605393232235315	
10.580120007180156	5.735983257345326	
10.864737157939917	5.144663117322313	
7.727830732327784	8.503207076041416	
11.934959655703889	6.1508370710773175	
12.148477152396449	8.646617380076064	
10.988469583814782	6.148820245023763	
11.778419202120281	8.658736154263648	
9.553048133836693	5.27935880345628	
9.415427059007577	8.116830366172259	
10.298240835350585	8.149780672550563	
8.60020782318705	5.539028954394323	
8.712197129510614	7.252528878140315	
11.7628087035207	5.389227407912693	
7.521085881987451	4.6315061911399305	
9.200253572719836	5.27513949105268	
10.487353541958738	7.5590298003642875	
9.848658991593835	6.5393990384478835	
10.31828599387586	7.820020215337857	
11.426290950186461	9.1393020530794	
9.857657384722025	6.827983692510212	
7.249265207783246	8.856496624494728	
7.773046407995693	5.975638839984684	
9.467266899756446	5.624469446146067	
11.531632747660503	6.328335352120859	
12.740474768917043	8.717183612801326	
7.342525750547892	6.395279481770718	
8.739041256524917	7.150312767808311	
10.797875345696339	6.388966581495274	
9.194525002730819	8.933990724561012	
9.017657808986991	5.100177596123218	
8.932523926807491	6.151457617201994	
9.616054997857775	4.085877363544165	
10.128100228717772	4.654578388385786	
9.730743588405259	7.423964037644808	
10.741359613042658	8.240600048580587	
9.123032578860572	5.044266192932298	
7.430348304787789	4.944789580254676	
9.20967637786297	4.993290548823104	
8.751551623574148	4.788415050523206	
10.348578306411605	8.068185128644147	
9.58045750000234	5.650294002922707	
8.274803261686708	5.962481042139616	
8.30329816137357	5.518317241575187	
10.13487222398487	3.966467596846822	
8.812825709152735	6.676417103586414	
11.130999037572085	5.675822512792002	
15.27173870629961	11.576399501671572	
8.866393779450796	5.054727666775917	
9.74182870006962	5.700468080479643	
9.167010668582598	7.165049984781028	
14.869539157319085	8.631692122912055	
10.29108626462473	4.484583747770382	
11.682497586062102	4.480167367453999	
3.293268653740154	7.040366144748663	
8.01162674841088	5.243292109035193	
7.832189618281711	4.662401931258283	
8.17672261197692	5.47910772888817	
8.887314684749374	8.290669880708313	
12.459226363160257	4.850255886066499	
10.063627341287894	4.625448891987261	
10.934513041145165	8.492782499746415	
11.510561880994665	5.5485462517497615	
9.476413974016577	9.040650020965769	
10.888840026321404	6.029341658825418	
10.632060103277391	8.43351715792737	
11.823229451762897	6.773831603834457	
10.859321937503672	7.312909964480884	
10.586349489600172	4.8911675239532855	
9.795538904108192	6.612861339644812	
8.427436159638345	6.5349911662078	
10.373588711189225	8.669345707663055	
10.421990703938196	5.474843992378393	
5.855256886650657	8.265952853499302	
11.009202346985623	6.41241586892409	
8.679955479531957	5.907184778852613	
9.259996186703727	5.00860258892513	
9.787821663157825	5.573358741467639	
12.204877396538066	3.856376764777588	
11.656488896057668	4.986781174603404	
9.881093072547051	6.833347198349137	
10.43894179173698	5.530183279954538	
9.234765825628742	5.278084860499313	
5.639338078861787	15.453135964924689	
14.107224301154572	6.601014938838456	
7.626436141908884	6.546284117282554	
9.082309066748081	6.071044363246378	
9.397748858181613	6.1861130860573175	
10.324450646128561	4.777050746398878	
9.051764416959873	4.920141060095503	
8.189879136457542	4.935294814404754	
9.863986831608342	5.076374527197541	
12.343253157446664	6.6018084035137505	
11.17342495543873	5.525930667199339	
10.602273990986653	7.239087804127814	
10.073524001157589	4.978121249185152	
9.009561336523301	6.920315992860163	
9.703941502457042	4.0856637482059845	
7.975780486169875	6.242636138635778	
8.420068495250401	5.388443837368633	
9.807054767494849	5.908918412577696	
13.342560268255566	5.493858800443126	
8.942222434429258	5.0982829455211345	
6.647303176233152	5.199923922709379	
8.369022763581173	6.210144188049452	
7.587230065146282	8.210069866928173	
8.79054560800737	6.963056302364318	
7.824070230229198	5.073884790935836	
7.985427141024167	8.086294325520795	
8.32818178667065	7.953581040696915	
8.410819616292436	6.698853727373823	
7.323069046472253	7.993445155668956	
10.20718459243638	7.313230711768876	
10.491960632833916	5.198852233388885	
7.883856328638394	6.06064987261193	
9.149849362054388	4.455402084873498	
12.408451298505286	5.854170669599637	
9.419505593300581	7.2455120496599275	
8.26147002054198	5.75938897707478	
8.727647732776832	4.701489042332554	
9.768051749878817	8.206099430928093	
13.233169636386306	6.758995246131867	
6.135009454221096	8.157797352535543	
10.74340481008924	5.897146324783832	
9.577663777880476	5.833897447001919	
7.039986281737275	9.223206992502623	
10.234600504175438	6.269281692532383	
9.646016735741433	5.494766969694293	
13.264658164453436	5.913814496850374	
8.764719053093263	7.137785276340594	
9.606084298701408	6.814387166005877	
9.315387548482919	6.455455434822785	
11.29527992493315	6.822447214708875	
9.08045431418736	4.5842120311305585	
7.212882474879977	4.522600820244897	
8.747121709143526	6.793869814831781	
8.221192808739055	5.953652756521869	
9.314922748390686	4.192253174410931	
11.043908196473074	4.646481371307027	
11.216757004894014	9.950730894137967	
9.683904987566436	5.621296635523305	
9.632502629183868	7.607656820368922	
9.672329199331424	6.249793352152696	
13.266686060544284	7.928683703286489	
8.384523318235379	4.433857847469877	
8.316492169579663	7.595766749977739	
6.697261812732047	6.0240405885922454	
11.438384248092467	5.779290917712814	
9.27122874903428	7.465236274421236	
11.047678499876016	7.454773535755164	
10.588256126126174	5.289614788673635	
9.096175835878451	7.349624718189022	
8.515958854556729	7.31948630818932	
9.141902185451327	9.381491885904982	
8.385018842607026	5.240810682826592	
10.008531116254877	5.565028743530694	
7.866029336185262	4.996211650184093	
8.528886319947423	7.06754247260269	
10.123518419727425	4.839910781700147	
11.221239756337727	7.363228213983281	
10.012837292195696	7.006818993791708	
9.564303167523232	5.465890778446942	
7.446637066291423	6.038500253096663	
8.72560466619478	5.4931592449190525	
9.367856021572273	6.032424069294418	
7.8982593498911395	6.814725473506484	
11.805362222080873	7.073040644801889	
12.846736184226968	5.8074677800617485	
13.2735421518698	8.008939248923138	
11.59398489110987	4.957958691955149	
13.23420753950359	15.978153438137126	
11.771275695574987	6.265135857501102	
8.367941751657371	6.223019365304226	
9.68534289697542	7.43130851931635	
11.11587665985801	5.948734124473998	
7.9026224880871725	4.585317950501791	
11.921137950430758	7.856351222372316	
9.826202957422739	6.807612275111577	
8.548703953835226	16.72392760740099	
12.578521286385573	4.322025272233044	
11.82504276691024	5.239960851214996	
8.767376248898191	5.255470354309512	
12.067852976418619	7.60737315035629	
9.87663747132453	6.034799728900465	
9.92908808321629	7.887143892908203	
9.318803147968303	6.853577863385833	
9.48510266908581	10.257109710088296	
10.55377647858367	6.662635208083064	
10.964225141272303	6.037182887705712	
11.047507191332178	6.65631460394173	
11.491046689486714	7.676576901051838	
10.251505681929807	4.423336388469818	
12.599514282866055	6.512038851346314	
8.505053452923852	6.04602207328302	
8.429269133913966	4.963020542523807	
9.019643040930346	6.193032532605585	
11.586307676867552	5.737266703675132	
8.429823859966344	8.179437729179881	
9.626025582276828	8.232244582790596	
8.476706044227859	5.738764410381597	
9.20162476019215	7.784022782299533	
11.568125817772263	4.693119758519984	
9.894088204635437	7.916429840053167	
12.093509896638624	6.722441500378071	
11.04131106088568	6.562643882159528	
7.371940865273806	7.859766568716089	
7.590143263532934	5.759876329959939	
10.216493856392075	6.488076511956107	
8.950102457909342	4.755061413393294	
10.364684368487676	7.389656506280608	
7.97379815502251	6.504320770401975	
10.242516138279662	7.191241242503332	
9.317904577920148	6.701550179107236	
11.39964349324298	6.088262709471404	
8.434699946366711	5.828141490633859	
9.954687732184764	6.231630057504165	
9.525841709182073	9.050192968061289	
11.541247142615338	8.19095319673671	
8.00172988364199	6.564639558540418	
8.949240225283914	4.934997946964331	
9.30024802163514	4.366191964459364	
13.80411521230755	4.2159386082173445	
9.769650563902585	6.614917272008778	
9.48229841546725	5.709986693563534	
10.810929731752994	6.013657146016298	
8.847518568689118	6.106224883514438	
11.65988720005131	6.9620255768519534	
10.93046366085988	14.304744156354316	
9.981824563249356	7.0858458975653145	
11.925501264442058	7.6713262297818385	
13.097496472567988	7.220667955869575	
9.776328106303529	8.863048837537823	
7.64310238999959	11.98573570191898	
10.435543634991879	5.906970804945805	
9.03468724335607	4.496808812569603	
7.682765502743119	4.32927946820367	
9.246423852100433	7.879211383112813	
9.615106429417192	6.253353519807268	
9.12615871372748	5.896657957899376	
13.13070640026552	5.896303730618973	
10.757602497569069	7.518997843454041	
9.229406976557712	9.642129629539419	
11.485899024019448	11.943386300761917	
9.141445410798227	7.110162150461456	
9.10879541731557	4.925961565072581	
8.634941020044707	5.990068839909446	
8.61002228598887	4.804143398331576	
9.48363464773348	5.717160067956133	
14.277866498254248	6.855394691903855	
8.979748283974995	6.585663197530407	
7.844313929617546	5.588372850344772	
9.704394858394041	7.350984614838574	
12.97446391306467	4.780540542203161	
7.752324895680518	6.574485615460588	
9.366354351308921	7.055419036668359	
8.881309841643466	4.887401238558311	
11.08394065226585	6.385861154978581	
11.618898200138295	6.8508618556627	
8.31799036491277	8.940622240822778	
9.89078140247723	5.588544055219329	
8.804294201838307	5.086277820680235	
10.557589319050187	4.53337304927396	
-14.885107973372087	27.465719317201696	
11.709198594361313	7.1854200341827905	
11.87643259936153	5.5327109935629055	
11.523090412582759	6.733456674510928	
10.330590070337442	7.059567910200524	
9.278722242779402	5.493540990397663	
9.913495908420934	5.654393874303345	
13.96297048042951	8.010184294166606	
9.733341849332552	7.214528004870313	
9.719875473394714	6.469163490732178	
8.84330836041401	6.2834666897666835	
7.424615612137192	5.678349360812261	
11.60737408784737	5.73169414366107	
10.60756127832178	5.960414492223082	
9.681652393459272	3.851049411716921	
10.576587384161172	11.92964638923717	
9.874723439210648	8.031088511574955	
10.017488287292226	5.667545092916354	
8.250283861475276	4.721669720551647	
9.459668202978554	6.687831581168544	
8.13282745131264	6.9527263624925295	
8.341389971888875	4.927955882186546	
9.752150564653867	6.692326968279816	
8.45490113523836	7.8865298984943015	
9.23280027982052	6.517514405291385	
10.836275948035675	7.775355977497578	
8.128117225878123	5.878236143299064	
11.266356766572645	5.416953432809686	
7.365970214241491	5.611760184733164	
8.836815585428466	5.249252043745039	
10.637016117177035	4.8921732130543445	
8.868575784830412	6.242280858875485	
2.608464394920422	13.757146477553531	
10.613731209544746	3.83532753987704	
9.182053204092389	6.5711008725206375	
11.446517197065257	8.801542922015068	
16.615315292966972	6.233844510546078	
10.635084673977117	4.803242598798794	
8.60179983256433	5.688211974568263	
9.279383159066485	7.691195221154553	
7.89421681364905	5.329349740882866	
9.170724094662205	5.664654941701733	
13.207473434900422	7.252753658386457	
8.067204948513686	5.253065256116406	
9.721408060459314	4.949531074138467	
8.477099175890821	7.102467674020934	
9.14937981351978	4.818747179947959	
9.118316145008846	5.790042551900901	
9.568000796162085	9.53242200795277	
9.229842314275034	6.748133248279837	
9.153771932046483	7.403105684992301	
11.419190696971187	5.37015807336706	
14.800915191883346	7.1496413905174165	
2.747556179920061	10.268233142262833	
10.356285346026956	5.093229205017157	
9.746532362518078	4.092913092082552	
8.227822802356195	6.254367327644335	
7.851492732563732	4.9734377920254715	
8.937449515423646	7.073134599167351	
6.886983246579559	5.242734686224183	
12.552007000937817	5.651189123399694	
11.126818851666043	7.870470808782662	
9.414084713605869	8.061674620305427	
11.540127432338263	7.485083421924735	
7.793012712497445	7.525208987333113	
9.469346657995992	5.6964557798068345	
11.111525313176763	5.564603425561334	
7.462482250436933	6.766638377084065	
7.762466857100324	6.824549709432257	
9.866070140853049	4.291103877510609	
11.244698127811295	7.302377226412993	
11.616708537636066	4.937417769057688	
7.7121702849914096	5.868957822687774	
12.271081064909252	6.916756674788655	
9.081128117811359	5.766631893501602	
11.717084431171056	8.766646566586557	
9.861768971130925	5.412280977281614	
8.510990430141026	6.227753509635613	
12.157062186734505	4.417126693805911	
8.715523923701998	8.830952463255668	
11.241459146536553	6.980310797379402	
9.833346033763094	9.041105963308917	
8.863285135475197	9.10053580591807	
11.013956010447426	4.440957627203155	
9.529848671482645	7.059701008522566	
8.326475212138817	4.097795103673313	
8.485666713484456	4.928727978964819	
8.903194045806384	4.560815169086372	
8.516662947982317	6.213380057923922	
8.327389059702824	6.387641556701069	
9.178985102492128	4.686820760491786	
12.208326882895394	10.12210876312681	
9.31023768584044	6.185615022818581	
8.079695511876638	5.723213225677548	
10.74019059369002	7.174956870555043	
10.236188901353382	5.531835070064753	
9.472648877156399	4.8971109885990405	
9.706379046984253	5.2586800951365165	
10.135888281529168	5.1186072919691075	
10.693512255392593	6.018543924360519	
12.404826835509505	10.192650555809683	
10.38948729024541	5.747557802162158	
10.370955695549496	5.767509456294287	
9.874730479662801	4.3957732095678885	
10.171153030557946	6.9539536947807905	
8.923939359761004	6.776555481926268	
8.769107977596109	4.8889050943934445	
9.220977098226435	4.446261552732645	
7.713849484986894	6.074290438798408	
8.832186927098292	6.4418179417213945	
8.057843836036627	5.688367161064713	
11.615448156639012	4.292004072465971	
9.2169018624153	7.172162975081817	
8.60124299727684	9.695778851704294	
9.705834193026128	6.931914418327051	
7.648071955269802	5.410279245219028	
10.377219341531951	9.18650417173411	
10.829505739758796	7.952616311850771	
9.201584694521141	6.678625714482876	
12.914972413742033	8.555829716215978	
12.67415075317339	11.079056274006943	
9.117133301167858	5.142585745576109	
8.885307216860108	7.624972775285353	
6.92218637239132	4.2227037135478325	
8.844523965480917	7.359086977119704	
8.342026625705397	5.813851312222729	
7.842607927516135	8.340239949128405	
9.967808783634494	8.05385431282145	
6.452336525055166	10.858601786177255	
10.664345037085116	5.890227645541329	
10.136376082548582	7.347918785171297	
9.270922912883433	5.383213194265628	
8.629144601625223	7.013890811321354	
12.281392867350256	8.122114934001502	
15.913400375992143	4.306867286751001	
6.925282675388061	7.607271106933065	
8.098104682360862	6.180982017657709	
8.742473573748685	6.355113995488468	
8.107772450662301	5.861291701064094	
11.010557998716473	5.319182973349773	
9.702370165317811	5.10968230736099	
8.93796691705621	8.832424854787774	
9.708663747983312	7.497918978902197	
12.797151864282494	3.773544165320488	
10.35283031163491	7.210599231529706	
10.679186714512289	8.021512456911589	
8.665047803964594	4.726062527221908	
9.180211768219094	8.064579367954625	
10.20136831317066	5.576748695864898	
10.256539785913603	5.670690388725282	
10.104205394894057	3.888717548963283	
11.402553840295765	10.453395220554663	
11.039927150407559	8.0669905013815	
11.199745330968499	4.533435707032722	
8.319015589939644	6.3736522265292255	
8.117898030926074	7.8100403613159575	
12.753206319174332	5.705139268326989	
9.27589028944314	6.149764485981849	
6.852975457703704	7.232461024259182	
9.073506349085196	5.265048240140283	
9.964568924202144	8.153090015074886	
9.62771910737867	5.359473971888289	
9.177711841686525	4.638845277744396	
9.806209542791628	8.053378780949526	
8.633215108198264	7.540632919086907	
10.51039583780891	6.633584168276642	
12.100336151794249	9.386798426100532	
10.702414629322954	6.150238016014124	
10.719531435284413	9.023468678021713	
9.556618088452598	7.470327141033177	
10.263033737394467	7.770073325509473	
9.238930559465054	7.229095511581593	
10.094235135451603	4.907509694236764	
10.67871052057444	3.270894925367233	
10.18140612940376	5.074124623930907	
8.821295628284368	5.638066354938514	
12.264836084298256	5.991255572993147	
7.183274822240345	5.477820901715729	
12.381410857455704	6.181476132043438	
9.967803248223474	5.803768022544519	
8.505737263093588	5.470525005753473	
14.732581611233096	3.7184373743615935	
10.454557753674226	6.257923992515145	
8.657647231226727	5.800959747141467	
12.312531329086333	10.609995084979914	
9.154561281073725	9.958007709814774	
9.494500326007476	4.975615674428573	
14.168639490379844	6.28505969343627	
10.289772559832649	6.539136823830449	
11.219041304456795	9.181656653767691	
9.7810226903372	5.964521374831656	
0.9213429292893581	14.424791862907101	
11.42835251649868	8.065219536895182	
10.002607630849248	9.301735852081311	
8.197833320450876	7.746967259926347	
8.50824775139609	6.546071160772824	
8.96826976226132	5.6232029164055914	
8.336399018606608	8.001640138394345	
9.818834628949439	6.580784974723764	
9.80382461852009	7.1979187922560355	
9.373445460742433	6.145380344818724	
9.819273289254266	6.170916118860148	
10.848062569988944	7.507461876829274	
10.657489814854667	6.558946687323039	
10.934086813236409	5.740339748450683	
12.093106308691986	5.900320931419299	
9.98754008890036	6.611835657774807	
10.758395196987825	3.9098117292657095	
8.086582233421812	8.065727917718954	
10.947334079311554	5.781493065615689	
8.89161469368408	4.725702587318835	
9.628956324432645	6.316313607851938	
9.28720732738689	6.0843812172667935	
8.856548560811696	5.398348800284332	
12.44077376948438	10.17078711233216	
7.982221500880175	5.569815815931612	
13.411443448219014	10.136500422812714	
8.75983195194693	6.0084731821440895	
6.307503838066876	3.929984345507275	
9.557472366015919	5.16731871428418	
10.79362104083484	7.293314217511354	
12.866492607853512	4.1126190674975485	
11.035820604747052	7.503477855484683	
7.110767257155895	6.499741662072874	
12.592931431916158	4.397377440175782	
11.238378144065756	7.297877870968161	
9.494569920666937	6.03316802828009	
8.265706375300528	6.449148051385103	
9.522631071812917	5.588130559658263	
9.062872950534874	5.242793268186874	
7.402523244913986	5.2011529955807365	
11.228754813566162	5.851749497612056	
13.372078491554602	4.991786546812437	
7.931137887502958	6.939025847675015	
9.561428687827046	4.873704175620857	
7.655468400582112	5.934169323156895	
8.331010243801137	6.7823345016086005	
11.486765252671274	8.208046296888657	
6.056124217563622	7.143390207281951	
10.909380558739121	7.9064034944813715	
8.058458294141428	4.771204667027819	
10.092484488346383	7.287490292653112	
7.587746360201626	5.443768650064166	
10.339921364607761	8.000701637168246	
7.764788037249269	7.628655246989109	
10.06201485619623	4.140913092112878	
10.381319427058504	5.992063761119538	
7.783080571538934	8.302897447934122	
10.531826092682014	5.19868416766927	
10.88935093321147	9.700932833270885	
12.126373590997519	9.322594063391033	
9.123979187235399	8.696980265349628	
11.998027714042685	6.588908579353343	
8.641772715403294	6.5438415846566365	
9.569686001073302	6.915672841554322	
8.589967035322015	7.990025136362515	
5.002432974987842	7.386245107324312	
10.509962749596863	5.868337316337323	
11.0175252878458	6.560478615425824	
12.771515075976048	5.01172505972998	
7.606803854729099	5.953787052789572	
7.972595150066212	5.992021202132608	
12.575044333196496	3.4166687286871804	
11.31905464722919	8.6718063608174	
8.892134541642893	9.320375725906755	
12.018021807597057	6.9073557275057755	
10.46289713076496	8.451440942972951	
10.851755512441779	5.755683124654412	
14.110454275491582	7.15791437226308	
9.41773152323787	10.046284172283292	
14.408482186959981	6.886451093727989	
10.890453331346775	7.724502348332956	
8.987742262118793	9.237399058677095	
