11.12103660113594	9.433823695612224	
12.37650185592806	7.79576818419268	
8.743586017820212	8.359674487625371	
8.318914177384483	12.735489494505149	
10.27680959356412	7.960651693144407	
8.3926303768385	14.701497050466218	
10.648290031055192	7.1819522210433755	
14.452940165427577	8.493777061264284	
9.9221077204882	7.07892832917478	
11.665246433069337	4.375926762451252	
7.939276401857344	11.926723376516529	
9.937815529626675	5.1561908897996505	
11.673582815280188	10.298366944900708	
11.115706100918894	6.354673644132118	
10.824566264413791	13.571876480367681	
9.260867300517772	7.93553088811836	
14.69028584627967	10.195416039908391	
7.5997905253068145	10.226355584892554	
12.457172588643905	7.445284442861828	
10.102589942164158	9.262918727956672	
9.120692169471942	7.833407073853548	
11.287350151593325	8.843642715309796	
8.03777292495016	6.99876929910316	
12.6649106105618	8.814428263999655	
8.91011201091354	7.543238860070937	
13.168716245478107	10.78454889899514	
10.82963655701238	8.807954371460795	
9.076682761765179	8.590584402757203	
10.396054549738603	7.942802662444303	
10.073465476840475	9.767590166102057	
9.432725474573385	8.590325363447583	
17.865118755363252	5.955541371993864	
9.329578138891431	7.039417302121661	
8.925903023496602	7.2477157348680965	
11.197861660070652	7.922911557599206	
10.158997381784676	7.013343750110737	
14.596130120305823	3.6950791345631604	
9.60921409775941	12.107208114578478	
11.074714075954628	11.731150441664429	
10.440603242663787	5.105557421540697	
9.606993428400662	6.556987002363208	
11.126396513206055	8.300721240331077	
9.212259421934675	10.01627437085695	
8.326555805267047	9.224525406949393	
9.98240001214819	7.740780452962546	
10.312000214186865	12.987545418117598	
11.645637396945645	12.493199218606367	
12.498583062136749	8.37434559074908	
10.891956050130329	11.506999354777133	
7.799766429081282	7.779742166670517	
9.89438043839197	8.329863824407393	
10.904830825524781	4.499951646980732	
9.351561097892263	9.002972392906543	
9.858928520410828	7.602161810207066	
9.076149422009667	8.057426610379403	
7.642738386104639	6.953281037895099	
5.1395170563759605	8.128929884766224	
8.640725658610945	10.27829911792266	
8.193956481782344	7.31089120400727	
10.81745354744285	9.680523797070936	
15.761994320032981	8.750605027697237	
11.56144040602848	9.17674487056801	
7.279204010781518	8.077879433385876	
10.372345737783963	8.131784252293292	
11.37878347222214	7.383503797934836	
13.656239947539504	6.842188318997312	
10.886110124253557	10.400766023975379	
9.055864409191503	9.324052945753555	
11.538533296251472	6.069780469500528	
13.857954433853331	8.42598517264696	
10.000629683134077	10.180995924299529	
8.844691554231646	12.850103103061349	
8.341952261788759	9.024054229003474	
6.068267626752164	8.065171762160773	
11.424625514232869	8.047601869847515	
14.335910462563389	5.787921103723378	
14.56935764523997	6.545979740123583	
10.494071644639481	9.976179051304042	
7.548040927868973	6.3521085694158925	
8.104236979689553	8.367784339381329	
7.760436378778603	8.130377016746245	
8.937524343213733	8.818353340341963	
12.199638443832916	8.09089352072898	
9.38049369907471	9.259915999506728	
10.431102805742478	9.018274278086356	
10.039154210041666	8.718535238934143	
12.689963027953457	4.629382808031269	
7.658099283530796	10.703145470471153	
11.48257415305056	10.239732608355224	
13.412128689928814	8.319239857191882	
15.178673430468008	10.40961530887993	
8.709263529122076	8.210653566847151	
12.220988699966362	5.1330335447220765	
8.581593980407899	8.341927102740888	
13.832980502587798	4.3000651674224954	
6.915834398770744	5.512548660456145	
9.472308201434592	8.532750053069211	
13.123667022873194	7.390317322078794	
8.829015444467874	8.3422570913727	
9.876721721914599	9.563197360950491	
11.342660368780791	8.455393175193873	
10.817713046285355	8.438154762413523	
9.485085884903054	7.654373992084375	
9.514074799072564	9.012822611134311	
10.089795511034566	8.139783899293603	
8.64179877920695	5.917195377769615	
9.079356501429544	8.0234466880664	
10.978331490588374	9.655186705275062	
9.42662470296507	6.746038907911215	
9.09680658801129	10.39792411673594	
10.142437619763381	11.781523544374014	
9.4619739720711	7.784991836372548	
8.88230249423805	11.554108428027796	
9.094565417358131	8.260484455695144	
10.990353647245431	6.739453703474194	
9.732682983096785	9.045225679226581	
8.322790027877117	7.715772887195774	
9.207787000304887	9.051446935444154	
8.407559992272244	6.825925866247569	
10.728901789500183	7.379513727164245	
10.409121689686122	7.605900792662701	
11.234092254995284	6.797714506825203	
9.270738123316482	8.686768535209026	
8.004872737898323	7.191435533500905	
7.476138410687246	6.866486840440453	
8.187027169390536	5.795205335528684	
9.037578439029476	8.260320776157604	
7.166308532339309	6.042875015677635	
10.06355777234271	6.122706763604225	
10.19529373434995	8.757126958825657	
11.772046636486493	7.48638911564551	
8.64153169715145	6.602221430466013	
11.305255863825892	9.822235940516274	
12.922423261769636	4.877227218325489	
7.8662956977740945	7.121124636313565	
8.866898622421578	8.5139055819392	
10.197095219353454	11.80456768733839	
9.807911516527634	7.296024463929016	
10.976991384931264	5.354442263918554	
7.847919773603487	8.689758496210443	
10.428837721975958	5.292699366945316	
11.033078431426386	6.731930318994373	
13.25032852847419	6.093891464399579	
7.66070025467452	9.129272665995417	
11.413275452547067	5.682419977582357	
12.497922344506101	7.066106136603549	
8.270646085960449	9.709560144789293	
7.1839828505928365	8.402856740777974	
6.343131113398399	8.93212321435873	
8.177889211526097	6.0132714034203465	
8.997442102913045	4.595250940674235	
8.537000655999387	4.615059992213902	
8.888906575345679	6.640466316949511	
8.239489397170766	9.331316411195807	
11.026063785707723	7.924180687727212	
9.005229350445244	7.436711584264797	
8.739368789315094	9.402669322258076	
10.489318693299092	9.219681723082648	
11.720618907915764	5.731409418845843	
7.801140899877998	8.843133352735713	
8.816112051654953	10.975968415104465	
8.688114061351138	8.12156578863216	
8.540490829254983	7.116770355322802	
7.985154524405309	7.125227609130411	
10.77354587421945	8.203439202413264	
8.768525555356852	9.16643007881226	
9.212458264475234	8.77245376843228	
10.281783877430524	6.339495196487202	
11.548305579216276	9.191171319024333	
12.574365352953977	9.642636822069669	
7.698006040689166	11.078103587626053	
11.424485046822788	10.652893621239913	
11.135433512142384	6.1886482529683855	
7.5749253923040785	9.40637871068237	
12.330312069267848	9.491185273054239	
9.113161752530571	15.427142870734432	
10.162157482373068	10.247082171185983	
11.657049667988085	8.26995837761465	
10.9914413070603	7.518980630275923	
11.347921563220655	7.881786386566548	
10.400579644002194	5.636494315673222	
10.917309394484155	8.305981517281166	
8.905946451009202	9.316855053611837	
7.27932633681007	6.55666351265174	
10.974924493772544	8.03065403449675	
9.122691801062166	6.781102066296358	
11.933232093007254	8.417597333562082	
10.384917115559086	7.600251294111222	
8.912395390177423	8.42237620928323	
6.4874304967838246	8.262075172962742	
12.592103573682657	6.761648635510665	
10.024734543116558	4.013885510444061	
8.065061369493282	7.153516940185044	
13.26111672519747	5.272617637141309	
11.110678489098786	8.523538032892573	
7.078099761282442	7.961350282789905	
9.456170987139913	7.421971420198512	
8.949363864005413	9.170767734151143	
10.455475666443624	7.171241899707801	
9.879312543679063	8.751501276104142	
10.233857719395338	5.107403598972556	
15.088275017271728	13.317813910853756	
8.424710034354383	9.073712194079818	
13.647746080448453	5.300197091615281	
9.30555408916286	8.68001624387644	
10.668078276896194	4.284782529351105	
8.433492860697632	6.267514352316014	
12.651053228447719	4.408951287834374	
8.164102158217723	7.713975584745937	
7.7856947568283354	6.175735321570883	
9.065542732797867	8.725062560791871	
10.514340704964827	13.408294740121624	
10.979720575018142	8.143102893294811	
9.534727273557678	8.749361245063364	
10.742008039877526	9.077098544172115	
10.062369874414959	7.313966420779058	
9.594805336759226	10.09664898073681	
10.162477461654342	6.775316352353482	
9.5422023910697	8.819573134034634	
7.207886003717862	7.5808055681856565	
11.715661871688374	6.7089639706726185	
13.629699979869477	8.844765767999265	
14.291326197720414	5.848500209837024	
8.601703457262197	6.635173478987885	
9.16374382116079	6.926916611891757	
9.62310080685158	10.398007874534624	
13.762781733541493	9.569884270098033	
9.960987810407309	10.982346321108247	
10.118028111347554	6.746087783753065	
10.45478759824725	7.6343326654029084	
9.373786766282011	7.3818658085182856	
8.278565960547427	9.307391733754349	
9.188129156991566	9.738120419577143	
9.2339559602728	10.370574305343142	
10.074237627274297	10.464547949301204	
8.516748304279998	8.851280723016139	
11.639516655971038	7.6460762173652785	
11.42285824871511	9.496296937107967	
11.744137550384362	6.1125866105085835	
9.025429853038355	12.248129914233502	
11.967039285188767	8.81050322490378	
10.312078746486588	10.17254006843687	
14.016512454644433	4.223144537878718	
7.61198399156368	7.130078506052002	
13.083850461283813	4.966869282077351	
12.321414333896987	5.59410448072484	
8.853807227203983	10.899112943488777	
12.065115185971166	9.874901523233905	
13.015713745255349	7.588534000977972	
11.52440741078331	8.42832004313547	
9.397755451159464	7.913426011598977	
11.656278608374487	7.944700982170099	
10.422234173107546	7.602185318263212	
12.31486590852726	5.095214558052411	
9.367626165941687	10.060166809990788	
9.934747713021796	7.824857670773308	
9.958956976029196	15.708371700349705	
10.110947857984973	7.941749657944649	
8.799532857798987	7.1971692478580245	
6.455076726216248	11.95070807480121	
10.243944966818116	7.489569016497487	
9.881095291911077	7.884686158280931	
8.472203756011814	11.648049711246578	
9.069766866007447	7.752762228032242	
9.824914686685986	7.674180502001059	
8.311100367313925	8.347395142443654	
9.207631267430878	8.526037997064922	
11.452790068960654	10.192505558344168	
7.377303175906344	8.51745424549539	
10.930370275919378	5.089589525019253	
8.775882586283911	11.462738532358193	
12.97174293252781	8.130079342094394	
10.246418630206902	6.705776259771355	
8.961086235347882	11.099418431896348	
13.1445961413983	7.5957734486855895	
6.919085074820143	10.217897102661404	
9.766749258919642	8.260452063768772	
7.316784906952418	7.537919367364604	
9.767566318582938	7.354775069744899	
12.670537421145365	7.728043065499372	
7.189493525027376	8.940274101558522	
10.987394987044825	5.392206897791544	
9.042727723553822	13.094870947883456	
8.411159298964787	5.75192947613585	
12.532976098777509	5.980168456872941	
9.842313466873295	8.69186079237962	
12.479479230151831	6.737033033816685	
9.202707210508763	9.42244643325296	
13.761490030296546	4.007602785906266	
9.906708578064457	9.74896411242043	
7.3942655060494085	8.718610784432016	
7.474052544188645	6.974025880902103	
9.449795591763985	7.802959222572251	
10.51829836313193	7.941716886871542	
6.231432912542196	9.2629448602521	
10.195194128952124	11.180777629220124	
7.925491507318537	7.09478632978195	
9.152819382686827	7.303364214680611	
10.588718894797298	5.659740128793549	
9.635349017330608	12.286663159019925	
10.832184358027009	4.524813942941705	
10.09550351174233	8.92805439459129	
14.65780805957788	9.3880464681327	
13.075971090119246	7.419224851103146	
7.937673523107961	6.942621404405228	
10.306681512552673	6.933017169898316	
9.169946404247154	8.02683174369861	
10.5103549415995	9.23296850920958	
13.20734821311015	7.401176467053855	
17.43047310328545	6.641160294007632	
14.032355783961037	4.569722042568316	
9.926350167774292	8.345241796567967	
9.272832111669375	9.37225556472931	
8.409652081501516	11.122637791300905	
9.254903211559423	8.776869848553526	
9.679959298989974	7.844702482496727	
8.667535467121324	7.877266896186513	
10.933670232376574	5.228048916893783	
11.463072539602882	9.303387231459032	
9.040396867520778	7.479934521527677	
9.850093550102923	10.539433120883063	
11.627435415095436	7.249125046638835	
10.620047209881358	12.442713481081137	
8.771493922312077	6.132716905719419	
8.974902644292536	6.705697373165363	
7.011783910859175	10.16794088243774	
9.768437807325665	5.901500264421322	
9.829446536284067	9.371176649201281	
8.415844817824661	6.756365933308128	
11.732611167450056	8.163244504483863	
9.03728189600576	7.277540547379134	
1.8886660446638397	13.595713127774735	
12.506352173617989	8.188556376892024	
8.04235298705283	12.06785760741204	
11.692213745213005	7.305481915665431	
6.304579804161081	8.596315411642989	
9.149481190646794	7.896535742052216	
8.654138368137458	7.0783334042316035	
10.794237991092052	8.24517115216041	
9.537074760964746	10.691898751688123	
12.698638479053322	9.641298026461744	
11.87969102217233	14.874615470218947	
11.244764044048358	8.55889065889271	
8.29111290063903	9.199519756720184	
9.643205532090128	7.7524696918624345	
9.866636866521107	9.4667811167841	
9.377420601006781	9.118787186423539	
7.598559168412758	8.774332916748987	
6.988146169225715	6.094698517817357	
12.571837732648255	7.191542891941926	
11.29263740218653	7.343337103431777	
13.828134623195176	10.538750034627608	
9.29869486263544	8.008880035716109	
11.53289653269075	6.530802844335017	
9.12115678537157	8.300356588578452	
8.902048203524544	6.310072783511902	
9.57629196443086	9.545969057707362	
11.092874386711122	12.706820708844692	
9.65227631732119	6.108073005272902	
11.14451117050718	13.149875570209135	
11.292007294311128	9.255334349171878	
10.905392071623595	9.157474542848922	
10.681992533311739	7.44243895719177	
9.718263468790214	5.144927905716988	
8.06494129320213	11.022575724313176	
10.879893371792638	5.072976415728487	
10.793034769860322	5.419551458752408	
9.276847123789333	5.333778071341864	
9.892788952722924	6.84839083838107	
8.543146424480557	9.42354378180361	
9.813244455592399	8.537763793366855	
10.004147806599823	5.759717473396241	
11.053140423330301	7.520301446504885	
8.973913257537431	9.007098210303438	
10.188433895415653	6.981323393383857	
10.389019495575454	7.878509134417827	
10.832309790971305	8.512147419804403	
11.39239458545323	8.269626304669329	
9.72524127065998	9.743907887529327	
10.27813872348546	12.836712719156097	
10.10668223167894	8.3973495607332	
8.587721197935569	8.362287879960101	
8.821443607950576	8.867863589649987	
13.260819457664441	6.791884091646772	
10.345517188349424	9.713514790928857	
9.223941134722894	13.238330960396375	
12.920792734703127	11.497852287533465	
9.781337782314704	8.64978229569121	
9.473282188693872	8.082524954919107	
10.270337194515635	4.118632332260318	
14.170798152241629	13.108877285584482	
8.608806961862234	10.517637812921047	
9.030067189351838	8.604907267225597	
10.317581932530672	9.125268830920389	
14.137406128975861	7.340172972458468	
8.293935964894821	11.118226754106695	
10.392809121779523	9.189243704197812	
7.505756423436447	10.58438625581403	
13.590499543710951	4.216221903425415	
12.944885653006917	9.296335731569622	
10.486831416850054	6.274312636666904	
13.321287508842737	7.295687243752878	
16.126085720534114	9.644837896818359	
9.447428751472817	8.059835045105258	
11.58884713852077	8.034137089162858	
11.838774600904383	10.194249277321589	
12.016051698621617	6.946207016379635	
9.534994289616641	7.913230537658084	
11.115126635508394	9.111485406143602	
10.419692540057259	8.033938227116066	
8.710834768180947	6.4250389650669515	
8.84805246285015	7.884879216951094	
8.365173488924	10.592447926173103	
5.51599994109285	12.25508850363062	
8.488251793479733	10.248041623103415	
11.717351938391635	7.068449239243805	
8.398760069664487	9.746756730973921	
8.29000922368642	7.785472584815269	
13.111196245007232	7.388670129476333	
14.606684557174642	7.588229543735134	
10.617875989694639	5.61171570045902	
10.720979352369715	6.6992691239688185	
8.895937535369793	6.332306958089801	
8.25691874144902	7.736100475510769	
9.524275524392555	9.393542899938886	
9.912137602988556	7.507554251895646	
11.235940143310907	12.160100277704826	
8.036330553954754	8.74539467605373	
10.161416725390925	7.7743141715971165	
9.115405491574723	7.290592357746046	
8.532645109723024	5.929134860381407	
10.025126568284183	9.585670690893743	
9.694312703302174	8.737886068080604	
9.759298008953545	7.649211235227635	
9.29733616871765	8.244058678677618	
13.345760437392906	8.545924779413003	
13.450484284059616	7.732238786323435	
10.087519366214698	9.387832508004411	
10.748788916248701	8.820307643858863	
7.965255876428093	8.897486471624365	
9.038108125210947	8.86617558794049	
9.503757435703651	10.679397495237188	
8.452717695823818	6.222135835644486	
10.744514883041365	11.403006145724932	
9.914454090742813	7.609492771195223	
9.112438299697367	8.263876248683387	
9.178538804188607	7.8067093039799715	
9.659112453662598	12.661935712184828	
10.248218269292847	8.43792501069536	
9.762924853388856	8.37859527800266	
8.268044298079037	10.65366232773463	
11.455093615522495	7.981754693942254	
10.743927657127362	10.545938802421205	
9.64777439189092	8.859470197568069	
8.56993147793309	7.885399393949573	
13.14731391576409	4.053719077751652	
9.621961604478264	4.984204968384573	
10.10431644110872	4.954255829751091	
10.751663846802899	5.015826652302164	
8.763038628036146	6.369014256516161	
8.778371807207309	8.479481270427462	
7.929750728462145	8.309898699369889	
7.275025401650386	14.129001164917481	
10.91883642557569	9.124431931558062	
10.379769609835355	5.194491356853822	
11.567067829695638	5.251559305283052	
7.560106965775165	10.05830056538163	
10.742765107834236	7.263425729092903	
7.452084524800632	5.937334966669921	
7.166919668018737	10.042108027289999	
10.87187049198924	4.071988269641724	
7.699141959851871	7.260482985813149	
8.464941541849035	7.277981984996044	
10.753474200401593	9.412338878013667	
8.293515148695684	8.32821252323813	
11.497562904677206	8.812937629257009	
12.474217233200873	9.107379546766401	
11.319479293286927	5.168447648403421	
13.614247016325004	5.120587303584979	
9.486147993341014	11.091935819464434	
10.497594669621003	7.5216446530898	
9.81249044136456	9.614823899157832	
9.977409709836587	7.886497689004984	
8.445482555504471	7.322321342523921	
10.66205453255636	7.786223405049264	
11.332134643626366	6.4028315955622	
9.679034631048612	7.898019046991987	
9.968635118495037	9.692006729885787	
8.996648477690188	8.019027456029004	
10.461179090079952	8.051578323756484	
8.239471606118022	6.692428172589283	
7.537204758988344	8.158513177549166	
9.49438196072804	8.268740761782595	
10.180922680380348	8.671000694622457	
10.990895221226907	5.542897439732588	
8.175822789505691	6.764225945339852	
10.808997783373737	8.925844545743583	
8.995604875613664	10.508113955056283	
11.256495203878762	5.337770786427998	
7.702224619567179	12.260120688085262	
9.739642327976632	7.495479143830328	
6.735596609578755	8.491411309921528	
5.43866922780326	6.947139254408937	
9.356071715295727	8.060411816586324	
11.556333979290228	8.08523991494263	
10.967496144442755	6.515157393459585	
10.176406819066607	9.0982716047179	
5.977023688712073	8.115249685827502	
11.506676326099605	5.606241194192922	
11.855486435676587	6.942903789899983	
12.444714268881528	5.803663354985297	
9.429041728655067	7.404809601471251	
6.903764975957446	6.959436503037171	
8.357379324761203	6.044785060434285	
5.982406153864022	15.544555822071379	
8.408554661815206	8.15520321744992	
14.839987376457644	5.1996025693916215	
13.549961124789489	7.376095122788743	
8.097539148454551	8.857881730095617	
9.27621551520683	8.019591828028553	
8.836461432980617	7.597233717238242	
11.818136967280443	6.929991730205411	
10.76040383515992	4.635789842206156	
11.062869408371668	6.216888541976839	
11.661154733634893	5.7106897153530785	
9.184931391340504	6.005336339656279	
10.169073708402546	9.882165195666767	
10.047488675070003	13.504093312046741	
10.091070321501823	8.378882673602599	
9.07110898137571	7.072826091274025	
6.765494316683833	10.437418369812185	
9.31837740094298	7.559636594972561	
8.779590504666224	11.304942554208845	
9.716326584078683	6.73842091696577	
10.659342039380071	7.0349396077657245	
7.960209161489496	10.034888587201074	
10.659039246233952	5.928930995614238	
9.337275174913591	12.381772472454601	
12.766084188658565	9.189343915801132	
8.583276182980585	8.197327448050034	
14.043025706116902	9.698432788910944	
12.715916119072833	5.623406766133108	
8.992052166138	9.977424247031013	
9.747999485661925	10.585081301148474	
9.63269882228045	5.063589283192451	
6.886993638908743	9.673615121404444	
12.878060196526313	10.041634643635513	
12.064134791001665	9.64569699966106	
16.541887206077046	2.6605079800307454	
10.737010732424187	10.671736324541554	
9.703771975761406	7.355391026500701	
8.667381339251603	6.501715219679607	
10.871467368608455	4.817568601809517	
8.049639207300832	11.051845975403607	
9.276985086322902	7.9557005474600695	
11.350508293383657	9.399081578771598	
6.647489361557814	10.559382352321107	
12.906914835594499	4.926935679671598	
8.576510336768868	7.170818817389316	
13.025319994656883	3.860054462957165	
8.812664412127434	9.000365808248361	
9.003462127010534	7.088323552701445	
9.442048308542475	6.997183100338793	
9.190470200369468	8.532852827869704	
12.141746686241625	8.369191836526612	
11.698379048842662	9.92599069352427	
10.062638549637205	7.902244187044036	
10.606498514302498	6.695586965826282	
8.549671324893518	7.342446551126398	
13.652424475461503	7.162352969381581	
8.772799392439929	4.943152632225623	
9.097308295358905	6.978369161183204	
11.230390541646523	4.897585073725505	
10.905765354865073	6.608795666138409	
11.560485205945453	6.668379538077798	
15.7373524204737	5.219755265221785	
9.07222952212563	9.852592184432043	
8.514671210179264	6.7763196108138475	
8.664700328012366	6.259691597605926	
11.714117163648588	6.504386434667806	
7.824197189165484	7.678430376410939	
10.512203050731877	9.330644434953708	
9.086711768253542	9.271267193671145	
8.61591270122113	13.269964583191406	
12.725224009654061	7.170439159667896	
9.249687802245806	8.343469658638572	
9.802705007087983	11.351103125326187	
13.677632952328223	7.436610497082316	
10.322306047687755	11.602079963044902	
9.79774954445256	9.268911543929901	
12.986314831225256	4.28913293022195	
12.505011019195189	6.005884188565874	
8.364634643056169	7.709322925252613	
10.218604866215358	8.964003781193721	
10.740082500121208	5.84732477586243	
8.778721816171815	7.731495332936092	
9.143437022904596	8.286792495225443	
9.388659890224549	12.400166393036727	
12.086221492033305	9.093843264313143	
9.592078775846835	11.344991508156976	
11.34333433323754	11.56579144394755	
13.448193960413372	10.022234597691627	
12.062472595547057	11.035141739309173	
10.39303212412801	8.027822426266393	
12.760536953854025	9.640320681527001	
11.247769776724862	10.658704161104646	
11.216914867882998	6.719556399187542	
12.579842252969058	5.959147199107269	
7.466219701248055	6.051053669248651	
7.899142984337717	8.462851833893879	
9.62750476132358	5.808131810965698	
9.741428775811245	7.1468739859842625	
9.920489667601387	7.167881131761686	
10.839446624659384	7.040383059845524	
9.873982696223754	9.25829868564248	
13.446451937874135	5.992201605462643	
5.7851684208601375	12.643965507161113	
11.268800185270774	7.392052731462243	
11.837285306116275	5.382582123169198	
9.779303506105936	7.760654402665469	
10.205447094584857	9.666297053849952	
10.903922480754606	4.424191508683517	
12.32575125843929	6.346775982273687	
12.210817220090142	4.849180301368757	
8.472731698638686	6.925855607098454	
13.334339264382185	7.763455699404037	
8.899304486808404	7.998640417715114	
6.757385720569146	9.40021831083346	
12.18557297864986	5.31828768296531	
11.172664515057068	8.311494767013976	
15.081027334097332	6.930618979635256	
9.006254037285503	8.933918278361212	
9.399020595211125	7.561734266305895	
11.904904320261114	9.873114055035181	
6.672625049368876	7.9858866911187025	
9.227579700461078	7.7493414987709786	
11.07267117760433	7.505301098496648	
10.323083273127983	6.001490197872634	
9.655441635605017	7.728783353226616	
8.423330754767308	8.755222031419462	
10.029429422281517	7.513435739370272	
9.011841171064273	10.351428637589155	
8.725056137170355	12.098355525519887	
10.72751938014155	9.697296320648263	
8.897283750314543	9.329962600286922	
11.974216608439875	8.539371505050878	
10.461084604503904	9.652552383289954	
16.988072632861115	9.081257233200837	
9.918588315246547	9.599816677093557	
10.82362777684226	10.68699392924414	
12.574427643533616	5.566271547681812	
6.858799541621748	9.79774624430887	
8.463715019776195	7.720637106900666	
9.110211911393582	8.488631741700864	
10.483678054884754	11.832404511676673	
10.70351449404724	10.06120007975974	
11.27197077417171	11.278119255422252	
8.469910683509237	13.323535287369815	
12.067351384314456	7.840235189313303	
11.357599454541235	6.190581681702672	
9.770292163220425	8.921888583259578	
7.776150041231641	7.526267939403322	
9.61802139713786	4.126019160422471	
6.359632777570011	8.432198494791933	
12.591451386040248	9.30136393888667	
10.817548152277727	9.953296989789283	
7.2443767099638166	16.551802833479897	
11.368208189222239	8.38674400075253	
6.822905351882818	9.210298441052771	
10.99553591191581	4.781691650229862	
12.063388197604173	4.635432573811448	
9.693180309208342	7.410630015164057	
12.001847045288175	4.409008491603271	
10.072431109796574	5.672350571985251	
9.44563290813683	6.543521925869865	
6.285382889028673	11.150684894219152	
8.967548686778677	10.176401831284204	
10.622856832266832	12.125587116831614	
9.369389847386373	8.724606417321946	
8.331921858359088	11.03771298389121	
9.186217115782204	9.40045502616482	
11.110877294823512	6.405124647265757	
10.506954365111376	6.0464528294017965	
12.49749616444145	12.828914861641472	
10.427172912482039	8.716782392258008	
12.261885674575952	10.65737437055976	
11.962430037280544	8.296481578216605	
8.741004289004021	8.520768139390006	
8.73984566167179	7.4451475462184975	
9.761115041631353	11.81315576214674	
9.003876353491707	8.613369740733676	
11.914579057120891	10.494145747215198	
8.767873421730645	6.47417295332712	
11.393481233228156	6.834331400696131	
13.301174284798229	6.470058530999453	
7.08919505217263	10.249187878967495	
7.344344351539334	8.176706844931092	
7.796836652171729	8.78598484500398	
9.828026912481118	8.042314758194617	
9.925016294305442	7.137644455855261	
8.66379814785016	10.921872748446122	
11.560142446625758	7.073990538254025	
11.608998316316923	5.851401347171704	
9.110638815870605	7.742756826138584	
11.32399680651161	5.598115997735774	
9.875897673513034	9.60182216367298	
9.062925988533275	4.993355923728139	
7.38168463090785	7.203668135589161	
8.445697189541125	6.665746784446844	
8.775273856847264	5.263659940165095	
9.47857115145118	8.812512524647282	
9.194015071523994	7.488641596535698	
12.331409490563674	3.690463662535197	
10.280950490112296	11.716728418973956	
17.0415938154674	14.241530499051194	
9.348558639190696	7.193121947985573	
10.192885372673727	9.127984433845889	
11.067097913033782	15.932655930722957	
9.93316744448103	9.953961548674629	
13.875260509333787	4.1262395782005985	
9.315605628970838	8.097886146972126	
10.911131588715751	7.764107472342367	
11.079444551125128	8.707093879823452	
8.784152187275991	6.61711101465394	
9.140353542437506	7.085601281316533	
7.898010082967923	9.699981891286681	
6.98440614514425	10.487769597123304	
9.280750510157842	9.51268456126576	
8.474635547255867	6.700660155323229	
8.161175463969622	6.432470977684221	
11.494159375111472	6.2448268808774765	
8.765989801218733	8.50010298610957	
6.255307198449052	13.826343554188176	
5.881180497873055	13.09333008122585	
9.944054523293618	9.776116257110278	
10.82265498235854	6.058009047580165	
12.511629151561628	12.610676561730251	
11.232242955411303	7.658546700401579	
8.35156634071916	6.391513661506057	
9.695053849253238	18.84257638202982	
10.09960004853236	9.073734838113179	
8.788127966067414	7.098205016797855	
9.745435086361349	6.184806647056581	
8.87505125407712	13.573590737774255	
13.328890390427423	9.473927123690462	
10.244618743861118	6.510022285878457	
10.487867992647004	7.432192301505651	
10.771305097610561	9.866630384896006	
7.650443991444622	9.788901023271677	
9.607875340811658	8.749161519941639	
8.90816023999441	7.8976910478099365	
12.546663292219113	6.512724864800211	
8.901100761317954	5.653465906011942	
9.041312173940153	8.234628816403925	
10.70089273902117	11.436819519911044	
10.815699005936294	8.303697425229556	
8.326375869176418	7.2109838084478906	
16.27590590205136	3.496650789824504	
8.197515522749805	10.268527248909468	
12.818874772451874	5.605294487062254	
11.322342586623096	8.959624713797117	
6.908304657885149	7.389451120260719	
10.854418783429033	7.3149985985645705	
6.259397086232371	8.138368348603919	
5.622982190426304	6.134376214482148	
8.440072183411889	8.219454003641095	
13.974045230770534	11.068674597225083	
9.114754762073101	7.545790266997834	
13.592894509307445	4.415003525647386	
15.027962204258285	6.850692517312297	
8.797066095550733	7.480307450929093	
8.209290266950731	7.09068346507387	
10.475823766669897	8.587766611262893	
9.789664319464748	7.980637819633415	
10.79313006223854	10.5845369162164	
14.167631180749618	6.370379406534818	
8.460424866487608	6.671360044835558	
9.296526959746757	7.9539464479359	
10.458462596380658	9.146493110140844	
12.520569612039505	6.244000454523736	
8.62584506055611	4.98917718458414	
6.879555313404324	8.485484880204863	
10.020054369496398	6.643813447650171	
9.531208996700506	4.363961991876609	
9.75419034576049	3.9846199437523704	
7.936117714125208	7.695522680926615	
11.646315655427578	6.676673954689363	
10.917878615205861	8.214557437811457	
7.746378989411842	6.214750806642481	
10.394328203936372	9.757928548721958	
8.539869843453715	7.881688844096564	
10.547187909018326	6.935190412648461	
10.626637347873706	4.447024504270533	
9.154253252586262	9.904622014805994	
11.860474849458539	5.7437299965836415	
12.498129482823442	10.648968063092484	
12.317250992976035	9.029240452886164	
13.974870779159842	7.349265291070522	
10.850096334982844	7.272531691207129	
9.826662450043328	9.951550704232234	
8.367579286819876	6.725069692326389	
12.96674937767779	9.115357311654328	
9.106388152847769	5.429425992519476	
11.440089921456147	9.865127245616373	
13.336503045793613	7.447117152116174	
9.62166902351743	6.862384739266684	
10.741527550599233	7.2929266777229405	
10.245044314184025	11.000930154237311	
20.79922887595557	9.217790073599064	
10.621604061221673	7.140118466870199	
8.751129402001567	11.66699878713218	
10.423877031327502	9.102293638226694	
11.462022235913476	8.69523691009334	
9.430196928476647	9.242149811591364	
9.80738540842204	7.735384712121303	
7.872726165200423	10.0122135367526	
9.78341637811702	6.72401463840212	
9.32488703282038	8.549313679244474	
10.85464153885009	8.248118547492458	
16.663884928975342	5.80939253627465	
11.024451017410493	5.840211131801527	
11.598585274938232	16.38077256636201	
12.157556506415764	9.993213725170857	
8.863741362556796	11.508034708271117	
8.956714048448134	6.547557737765133	
12.512462578542124	9.0715546675803	
10.316706473542528	7.413149511071416	
13.604339575486785	5.1808390305146625	
11.496694615093652	8.008357789168983	
11.187068074174006	7.64750870574675	
12.091129669360171	4.567537666123152	
15.47857885070701	4.682564725720974	
11.066643452573084	6.539447380569153	
11.749641570189663	10.354215931859722	
12.32201118364983	9.386940443562805	
9.584219206708976	9.872781166674276	
11.23658520470561	4.587026493892597	
9.9257738269519	9.405847591790998	
10.050820473065379	7.6190547977445515	
10.348430602441045	9.561466894603894	
9.776607014371915	6.305265645613759	
10.368427568726453	8.82545196307775	
10.639446228535617	8.848232289248774	
12.8094041989513	7.502063375473931	
10.324828856078451	12.26676787124514	
13.017684848193186	10.051545699151765	
9.573918159336575	7.062388877617469	
10.547689932720212	7.042242732914937	
9.088901989492877	8.908221023657594	
15.925562986732219	5.665902856498501	
9.552948255284416	8.540949621592352	
8.649741333550427	7.756555351476287	
7.215516601710699	9.95923061638987	
12.22717223273294	4.429212792169409	
11.608071331478936	10.28310082641676	
11.370867009136786	6.7929481570384915	
8.68595220514978	5.672627637725873	
9.324742234657919	8.640099020424035	
10.019704933484379	7.971631467171448	
15.168947549649861	10.57985008655862	
10.781202850083902	10.080129431815333	
8.805662918969858	11.86352929640751	
9.550854795712961	6.599108689994364	
10.080825138100305	7.630652265710301	
9.908874963908127	6.797638358918482	
13.719270140682157	7.036065062073768	
13.291742318887566	8.373237311233051	
9.249289145375759	7.88161455033524	
12.583694547831039	8.34399733888446	
13.933135975772183	10.127450653208419	
9.864021872271163	9.378689149311507	
12.551254086607555	6.794722691823537	
7.626242659130117	7.323654655212807	
12.329244021090316	6.761774587389909	
8.07852331504578	8.19766975091073	
10.11793382665608	9.229520662146708	
12.158568773427582	7.604372011221717	
10.549172570668667	7.6855059148182105	
12.061922579590316	5.96192307641852	
11.521561409360856	5.720742793969821	
8.99820407957349	8.156809779428036	
12.324837296077442	7.064525218358947	
15.9876733078894	4.131919215800153	
13.641275434665172	6.3575143442850575	
12.648248214818052	8.66633824202179	
10.538323066754346	5.719725523216956	
8.720848695073196	10.361935529013952	
10.476599028662088	8.452229451525781	
7.814078309054343	6.582974487881405	
13.01888973284422	10.110784135154885	
11.06691093342039	7.326299480692692	
10.212544909692106	9.115398848324293	
10.501935634712801	8.00109867636696	
9.288388159319778	8.6899155145772	
8.258470485835279	6.829567723174322	
10.367098935386993	8.10343849660045	
9.792941467508312	7.474430281977776	
10.245673171293468	8.163963160682146	
10.692593414067145	10.72009978077078	
12.000378978746026	6.745626012713997	
12.1614222449477	7.8702562077429645	
4.916232947035146	13.589555027970817	
10.668732496679066	8.757348943412703	
11.159246846265368	8.420479329921863	
10.920625941367614	5.764655584582585	
9.7399147404547	8.739328576987043	
9.905327110123945	11.836023078750353	
11.545226361732114	8.373440761719356	
8.354158373652304	32.839380059643496	
12.214225814842548	4.5346529076775175	
12.039226071148294	9.034880710528434	
7.136231421991247	6.017616144504885	
12.92421752577206	5.78099732395351	
11.807283669406784	7.876738347312467	
11.046029183184263	8.580497135467805	
8.490318834170873	6.056756720672574	
8.70574584273273	7.051336064810442	
11.349417613341837	6.998400174945876	
9.158364932418634	8.456948138847444	
11.86086027996016	9.90000224064436	
15.3115915267646	13.037100392672134	
10.958545307551313	8.201880415009072	
11.265572705268575	6.001900621912112	
14.12829312516361	7.41495184144614	
11.985578654566686	9.334510092319942	
6.851946985943569	9.496595314449042	
7.577002207733168	5.35262214067684	
14.738991162603643	8.96559881049219	
9.900084186392702	5.094791478551823	
8.642716650424946	4.879038821243435	
10.439813738515152	10.30372481633355	
10.231460407823638	7.004696088025084	
11.387725600140508	6.354160142093338	
9.598889392684066	7.123456100932356	
10.246370660279315	8.201589245595747	
13.015511005629097	4.980869891696139	
11.595253698991447	9.382973651694194	
9.616909790895782	9.037873269769534	
10.647241565730058	11.81734682856541	
8.400649129814902	7.3653376166423365	
8.874806610120947	11.048874439655592	
10.683089099807676	8.38939379660241	
11.908695458591803	7.210143003093008	
11.094196660018724	12.25068362544097	
11.512104991319626	8.012755953295372	
9.254965879602596	7.893763098108487	
9.355531145003914	7.340234281381256	
9.112597678953517	7.6289158431499855	
14.504425591039933	9.73063705915308	
10.55792182442172	10.108460429016588	
8.262210651041944	8.189707532146548	
