2656.2255283001896	3066.418050505549	
2561.9956866689663	1644.0507033016108	
2127.487297564866	2004.9845352723444	
2692.3448387968197	3851.8182420066587	
2156.3326529072183	768.5830758499767	
1953.2259905396866	1374.8702492630616	
3335.4373847051506	2920.539891629451	
3912.725308904405	5753.26428736433	
2785.7978971152256	2745.709946172605	
2513.1924527949805	3159.3030823645877	
2492.216971437339	1964.975218324767	
3007.6458446130305	4100.991222439254	
2502.905822599151	3385.4573357005943	
2975.872741527442	2486.394640241017	
3242.898958563811	2937.252776879727	
2377.3604434617355	957.2037905393709	
2613.3614958695252	3694.5893503087414	
2697.2377918679654	1842.0597724974075	
2484.5326603368667	3888.18349635967	
2732.3441927363883	2322.520045353203	
2722.4014490197055	2442.5707103787513	
2172.357207811734	2021.2263202471386	
2912.678495381503	3764.2901779085123	
2914.491160670808	3516.7429424618	
2642.994134081047	1793.4173287306091	
2160.3549911214495	1044.8490039025096	
2484.2853361976695	2104.6768524905506	
2145.846642522342	990.008674826068	
2307.2432883355978	1830.9778493315303	
2671.910756728704	2401.658385450806	
3039.557456866651	2350.097467264068	
2409.1099477722178	2569.1136549330217	
6726.457600767248	9310.667065647021	
2138.234594113484	2471.8779719410522	
2098.1891689673153	3032.3019389016686	
2531.9811859880097	1537.1529404984863	
2912.4162270451056	1548.8540002471232	
2802.652340497394	3232.9127817170056	
4826.759843050647	4263.385886284784	
2527.0209775708518	3901.956694248787	
2351.425233461438	2912.923291575986	
4109.967677295905	3536.933197500898	
3179.5908789420714	4667.603973246702	
2379.394336724624	2328.228785248622	
2358.0277396796055	773.7535850674077	
2288.2252342453185	2266.955200755506	
2993.5504149682642	1551.8027538686172	
3281.324908661403	3009.7975359686125	
2484.8466389649293	3234.5064518386334	
2909.519381931704	1993.4763721526758	
3319.7254510405223	3729.766327717327	
3215.4515637731247	3120.9635657122512	
5365.486508216413	5325.0110599286	
2688.5027040509153	3869.0505875869576	
3061.0581087241867	3307.3822853399442	
2891.6475891088894	1224.6911050500821	
1761.1399232370527	1732.8003430357028	
2358.86167030817	4781.51896478241	
1871.037005523966	1771.2759463801308	
5031.180826615381	4733.238269246192	
2566.585284619897	2798.3287446989257	
3697.5978305906756	5038.070253458523	
2394.520580459619	2060.7931483147163	
1993.2402745623338	2139.734437158689	
2833.65535849828	587.5839318282541	
2141.324312664294	2121.4764398288125	
3550.639668766168	4984.319705341394	
2456.3704667944867	2885.011210794478	
3319.801792781063	3050.726176743506	
4644.631322466512	4971.618184856745	
3264.694729004343	2810.2965538876842	
2195.65506037897	3306.2216117334638	
4049.5644637064456	1912.7936994008821	
2027.678830001557	2555.993203420701	
3216.5610120611896	4212.299168375497	
2391.8750502177404	2321.844185280567	
2721.9029157495534	1628.9000854657193	
3082.267596094224	1065.7036384066107	
3605.0550862635246	2098.2421737161876	
2399.153144444084	3171.6167963558146	
1984.3964684810185	2253.272764969373	
2500.988274994169	2821.6702311913555	
2784.1559449397514	2508.681501488282	
5543.067740598017	5168.186355290447	
2993.4527912554845	1809.7484918798266	
3099.3455648341073	3180.4032538086594	
2153.6388250190275	2032.2487984735324	
2552.5660358789687	2276.387714910982	
4076.524884341151	4888.794950492004	
3536.9099772987174	2276.9296932975385	
2693.1289840617374	3919.537794223073	
3977.8206641472293	4081.1188854506436	
2702.9912692747916	2143.1288008397755	
3483.766650423922	2923.0183050597784	
3279.389014024445	2172.3137673822553	
2238.323793690481	2912.9401984861556	
4680.178353244767	814.1934991026002	
2830.923086716288	2672.0954749542207	
3771.60252933721	7696.139419336166	
4750.98278383084	4485.054044890144	
3359.890488672542	2973.432307717218	
1781.323593574448	1912.4087956030555	
3607.4353240446935	1358.8606254389092	
3087.4615868858464	2600.488635109807	
2354.4322423614353	4795.907445346226	
3258.9282645616345	4298.904947823003	
2473.053782160376	1834.7026442552883	
1832.145338145307	2260.2753139989045	
2555.4526132149267	2915.3247151838927	
2176.5108214285606	2776.0860257261043	
2119.2290533127157	5136.836646301501	
2531.827403320215	2619.4859773366725	
2881.5273752016988	2030.9147823256158	
1803.7066008517797	2176.637213022697	
1782.6526018783445	1940.206775729426	
3243.1659497620226	1159.289440999101	
4367.623824394892	4151.0912890141235	
2516.0073683516644	1348.1768733699112	
2200.050998764103	2188.8805008945933	
2675.348363492182	3532.2211388135374	
1792.6552395078738	2135.9544249155692	
2264.5133414796055	2391.0680249701472	
4122.66060864138	5049.742761625582	
2585.951232033949	2737.1317084820257	
4427.46510407273	4539.86601106689	
2410.2789928835077	3234.444278316983	
3083.1275544305654	2078.496087864862	
3199.3428040345525	1604.6638340661202	
4341.379412357082	2273.2640013303944	
2710.8968687110673	2250.581334284359	
2413.446216470023	2608.7748660861143	
5276.952744373315	3730.7590927634797	
5319.757810884191	2984.6756650225175	
4000.0857106086505	3104.674289171126	
3328.654616052465	5262.948218101937	
3702.040235198896	6619.848657744541	
3054.1341004992987	3658.4946128296724	
2553.6556488533524	2935.7245292453094	
3194.0334133511064	4957.81443121738	
1805.236521010644	2037.6839490914715	
2099.9357858985895	2048.420526193841	
2683.221914105154	4391.434578549645	
3263.7650438230653	3550.26038793669	
2865.7701342969217	3677.9105787386675	
2656.767952764198	2782.0218950007365	
3258.3467751087646	3096.508042823967	
2319.6519833375887	2542.975950249745	
2921.2674385171777	5594.065434548522	
2462.175366884884	1355.7386623491718	
1846.7129989037867	2123.685823986345	
3734.403000959926	5278.3216230151165	
3025.365963810066	3451.5867546121863	
2989.8977583743463	4084.881832773652	
2475.805207337543	3523.8747231007296	
2377.4523888112494	1581.7823956209595	
2562.4433125820433	2995.5175434410085	
7431.658109335173	12989.157706458003	
1877.253211678274	1701.4802651035106	
3604.6631323764245	1829.3240952198403	
2112.3060781780373	2265.002645835342	
2730.6464767645843	2033.7918195192146	
3160.8297981955907	2570.947066809948	
4163.775723629387	4530.121770297351	
3435.0454796581776	3872.4628526158695	
2408.902805968193	3236.7150960112767	
2508.0673911797007	1893.5012624379976	
2383.1093581442856	4083.7929904684083	
2599.0205870875434	1118.7570320068187	
3069.6338917576613	2771.2299325558656	
2672.699478075076	2874.751510293527	
5198.949231477374	4295.255324391126	
3474.023301872058	2099.5359570957976	
3324.128788426185	2955.408610960754	
2719.1902542069674	3277.0750112475903	
3323.830341144867	3682.9375201392113	
2610.8362705420104	1146.27403370566	
6578.142090786517	5008.820979134371	
2840.9478086807712	1977.999539006282	
3027.1074783095596	2823.5117924182846	
2730.4201055475996	626.5509841256626	
2480.4044534603136	1640.7883461753356	
2255.8611523108725	2813.928413247085	
2402.6915037218373	2978.3948468112726	
4734.354536487108	2802.0418860921513	
2595.430885362987	4154.690176967545	
2632.0818181886825	3294.7845744024307	
2729.0910386014984	3779.8752241007187	
3235.5604198809983	3217.891809053528	
2857.6341771527877	688.74631681418	
2564.483493654388	2286.3073455159374	
3162.431575376218	2359.770648049177	
3163.1170739662293	4630.256170362381	
2204.9091648682615	1843.0274572509932	
3043.3853999416733	1293.5420974456854	
4621.510431283796	2114.636988600432	
3246.3931921753174	3461.1594435728557	
3525.2547004618837	4257.178549212919	
2465.7582260433865	2428.066046449073	
4175.759708687038	3210.1264635188354	
2120.617432939049	1890.299714169601	
2742.183353221298	1777.4128778196712	
2867.9497801279294	2995.3187737479166	
3030.4791256382996	1622.3255621894132	
3714.778200517558	4881.853649046628	
3022.8629400172385	3009.28250074293	
4543.620080082646	2895.060252538697	
3922.078589297107	2860.759322318404	
4525.086134863329	3135.0389899335228	
6228.757124995102	7346.255167134623	
3429.9411590987856	3016.162533845624	
2684.21260365219	2659.018168469653	
6896.393005097535	6875.780886585622	
2899.7320577821	2679.3485818713925	
2917.1337246948515	2296.138201182819	
4841.498521028054	4254.771083963328	
1637.4663256926128	1877.8279379293385	
2694.742781743535	1912.8233151282914	
2797.9152833606136	2267.4164653644766	
2154.5784248610653	1348.2534045178384	
1553.192429498922	1076.7420003572051	
2493.4186201042257	4307.453676998699	
3122.0212648206343	4019.2884947757902	
2235.6669964700245	2220.8472564315944	
2758.9152737071504	3838.176412559231	
2253.9758510588395	2938.5837584175215	
2376.5695453422286	1706.2670362129054	
3024.457503446048	2206.425390479502	
2471.860045056805	2575.2092055100848	
3198.021094566525	2378.6649288222607	
2615.7693446249277	1720.4850561172082	
2254.0330221195104	2620.9823577252246	
4698.191283533392	3490.4176396253756	
3805.589146750746	3010.799803200697	
3035.741567929455	3363.7768662260182	
2271.2445458149878	1648.092005545823	
2959.568520346377	3068.3971699707645	
2726.2468523820276	4570.049188203152	
2609.7669080956	2474.218449502103	
2961.7496420842626	1720.7924511772032	
2747.4290031670876	3993.752518513092	
3292.7699036281856	2938.3614919462675	
3027.7934433408004	4169.636948051051	
7311.31909831188	6412.126284338286	
3420.4619604641425	3846.3013533985927	
3813.0459247971885	3747.49187376245	
2620.861306461709	4070.095179556326	
6291.662251587518	3144.2658653688254	
3784.1670606889265	5880.092924766354	
3410.2128838013014	3184.0306775543927	
4842.3590016294675	7912.915338195292	
6059.802134333101	8571.430104242943	
2333.4463171797343	1873.9475421252093	
3959.191906522399	2737.2079514734914	
2628.4448658121746	1366.3393467360142	
2788.9223328492453	2906.0342183778903	
2317.196936128137	3529.7429462529426	
2016.5948788126539	1142.1297119232217	
2231.5048042050344	3025.766763817984	
2749.7582954049726	1482.9787946040155	
4755.217295235634	8786.913178521929	
6339.4919569302965	13914.316897204288	
2613.1080500085436	3120.627556793228	
4339.5465457572345	4741.781283525097	
3482.8599858917114	5679.3614306168	
3360.5897971767545	2482.5959306821487	
2090.77390700327	1731.8979260681208	
4023.0698240172374	5394.329364045184	
4235.702710977898	3006.883193610403	
2543.450688658153	818.5732739190761	
3675.0064505746527	3173.508343844606	
5453.859646781589	3501.187698587384	
2757.5279452843247	3414.4450905013846	
2073.4326885497517	2760.0494811140725	
5686.655350539455	10021.089368399234	
2087.802257364986	1098.6886703580847	
1977.080766057422	2289.9563806816623	
3191.2007697475356	4570.837316506491	
5284.918559727522	5236.638228486289	
4139.773049011943	3296.562692315521	
2163.2338763169464	2266.7750918899824	
2985.8087903240075	3660.03253196269	
3614.124558348178	3114.4356759685456	
2231.1696755357243	2636.5846051813305	
2079.620077670076	1943.8582723655697	
3296.720570701315	2585.1176862012217	
2267.235436372508	2706.852482533633	
5398.65701276582	3651.340854588624	
2965.297896117674	2516.222070701794	
2779.576946681775	3766.3262209971494	
2666.3195649499285	4036.97414483642	
2547.798755891513	3938.6583734972587	
2123.5718149408494	2892.9214578293168	
2389.15741590123	2442.917479880005	
2263.390133335528	3363.505239498536	
2128.4927087475276	2687.3819648213	
5082.011265186299	6393.186447017627	
3096.9811485310215	1973.290605934513	
3064.8279478675354	2935.223133825057	
2267.977049928207	3428.2379730535104	
4217.814613601944	2857.2285066348054	
2772.4919014852176	3300.7502873078133	
2224.865488981939	507.84877863495643	
2767.8640718211223	4230.570868471976	
3933.761006207957	3073.6478329638126	
2771.1585307220694	4064.239367624167	
5212.196357738343	4679.893662282683	
2513.6303575931793	4157.148106951961	
2825.786801921098	2652.979000207787	
3019.1389149332754	3596.134799837839	
2293.9283677530007	2404.706923149222	
3419.3763991103838	4001.1914218793177	
4116.710002779368	2467.311761743314	
4128.582128896679	3830.739786804852	
2868.6970505983977	1809.7842869751435	
3197.682260237869	1632.097286497743	
1885.5548330964132	2407.8448955432536	
3099.7401359089326	4994.32436861137	
4619.712357475868	30182.927474376684	
2020.8579574427959	1421.4605335186309	
5134.520343731109	4378.291708877629	
4704.823272501243	4888.531391577214	
3093.260099605538	1448.8910793194345	
2291.5930168504433	2959.2742342229635	
2365.343162351442	2040.072522989363	
1532.5988563134442	2030.4626338182845	
2659.0178034780856	2569.45711000245	
1785.925125966509	769.7469549854831	
2308.430893839808	1378.7875194251096	
2329.049794797316	2773.6687419353952	
7204.664353405794	16570.484876032322	
2625.331905081505	2663.2526482751578	
2555.952178562532	2662.978985664361	
2097.704067517204	2316.56554473906	
2127.366530842951	3209.084637330975	
2825.2503824639343	1313.101766753216	
5862.739828613167	4074.58326701072	
2316.029137126089	2486.6458965604484	
2072.684291965317	1744.776148622782	
2786.80425353503	3527.133819570549	
3575.3650759479688	1794.7247559753887	
2682.4413762916606	3997.1094563553957	
2741.922480069589	2895.835507771984	
2827.6311960565745	2312.1674568004237	
2967.78864465571	2089.254374030561	
3032.9603104529488	2336.3796441828285	
4235.658071038281	2912.639876211623	
3442.29421440737	2211.176920398794	
2556.9159489136123	3620.488615088725	
2321.252422210315	2711.130448325582	
2381.191641701075	3445.705123267429	
2481.003700673876	847.9894146599261	
3203.4688214334033	3725.552408541097	
2580.954034169	3531.1502561785333	
2631.3660308249073	5318.341029819857	
3884.846937489957	967.223905894377	
2546.6189574419304	1147.8463274043545	
3138.5919002848887	1857.8976348461488	
2653.309150863534	2703.74728269828	
2675.2473411771302	2568.066340646779	
2092.1263382317893	2271.838996651455	
3821.9569952318116	5380.154897110778	
2586.8936034130893	3157.310084641729	
2917.7968066878934	1467.3186029867138	
2603.9552251739433	3202.3111447875854	
2519.5625299337553	2088.2315629107993	
3655.82917438351	2672.720909066182	
2435.4782203138934	2425.516432894212	
2339.6732189029517	2943.3007508777287	
2748.4974171625813	2730.6629034401717	
2251.3753210037453	3350.656909031513	
1958.1624935762381	2515.8932223942556	
2378.9880231164398	3150.468154245193	
3540.321270082361	2048.6976993091776	
5259.045847319127	3795.4678619146503	
5711.729162676195	5217.818767023829	
2618.558276934126	3255.647136351029	
2911.8651856548818	1547.4091017873186	
2145.3719097409175	2163.721784972293	
1928.6341868903364	1578.0210419882299	
3637.4279109794884	3644.5547952547454	
2505.2482147508513	3013.2928766703226	
4050.8273346876495	5090.838618755494	
2834.8172968660338	2468.2353925356224	
1894.6224149653333	2104.294461997271	
2866.549740532626	52164.531795888295	
3663.692661025256	3153.781465011751	
2190.8347358590727	2791.0255370317204	
2311.1226637534196	2630.583637176353	
2279.152292560949	3605.742186169408	
5817.4851335621415	2982.8126605808834	
3431.0443764095767	7698.327675051926	
3050.593202291212	2787.853409619887	
2659.2190586925562	4265.984037572825	
2809.533283455204	1256.196836604883	
2610.8981969902798	2352.231042450164	
3558.1787356502523	4160.592363109561	
2389.747835053673	5861.595623140838	
3944.0468709071642	4228.869699264558	
2795.2459461532335	2887.824683769167	
2821.8794228959127	3158.814305791834	
3423.3496186893503	2002.1978364669815	
2638.999758365857	3569.8250804184645	
3786.041079167989	2541.7420349278864	
2527.966317084903	3036.3763009089625	
2574.386211270208	2650.761505535611	
3249.8622157466984	2767.206205436933	
3867.6081576166484	6668.43651042936	
3316.579719784036	2832.094869238227	
2569.569053556576	3774.627752159147	
3081.7209364295027	4194.159667936782	
3133.565010113391	2451.185869682306	
2550.411828576375	2597.2587086955577	
3275.37268828289	2942.48202362107	
5066.994322752103	3287.735443284494	
2101.8184606183995	1322.9812622136888	
3603.1523412659276	2611.1661267317527	
2970.8452271452597	3700.873425607695	
4656.827219786889	7659.719947962002	
3414.2758415629646	4369.978008188224	
2465.0875632015095	2718.985145149299	
2440.0284830128053	2424.432187732012	
2226.6417906249403	1489.6088948902063	
2935.0609513989116	2037.7447677904354	
2024.8464440947157	2331.522264465836	
3990.5845692581343	4375.298642238477	
2271.547237245469	2957.030333975344	
2238.2090130731326	3123.5216823722576	
2308.2113607124293	2205.7751083645476	
2119.8009660424214	3246.114133176108	
2567.5245050304534	1770.6793406936135	
2765.5172570015948	2363.3423642174084	
2664.8389411424755	953.2628026542162	
4807.978647045427	1932.4850135905024	
3210.664389051626	1645.8549650139346	
3089.4669769414136	2115.8170744231693	
3832.561098271785	3824.487883902816	
2040.4825598510643	1953.7638480805865	
2473.359133175086	2340.9689945753044	
4724.026720035925	7469.822551468892	
3153.3534462375574	3521.4950571091817	
2969.2692951200643	1930.9861681011866	
3116.687931297707	3953.3627527409853	
2199.983799430888	2846.6074581091552	
2249.5945994875397	1729.5990447392949	
3245.0407221006644	2314.228140069574	
4810.289084934218	4746.15712216298	
2142.323568903393	2316.3718873566554	
2735.807427922774	1677.3348412325138	
2209.4282278211535	2282.7165992021783	
2799.5828040287643	4340.489733986267	
2527.1036119286896	3786.9897401251587	
2316.5842156379726	2954.070909658428	
2515.4438153735914	3595.8439883244123	
3094.3696224541554	3493.956524054859	
2840.195104483109	1272.3935027602363	
4481.52835688386	4698.1204327727355	
2063.942083293144	2475.1008244059226	
2902.1373077863473	4555.279157353844	
2396.9980763173794	3789.556580965161	
2362.158299909614	1580.7379629726975	
3499.570611786576	6076.533358114439	
2591.570937273625	2165.1784751491255	
2478.139410785346	3474.898477473621	
2754.3816033169937	3437.416549113882	
3103.8547932945617	2123.177556204179	
3054.4627834284083	1744.896368953498	
3476.2434003545245	4148.057554221724	
3353.3273509459277	5359.879492723361	
2567.8394046725957	3229.8266567638493	
3546.627453654338	6249.476759170458	
2902.935700809822	4434.031456262526	
2620.5916718839785	4098.82418415869	
2177.5225640065873	2709.786256926599	
2835.0461172986134	5797.217511881865	
2436.5776546460133	1249.1960880314978	
2942.125591735862	2810.895324889557	
3059.60924066723	2725.7069091867256	
3128.9227985626612	3579.8352499360103	
4709.8077900191865	5504.215990646631	
4581.077827260181	6411.0269811840935	
4055.9454007571535	4259.478037617409	
2633.8276408766887	2960.625518035915	
2725.26995534184	1976.4046236631696	
3488.677040664285	5291.635161357738	
2995.3128900742126	4792.802064996142	
2828.8961828952833	3542.148125508691	
3553.3345714683787	991.4860731503074	
2645.9975732936573	2679.0913024668657	
6756.881703290788	7147.904797063396	
2117.209302514962	1682.8536176418684	
6131.952638566924	4668.187896351887	
2525.518603466877	1183.0328965620063	
2247.5917220660203	1996.2089821226243	
2611.5792243551437	1949.8538415427872	
3271.07704754092	3504.0949147167885	
4587.434781235776	5362.478950917449	
1708.0253502253508	1224.697575717065	
2236.961299533778	2926.562176460214	
2980.0530030657233	4853.620181751429	
3575.0498366887655	1300.4322852516864	
6516.7563638513375	12292.441655883971	
3021.678886824109	3155.7804216477884	
4447.460054986638	4995.351050774128	
4527.959166582283	4927.446424901822	
2731.287510951773	3227.3416517479695	
2802.678754464889	4013.548324527093	
2860.8923269403704	3725.8484721510786	
4465.555696051353	2213.714491777904	
2766.2298669761694	3545.1597564286217	
2840.3836389924645	2372.139374452314	
1818.358542675868	2041.236926714051	
3988.5905535119823	3627.7248999135254	
2592.6205963101693	2894.9821908905487	
4489.891791159975	6299.404916642167	
3974.774877080848	3089.9352898511947	
2351.063054004774	1602.0140684609294	
2754.8526338933	3006.9308816745447	
2072.211679593431	1744.5266442624638	
2825.9386378086674	2417.71441138309	
3288.934284386734	3130.4653288286763	
2759.625366777099	1401.5806366849502	
3593.7300846609573	5136.851250441004	
2808.1180403135213	2895.514400960356	
2695.532794947992	2660.692375537018	
6131.830091725083	3517.96560855426	
2482.5283652608887	2657.10050361676	
2155.039934519604	1768.518052312948	
2070.4299772123863	3070.589671763891	
1727.8772204793058	1679.4771667928774	
3600.8058521262415	2498.2712802888955	
2934.557017888411	2198.385038270068	
2948.0282352510458	2939.39090260261	
2190.6846840430344	1960.3602926743113	
4712.2227633124485	4976.655669182171	
1747.2873085661977	1666.8044698176195	
2608.8753149450217	3008.212982487942	
2759.2666493870765	4205.121520051604	
2497.781494496139	2180.7836078916403	
2174.626051968929	2204.7040910967125	
2346.612051344269	2978.121555520769	
1983.0089865150042	2336.5261615625454	
2708.756869212857	2307.7915154359007	
2201.48381702676	1944.270439524655	
5861.283067362229	5430.445144720781	
2619.2719504686015	2364.5523828420696	
2558.9520376104374	3434.2426817101887	
5462.407010174645	6038.173418847566	
2864.823593772903	2751.6117484802876	
2515.5574302576874	1647.1619365870542	
3014.161901519154	2065.992218605912	
2411.3922292462257	3031.5416566795393	
2265.9011937119235	1241.0452310014975	
2186.2737865533813	1078.084730615693	
3242.7216968441508	3695.711331108516	
3475.192111292554	3674.5838963987385	
4210.177369668987	4534.067629306218	
3100.728233613582	3861.137436741673	
2059.7528119257845	2136.4380057200597	
2468.8417566911558	2913.090442898956	
2881.9472929616636	2434.0108285264837	
3046.533298083918	4083.5248920280324	
2487.6815549426397	1740.1046655032312	
2239.9223830877368	2892.6815633645674	
2559.130797637311	4058.6129982542084	
2380.4942117499254	2687.31172540712	
1847.9074987296167	1481.049174512653	
4183.440455543864	5571.075024201259	
3121.6708480277566	2917.877169749039	
2299.312543610987	1504.1338352089533	
2647.812273445689	3520.9845993907797	
5235.622658777613	8607.557834101239	
2253.798350087876	1682.1800730966147	
3010.254928231627	2794.3358338568005	
5597.601567728214	7601.095242143107	
4619.218595799792	2397.295724567398	
2978.6742208399096	3088.1374477616464	
2407.03157618942	3981.423737925353	
1790.4584345499295	970.7936374823809	
4093.4019627682633	5014.849543779058	
2377.96033871916	2137.938234305519	
2222.117889909815	2059.214760029583	
2382.193420368725	3956.834405549071	
3680.8626343065853	4561.337135875778	
1894.19857818314	1814.3127505851942	
2184.1242453559307	2774.41570217527	
4565.4732029354645	4254.758793740751	
2935.9393085333945	1843.0830658449638	
8626.871362489954	9503.943212753418	
3510.9849970699247	5365.901024280938	
2240.817834649333	2011.2649951703304	
1542.4498583791694	1300.698128967669	
2314.3404129983696	2636.5205215539695	
2343.293958129076	1331.877045679523	
2935.2852345477154	3556.5793147738787	
19547.414331338834	17447.128414047707	
2965.854469452194	3468.935310185748	
2653.2575014054914	3078.7970060195385	
2794.222190474995	3766.559965564197	
2266.3308870748097	2941.347555813925	
5406.120839631682	12849.948459441566	
5926.7409816821755	8318.125862415778	
3407.158582437513	3138.7533898168695	
1969.3770187104346	1552.9126067863901	
2408.631033800076	3147.3917666747834	
4094.717445862305	7914.851532589973	
3613.908034440284	5618.349911715674	
3487.927011379784	3272.6806252298825	
2862.8001572408875	4380.888836084531	
2875.6457068039704	3622.695654809184	
4376.884836887374	4219.886106847665	
2970.7300137802067	2639.5147393177504	
3288.0165704254896	2732.0550434384813	
1854.4794645749744	1263.8550447911475	
7639.27206512312	14852.577896777504	
1500.2252682366136	1232.8803241830694	
2245.4692513256114	2615.089414081084	
2165.0633634600936	3482.1742354070693	
2520.937800264598	3357.4229425198123	
4373.74933608039	3529.4175027926726	
2557.4837788297673	3529.288840349313	
7856.600344282605	7819.871116322041	
2925.5808023166405	2560.7453317096583	
3305.7281233894273	3635.089836183134	
3583.481046579795	4435.522655920924	
3698.255119319312	3975.9322592709786	
2708.00204879074	4818.5569534263905	
2731.558007111366	3857.7480802459586	
2462.468317743552	1967.5766710281914	
2226.4098101033933	2863.1669282657654	
3431.7277632808787	2904.167153494937	
2635.8260085158477	1575.3309049589975	
5158.827003586098	9118.249524860516	
3107.2177050223077	2337.253980247662	
3564.9286048600557	3570.794600262594	
1967.2002365329874	1830.00053577693	
4686.851516300233	4703.044462664549	
4771.38849246457	6657.3692777318865	
3122.1945306464513	6617.426583941063	
2179.5309664640845	2329.5865724062933	
1841.7040775242158	2063.389095753032	
1899.3779222281694	1629.6157279798213	
4235.412247257557	4672.025739855904	
2323.654240086211	2746.9520830592887	
2763.370845307872	4379.092714905782	
3128.488563502126	3631.00009257548	
2863.4239931842485	4303.633302550787	
3325.6130032652654	2739.927272831968	
2793.6342522094465	3769.6457413303997	
2820.6915297086057	4303.572002080197	
2250.169426557746	2120.191702198644	
2359.2673036736583	3057.8961234140993	
3054.7003191050294	3554.7859658027223	
3188.48229922302	2917.7937361800464	
3156.1311838484676	2555.5051153927175	
3499.711016327325	5189.685037997192	
3159.2640533697577	2246.524104735233	
2538.726859424905	2997.832230916861	
2614.3930931565924	2729.58814389009	
2609.2601795076607	1647.782769774763	
2808.4414317943306	2882.6887421715883	
3096.729500401043	2314.7506477778616	
2675.3441555913655	2657.9078639075165	
2460.6759377698586	3284.08436103084	
2111.0286201880763	3377.27997974318	
3171.05962337034	1077.1296409241115	
2169.166396868509	2102.5550111241946	
3705.7006020858876	6701.445612630704	
2314.8024494339393	2020.9296302436587	
2195.0588983616053	2477.041007221939	
2418.2398859411073	2244.737344942259	
3177.402889813391	3158.5243741258573	
4165.587354754702	3722.2893439189947	
2561.9693780850985	4209.748115390412	
3693.1833520442324	4000.683685485527	
5601.223806554916	7691.722556551679	
4883.745389363435	5031.496492736794	
3491.6776322654127	3673.9048217401314	
2453.0838583152354	4642.644652852128	
2930.1354794846684	3577.589561668056	
2600.1324568214704	1164.915239736934	
2528.694483725044	2486.4493365412623	
2709.108150582509	4984.901409308885	
5232.798830064722	2807.915967284925	
2307.092284841858	1743.0035935803444	
3510.201639172733	3550.522146373017	
3464.2365538322747	3693.8813287992803	
3033.2966775863038	4623.364869756404	
2232.955776171953	1804.734047070533	
2269.762070640706	2350.872732644838	
2445.237348258	3676.912966014539	
3658.0869936125264	6303.460171644433	
3055.6885159621074	1492.938121073774	
4083.133196292277	3042.144974677676	
4569.579741348737	6824.754368463781	
11220.181105278118	15237.23505065668	
3029.958471360639	3995.885425412845	
2865.7414321431606	3809.999662652304	
3097.5558164930867	4191.450978735	
3769.6822467274155	4961.586479256195	
2511.020362621213	6067.659403278235	
3085.28003993957	1979.829768023659	
4651.149239764236	4241.633570337285	
3488.571952429822	5706.029451318113	
4589.810904244795	2324.391558508577	
2783.372335828298	1861.0568814888932	
2289.35907174896	3028.930606742598	
2143.8355895657605	2447.7651977992605	
3064.5277237197533	2160.315730147342	
4217.606561406496	4589.858084336728	
2294.585364158143	1488.1019608659597	
2395.2547233295486	2424.900860399512	
3353.170712121751	2276.9842716263215	
3448.6570065235383	2134.1909455513337	
2942.126183285111	2973.660942817162	
6801.206234011405	5178.515947906268	
2294.3356922427924	790.965678627616	
2818.7694049693214	2685.975747442613	
3342.6438746249332	4510.826092790254	
6067.39452819333	7709.037333851397	
5060.378236594811	2484.3012079385962	
2460.8489445919236	1291.267953506359	
2791.093127057509	2409.210374581821	
2569.549366035719	3076.91623249618	
2666.457731099013	4086.369826973128	
2115.0739560941206	563.7004216176271	
2817.5006876192547	4062.1663248271743	
2679.032048411805	2992.3385659384035	
6572.631719559651	7981.725898776994	
3493.2351479196077	3467.2620455514034	
5096.7684797075035	4800.376460791707	
2735.9306643174236	2367.010937397316	
2467.489218374438	1682.5970715976334	
2634.4020644908364	2659.1918965342206	
5419.55485982349	6026.3826734340955	
2732.8827829289608	4233.987850768181	
2625.35036511817	2383.2565284676325	
2747.5360028091222	1021.5514678019084	
2653.783226205252	1417.0249879262287	
3252.0257539131144	3480.055071657672	
2591.5891266139333	3688.5967341983546	
2223.059302058845	2048.1315236928613	
2419.159266378239	1732.9217847653608	
3554.4442807900255	2653.6780340857945	
2149.374733392836	1174.7724555296122	
3791.0645347151203	1331.144167105989	
3853.1930948770355	3311.00659159986	
5714.938493929051	2923.2811074251053	
2969.9530647006563	3143.2633788164694	
3181.1075456241165	4314.430947550723	
2157.458312591689	2721.228841489763	
2122.1037502918944	2163.63378190926	
3024.795696779852	3982.264496126964	
1911.9742186941833	1142.8069656111074	
2242.004395033741	3071.6027945694927	
3074.9648061088374	4973.230267865053	
5768.453787399996	10758.540728494081	
2639.234634621249	4463.832535574213	
2707.9493970992767	651.6875734718095	
2880.104012027119	806.8010375048142	
1738.7460556085305	1584.368588778887	
2224.7362388110455	1557.8151561980694	
3867.891531577787	4069.075303983517	
2797.1005475539605	2031.5570518583147	
2811.2142253573215	2193.614887143482	
3358.6288935947146	3942.3376048428227	
3820.70912962607	3449.7592119679425	
3367.8203453983674	2130.427986684168	
2415.9544418848027	2756.135337638314	
2480.852702131102	2976.6371467312056	
2070.9082868339833	2508.9870170430813	
2202.7973946434067	1268.0397390789856	
2736.2572492965055	4306.220547920613	
4031.58462430939	5553.240875408553	
2575.8764108571077	2638.1637277908035	
1985.5750155127844	2050.425864230349	
2840.0815843659	3427.5498964816425	
3919.9835104890326	6285.2872215228235	
2138.9141431920793	2225.713329866885	
2902.69581786817	2486.163364596937	
4498.737241083911	2618.248690358675	
2581.7809528485864	4073.70454731004	
3964.871386202151	6318.719294089073	
2094.73793382571	2295.197159552617	
2253.3317174827753	3098.646225726718	
2441.2672815280134	2291.7090716056546	
2667.284980875506	2239.7816385391734	
2208.8371453813375	1075.2802846144064	
3148.895282443626	1186.7228099261579	
2655.412614060764	3579.223021590429	
6832.377175135116	9517.083040474557	
3242.229765455746	3598.3396209996167	
2125.653290763902	964.7998556138245	
2893.8124586333474	3675.967494560784	
2483.300608346275	1545.1826003987533	
7421.489178393188	3708.549778190571	
2504.591917613298	3733.136999385554	
2750.6700727361394	1576.6852925801631	
3201.4263307935385	4560.732280362391	
2226.507473006748	4137.298918519058	
2970.273160445355	2897.8408578883445	
2427.2790658288645	2982.9221797917903	
2765.4602590853624	1631.0578429105874	
1843.7043858609704	1075.6566619777577	
2285.837733512828	1928.6066842602154	
2367.9529206827146	2590.3908225827968	
1839.0503524588557	2333.6972320313357	
2731.379367581428	2825.3866583722383	
4254.336740024031	27753.403715160453	
4214.191330544938	7244.105702527774	
2568.9494707580848	2311.355061332643	
2861.21786786448	1625.2422391074294	
2678.682759758494	3674.2885054322696	
2489.9507012180293	2795.8232295601115	
4000.0160141300457	4228.473414159509	
5558.328198374441	6549.01267142722	
2282.259350694624	2480.665395097524	
2270.9848602106185	2334.9631340219785	
4303.7228613749885	7079.415225433504	
2207.3893061468275	2682.447784389738	
4850.331177929165	5233.745662298839	
2393.987599183693	1042.6865484884495	
2433.7222830150245	2919.023405265227	
2464.819880181766	1221.5556681470105	
2718.879960688553	2946.12836801057	
3342.0984670389057	3154.5969290771977	
4443.152986157294	6633.035886233916	
2741.4868625297045	2267.2112907462156	
3393.513248316705	1606.8833032117882	
2918.235248586972	3994.2167007605944	
2036.8826298308566	2429.977500476244	
2211.0693297575044	2055.3348499796352	
2644.6529500334013	3560.1373371712107	
1820.2581090973956	1260.5591379226432	
3967.579091455376	5153.865702165515	
3276.640492433622	2527.6619681798525	
2629.920612471736	3524.5099499162598	
4725.705025562846	5182.971768776249	
2114.1564157090534	2163.961723085884	
3189.498867262384	3287.001685347877	
2768.800190500188	2731.834056097197	
3864.8771179941386	4410.197830910218	
2353.1197021702537	3726.9124794573086	
3632.1478921836074	2437.8236408283365	
3670.365350649996	4327.113067997538	
3084.4335001285276	4043.046562282733	
4267.475754787687	3451.222521325777	
2490.801606577153	959.2039512600976	
2700.1807511975185	4143.344171174197	
2379.2210981907174	3564.910726044489	
2012.125500640145	2294.578990203394	
1994.6183060569704	2732.693121642876	
3108.819711918009	3113.8265280729333	
2573.9950559799454	3891.182676071268	
2476.953668676847	2082.3553986071875	
2618.00055621532	2796.873096415057	
3433.283438127404	6198.648900583439	
3656.9409006824626	4483.42243238405	
3193.855844754296	5361.764879836397	
2317.8580978889318	2918.1525902472645	
4946.004702937295	5314.416246701819	
4303.204489217145	6717.936569446459	
3592.772928044299	5330.542162155214	
2648.169421166375	3106.4644304223752	
2289.013776699242	2497.1949108127646	
3301.5921113884906	4002.1231761524887	
2256.9638007725835	2481.7816148867187	
5973.170643373334	5828.143033642664	
2677.367330159879	3456.9300275800683	
5330.2170992590045	4816.9570032155625	
2318.7702269319143	1585.9577393799364	
2450.318660990479	4350.218601962991	
2942.701928867213	3744.2998678706917	
2379.186161831257	3091.236311672545	
2210.0347686957057	984.9060301801775	
2646.176865804364	2053.0347158983323	
2705.939378487124	2943.576379510051	
3150.9758351725845	2583.1154676714636	
3671.114032185986	4339.7181520645045	
2788.396193433401	2027.8594919061172	
2297.668039823577	2494.1056536566634	
2216.99080297612	3173.098013103567	
2946.4948999310536	1657.955589266738	
3711.907989947099	4390.531355357145	
3238.3266718574655	6698.048839319871	
2558.320880205451	3747.735198315193	
3453.0340629520933	4892.594789427467	
3764.9029208480742	1770.6796950715886	
2556.7376735487032	3359.1339143554464	
3222.2588521638695	1654.2376954706801	
3418.5584056344887	4432.158806842045	
3315.2408140582256	1575.528884586516	
5345.443338976266	5143.47524426094	
2548.7955176433406	2967.971469238942	
2698.4767734484985	2928.5013294964774	
2394.391146598184	2463.1696797531695	
2286.221556158439	3584.9615115868914	
2197.2296969803497	1645.3381706710672	
4774.605883183128	4874.178482905884	
2363.7522196782966	1708.0459993893755	
2206.1686346515894	2896.8878161641774	
3730.845465358782	2775.737217431471	
3685.5197822621503	2928.720364532725	
2040.9886400941375	1072.2755190393914	
2495.0027077088607	3542.607354008011	
6616.833575856471	6345.745587771218	
2127.1728687697528	958.4124072906071	
4062.3970613560573	3772.260895575044	
1881.3059776283724	2140.794852015339	
2541.6193074305565	3534.0649102577395	
3019.5229244462116	4430.49235604192	
2450.5535045127076	2743.982953423771	
2134.5441507798587	2422.5661300530887	
3009.857751650303	1880.1322139108195	
3564.7717737887206	2656.3517252446973	
2430.1785403584104	2622.9815642108815	
3244.5698724717317	5052.648746569933	
3330.304943438653	2701.7658943506135	
4955.165944262443	3554.410037364075	
1632.8207928014485	1482.9238158307567	
2447.791220456514	2611.0537563776434	
2437.4722906886577	2778.2577304776846	
3115.746633161731	2315.071670852095	
2608.04712871107	499.7242281010597	
1960.8677838867882	1989.3026755847707	
4568.984363572957	2539.541416971804	
2740.624166542413	2464.2308346211817	
2512.919913032632	2572.7238795017233	
2108.614375742213	1331.3810252119933	
4901.495223952154	2440.690797855789	
2030.6298052790814	2103.332999220698	
2779.966282143175	3552.956803451892	
2694.629575033156	1814.927274253845	
9981.887577645926	5448.674541649461	
2563.5392069328122	2289.925479499983	
4203.379928300688	4031.7724419957376	
2964.035963873837	5567.520179374851	
2119.9589937942173	2909.3691621218536	
2708.020465030664	4005.368586429119	
2279.991203033223	2569.567875010036	
3156.916764629363	1566.2485589116702	
3432.109737868312	2907.7190403275604	
2359.208370464158	941.2228795226792	
2275.598350053297	3094.3017937645027	
2878.6576475603965	2617.6329733920625	
3287.1979765755764	2077.818546371556	
2724.083060336016	3327.4623971691253	
3894.605653740935	7527.0012920837125	
3067.8233106026637	4244.988655434792	
2505.807381749779	1275.4646707615736	
2656.0174713500755	2372.8221591835472	
3614.450581255276	4991.6045480717985	
