5051.995464986678	6679.71220866432	
5748.029366817776	5513.742319872423	
5627.927283922843	17569.169106917023	
4897.884804080816	6459.905224135164	
6200.0673257869985	9918.26026420235	
5140.438064321736	6904.4530597861085	
5600.8877767221	9893.441815420605	
5766.414213389305	9612.160247164937	
4880.352618194117	9363.983921691946	
6880.398969615196	7667.506370963585	
5246.927396792118	4342.899249406594	
5742.672144055979	9819.339331322975	
5061.859524862779	5908.668220959687	
4530.028675076343	4264.084082947337	
5835.926131870786	9555.62734114051	
4617.582742526996	5728.873722379361	
5141.558288166485	4062.3984477108233	
6494.47643884969	8655.25018278053	
4896.290687021748	6884.150331149174	
5031.9534643588995	6230.947650471331	
6980.26586843557	15837.995874898123	
3700.958759590332	6434.5528101684795	
4707.426638262946	5454.786935339922	
4309.146248990252	3918.639046256487	
5668.265448815886	13614.019741223397	
6830.080855170684	9596.198088902509	
6840.823165123678	16819.357664719555	
6381.937515229717	8151.384593563918	
6013.733708683026	7682.513284079824	
6293.185307383571	15420.525131455268	
4682.915506402412	10530.89129353298	
5345.3652016109845	7409.330691397162	
5107.025412497276	7224.959242115164	
4199.780681458478	5102.473394074899	
4527.944370236087	7420.542194613832	
5495.014512555686	9351.691126882095	
5592.119113545572	14396.013371929628	
5240.115441470378	7113.842858087991	
5667.249404019821	10400.05109660974	
4649.069849749367	6401.563252403461	
4679.057673727049	9022.9987817748	
4675.749964157962	4149.49116616211	
5844.628670129783	9118.363576600608	
4649.888983793952	5682.703454666167	
3271.2249042718713	5313.437008649915	
5677.705563069268	8618.71137237322	
6871.653488676389	14118.099908185384	
6463.3871521812125	8748.914139263936	
7666.8237739512315	36255.72365010033	
6997.090871153476	6903.63828776626	
6180.000009436322	11196.49779474482	
6281.217427227225	12237.641662767523	
6234.270168943189	9856.667576438753	
5078.453083667737	4291.943307558264	
6379.555381595736	9344.489360891543	
5913.771079025367	14692.078652274658	
5832.043533382298	5654.672022007107	
4474.870676025246	4536.249564384419	
5330.379531071338	15969.636926692994	
6479.840106764429	10483.722823696242	
5928.0949486605305	7732.302415186587	
5123.146973399695	6525.857166433769	
7221.020080286965	2802.433333502349	
5946.405611487479	6106.459423401196	
4744.267947463905	5737.813214251267	
4577.860103971565	5670.76230626241	
5177.034812737315	7938.651102818249	
5015.250241965102	13737.433235518334	
5263.555588647575	6930.303006912586	
4756.059639601131	4131.062668411765	
4983.831806777681	10783.103830461205	
7344.5355727377055	11719.95516004129	
6955.859753178505	26308.911067871006	
5685.287860319464	11880.037910020375	
5109.6628213571485	10559.15443442388	
4056.7212520957532	7194.133592517017	
6358.106636400913	9100.683535394946	
6435.522114148893	18519.71603196043	
6049.296819669797	7388.5054485867795	
6448.183735645762	4165.542916595059	
5298.920044080279	8769.65423664994	
4064.5885875730896	8109.876954114337	
5151.14706626257	5857.78865323296	
4370.872034906459	5404.424226756883	
4770.4653201298215	6640.308262666703	
4428.2955397602755	3159.1519949656017	
4701.714299924625	5335.177369812916	
5562.861248751907	21821.957676961407	
5865.437141308299	9298.143809035855	
5929.899542073238	5263.9812362226	
6189.72058559053	12985.31847290123	
4534.653741113701	7110.136176637191	
4384.990248248925	6318.118270116176	
5515.232209613744	7214.172505336763	
5728.579808318172	11817.968469686504	
5677.531326918909	14970.014325672219	
5641.196350501677	9808.004551151844	
6333.104034351188	6195.49171452924	
4819.884988656254	12727.552696854334	
5288.057573406513	9983.31314764198	
5576.242835455433	10392.657776113028	
5327.790751036648	11520.33110339002	
5773.297386987718	9262.23280535635	
4548.047730041226	14042.184575686402	
4825.529383861624	3245.600052209808	
6137.525132862977	10119.487178659605	
5822.405769552306	6467.025214347894	
5604.404163081744	11196.637391588285	
5284.952455028686	5588.164861444983	
5863.321823300816	8008.25540508157	
7733.668345307392	5941.041711525506	
8397.4810296721	31166.07071946034	
6259.53973251437	5658.15491386617	
7223.652129246624	6641.254230745487	
5315.358867991503	7034.637900013446	
6144.312221347942	9125.289181959286	
5354.386174980225	14989.158913301473	
7178.797026173062	7888.224506503051	
4379.917223358489	4013.1564934014186	
3613.8855897823746	4747.063357499085	
5178.888991825276	3771.0422333599536	
7147.768120522479	7938.514513207221	
5896.376100967671	3168.051132095314	
6731.215132802522	10824.010584546464	
5059.143402037011	9571.143832972413	
5667.891260342294	12057.434525051525	
5999.05990764975	5110.79353751296	
5211.626140111056	6881.456402834497	
6405.805318547087	5346.50059502026	
6238.444648865898	7925.079248027134	
5306.747944751796	11076.133407844221	
6028.336380019186	7307.686706582079	
7373.9095268743695	7319.228951519598	
6064.098968721036	10040.949907207761	
6941.740775685525	7140.299352693673	
7106.526892072869	7367.6680462889935	
7218.933699516826	10102.780857442332	
6216.530871918361	8493.77158256048	
6177.133233462716	7690.222279244807	
5772.094717129335	5911.962804571605	
6889.221929927601	11452.506660824203	
5435.51098289719	2985.776326170592	
6438.746823025355	4073.003741597535	
7730.347786747124	24637.562224576617	
8370.505650831998	7141.398271922482	
5226.050351729107	9174.92742449699	
5621.411662488575	7329.226676319186	
6472.397255695318	5963.463866088889	
5957.062638210036	18235.218233529868	
7284.493168113796	7510.836067878168	
5043.480903487408	10669.504411991793	
6024.9395307686855	9389.699887602945	
4970.329722383574	3687.6091041425616	
5871.918950118488	16342.85873042097	
6412.3740154641055	7776.845379533683	
6880.3528065493665	7391.176639856574	
6114.847358572518	7589.005749885026	
7853.1378914697125	9899.109099732412	
7189.8268146094615	22001.418677779755	
6698.102974895373	7540.59561987771	
6883.376263196993	8385.891879310884	
7063.549786827653	9592.907379500242	
7157.976287328716	6594.366193657793	
6945.227976825073	19614.059315434417	
8437.331918618429	7828.8248466375635	
5645.199368235057	5966.190450400281	
5139.052854679491	7377.860552644936	
6534.417070978717	5462.478895835257	
6365.233224432639	7419.99950025095	
6214.3433787504155	6547.782399755508	
6491.390775946218	25032.75322073318	
6900.817856409523	4139.175446971629	
7240.030295201432	9549.975340686458	
7472.614084185445	9827.215677202015	
6306.797256381564	8048.173768692338	
7321.531120159452	8035.900794347068	
4393.111251897398	8445.904781705203	
5428.256110585256	13988.603887536261	
6274.835030231964	19966.794517784252	
7371.734837055721	17075.6915790149	
6455.031355994401	7992.615176098969	
5278.771745859625	9141.42742085845	
5104.82013683003	8482.973020435087	
6448.821538551173	3977.518108063974	
5555.483072311061	7063.342869321146	
7252.39870073391	10458.087059133928	
6733.414633575538	8149.090579867149	
6521.618322888744	8678.594361891997	
6995.100880314062	9770.424876945575	
6307.999407784574	6580.322528191151	
6524.68861912552	4716.324762377987	
5857.840504387149	12578.292504420951	
6509.857652468786	8420.54521559096	
6438.861624903061	8084.714372442038	
6247.86067004535	14453.21138682251	
4841.330046848035	8092.577759461621	
5851.504820467375	5368.088782521275	
5660.170746213838	15090.278546414602	
5477.221716871875	12510.214913689591	
5995.478174320759	10009.648160959145	
5705.255463461027	8872.980587319198	
5560.627733528543	14403.102767828515	
6676.977045988552	19662.15061279535	
5392.764193425825	9026.823067408308	
7363.9170936628125	10097.404066028339	
4686.908778030254	4497.754821805131	
5518.938599048641	7787.961713143674	
5012.64914634387	10379.149041600811	
6659.545739299609	8310.818747581463	
6837.413696946802	9631.01512269449	
5937.785207495851	18315.892273794925	
5508.944395366788	8141.686439211283	
6584.473305820655	8917.218066941865	
5743.772860679967	8012.1658642522325	
5736.073778212779	7838.973898392848	
7609.82118082342	16985.719879024276	
5904.071891046857	17434.460108032214	
6273.493072031655	20276.42685616369	
5157.870226120971	15362.271891600934	
5994.370596992848	15580.72893800316	
5333.231915292875	10961.887734326518	
5761.527436728424	11335.115278666377	
5577.157699236302	3887.064748795953	
6021.593933185624	16232.641624976388	
5399.727500441168	11312.14253668565	
5381.330985880612	2813.623386751106	
4934.831358458327	6856.005546956091	
6761.974680218227	21396.775863208637	
6268.245088901215	7467.527806203342	
4920.769694192971	9382.565189624465	
6669.0207050626905	9198.232714508466	
5207.998720754797	11409.13125976051	
5631.2975761516145	6798.161086638862	
5555.773573850302	10899.470640314648	
5248.697934178908	7631.453109987543	
4286.052511948413	8113.575668818197	
5557.304568892093	9221.265857589146	
4756.950986244046	6655.078528818732	
6137.020223995914	7999.277397422286	
5570.365948841409	8273.073563962973	
6590.9676235147635	6809.040095768597	
7058.833630064579	10859.143273542317	
6221.468545716436	8731.824251884751	
7246.318694395384	13760.839290512624	
5907.301087789533	9063.665970536627	
6542.139775016695	11616.552478078691	
6539.832984374978	10456.615718953271	
4368.073129170322	6679.970987273872	
6190.465445396373	9120.68072869389	
4398.4777363992625	4169.809369195319	
5136.602698932769	7882.1258366682205	
5297.88205490501	4702.2684524504775	
6083.997284810658	6688.795703390166	
8267.155083277374	10892.601742996343	
5513.207638561009	5335.207620215596	
5676.658191462741	4529.582510087426	
6476.777208929643	15727.935521697062	
6842.718102591295	10046.292695156591	
7902.021534324903	11267.945508451032	
11829.992254314457	11529.288213491789	
7557.3170865877455	9135.66237540659	
6428.646887725804	9872.856410321376	
6745.928223277741	13193.583635769583	
7105.427333717276	9459.507168655155	
7709.436967583599	10251.828111021236	
7102.0322611567335	9177.027530772806	
7145.179145195173	26836.750581192402	
5939.6887159700955	7765.530418220856	
5863.294456093367	4928.930741061581	
6281.637273826089	8970.737690463906	
5989.7466238003235	6189.667598281458	
6044.291948988426	7555.010670159855	
5755.520432286902	15692.472455308358	
7671.383364564237	11240.952859168881	
5237.98668536098	6290.165070063278	
6288.338666743527	5518.533747568539	
6936.2232727495875	15225.996018743015	
5618.5884041644285	9055.652344500237	
4691.759101664034	7050.577353525598	
5267.7932420828	8138.831914368056	
8745.767012254146	12001.458361523099	
4863.414300990952	7009.044601396647	
6368.228760476658	9335.102613021747	
6860.495494459066	18394.80410408309	
6360.935053488681	8502.98608092228	
6514.4706367601975	21441.627233444724	
5813.392664856904	16990.167028308166	
6105.6538882765835	2806.609905376327	
5982.7655829071855	7423.096118022485	
6090.756403635872	23821.78946346687	
6495.9591394542385	18015.935812861462	
6116.449353852886	6276.925959250956	
6113.424073203412	19571.580880344383	
6041.767545893399	7299.430374344218	
6813.137978928155	11833.990626091754	
4824.127935406526	5333.375755991367	
4502.158500244471	5990.290719597481	
6139.932585492878	14577.41546047674	
4928.608219170368	5219.83644320157	
4453.308369133014	5469.714088084751	
5869.406855709528	10478.820474410919	
5427.145609109929	7208.29058875769	
5722.222758713657	10245.36204767153	
5125.947851754892	6265.993770031825	
5211.036825848012	4475.723474167244	
4477.08427453413	6922.826083164725	
4110.2919010691785	3236.2721101937495	
4685.92437109422	6784.448864458999	
5599.197803529521	4469.8161797604635	
5186.265787878183	2872.297184430972	
5312.715437068114	15671.962700455268	
4660.81800588504	6092.33571507077	
5238.029225623709	7436.672135756472	
5293.159644115035	14020.933754716407	
5794.799402657465	13177.387109386333	
5347.268874038546	6045.873921411353	
6021.135303994013	7822.108412117759	
4834.263404778036	4558.694971893854	
6763.904592620339	26601.552277066618	
5583.265231901663	11415.239862708298	
5170.563172182675	15206.986657767842	
4965.864721157207	3465.0182314228105	
6033.599649842247	18945.071845496153	
5491.261085216965	13044.833981050968	
5628.616863086613	5049.253240113204	
4842.187151224231	3454.596472254405	
5557.763335292879	4203.467649852682	
4909.319717780337	4541.4628351271695	
5868.343998374156	17152.317691398654	
6033.106980234721	7467.95151253955	
5140.970931379045	10144.395893767167	
5391.9353501515925	8962.662946563656	
8315.486072095753	27188.938822819433	
5947.156823235434	15859.403122985741	
6606.665853073986	10102.842617010481	
6951.397754838667	26101.75400496188	
5663.619795168551	6468.217490923148	
7150.368496316314	9180.426462224981	
7713.3948940730415	5712.774242289282	
6600.086655835149	11019.517893258444	
6533.357864808911	6671.502067868846	
6057.215906484239	10130.300542737252	
6840.476461599371	16987.856809121142	
6581.346644557342	19412.718445189454	
6062.070487216825	21237.530755317912	
5220.8542833824995	10428.103797342406	
5970.171327179307	7039.604856217491	
5538.520016749936	9216.975799651053	
5183.093238332367	4879.480813720127	
6583.3667774239575	8279.407954781766	
4809.406215324102	7678.8486320041875	
4555.646165044505	6736.520903683543	
5863.185888902039	8172.132562268182	
5683.334540170628	2678.8900224182953	
5811.323949376041	7149.5765855075415	
5819.768617183736	8934.21849205803	
6078.861867965929	8427.47552437321	
5308.802387335232	14967.093399506366	
4842.785740658148	10057.180430650424	
5110.048012846077	10161.15810050686	
