20.099001635977878	11.10752577260848	
22.747137329938834	13.591677191159832	
21.29241511538953	16.88457181877486	
21.410977326222472	17.139917569222053	
24.64063215086263	19.607374811298882	
23.38375740577905	11.584223441477622	
21.893620965173138	13.497991118498254	
22.254504973700225	11.701014849737046	
20.532686209788068	13.287031884894795	
19.984962004213735	13.645597847226295	
20.99597007380645	11.744553699842259	
19.847283609163792	15.183891084933233	
19.07506388979788	13.594463718094262	
18.873391511423694	17.876029137957712	
19.834280364416024	16.558716086980844	
20.68175009605183	18.52577731231801	
22.458283664153164	13.532994148859876	
20.652074250393113	18.196181483437833	
22.605444746423323	15.74245786160616	
20.73744654737577	13.3728603654244	
21.52156480324854	13.934084756515185	
21.01169814624873	15.131756636114595	
22.996715135960393	10.538505768758034	
19.0789682142787	16.972889262946772	
20.442490750933977	13.666257891721296	
21.42232620959415	13.571787811319034	
23.464365450334828	13.139614586470648	
20.358632301091838	14.9278894904985	
22.726500689790676	10.57837524663277	
21.377018167923826	14.141622788943586	
21.075770199515713	12.642313207917791	
20.46675069415591	13.203612653345589	
20.48925620005045	11.206926047798675	
21.304632563887612	10.923283058403806	
20.84123493381861	19.486347959256314	
20.767603584888377	14.223702879183723	
20.407621612284366	16.988944159517366	
23.747173706661645	16.093117911910714	
21.2154329867316	13.589828521757493	
22.34732438236915	14.108036176162628	
21.86334086677792	14.441986411643779	
20.661738757848333	15.280190324960039	
22.768945652811208	16.125291563599333	
18.3218322639268	14.392630745229768	
20.493494269488725	7.259216536042239	
19.926153657884964	12.516312461745983	
18.91178572325748	12.756680154194832	
21.108906063662005	11.377605125939448	
20.17078941792944	14.801736265791149	
21.707054090421646	19.299258041945816	
19.78293158252463	14.983951089793635	
22.18034267759981	14.045711234091291	
21.75827427815205	22.02750482503499	
20.071664144544634	15.18479560642043	
20.53980397143427	12.555789815327195	
22.238209091182927	13.149208017596923	
21.177417516044983	16.094755965225477	
21.09723372347766	10.731474116443021	
20.4776281448424	16.121139328582693	
20.393635754454486	11.026820509133785	
19.622451140446536	16.91727350054825	
17.29719177075834	12.797151497145775	
21.33997903915853	12.24262706503889	
21.23983438960182	23.029562194941075	
20.643838553706946	14.287700574003756	
20.625068951949785	15.773034057684226	
19.72020318531529	12.02035191139148	
18.49265402765799	15.101130354590875	
20.778338407865487	17.57461850715947	
20.23942723568098	14.959954732882327	
19.783471758332194	14.56154028727601	
24.380340085166885	35.76946398419422	
18.097708706983315	17.475315977973896	
19.37753611240823	12.365252848021214	
20.386895026433788	16.31844335244103	
20.973457768229043	20.62573277489011	
19.40218604942429	17.52961000719631	
18.341608706167058	13.88773737413279	
19.663519117010782	11.254764769406933	
20.06869960957235	12.434725404365448	
20.888526160008283	16.745811142143463	
18.89517866026427	14.257731900543385	
21.6005449915947	14.007363524661935	
21.371510709650163	11.29781288839761	
23.000711321537	13.945617181081337	
20.6872389905245	17.276649952011965	
21.63137217072539	13.561299350796666	
21.37354079250471	22.652519192056193	
22.35775159089762	13.361121406490545	
22.552374947152106	12.733293154565759	
21.319758320121284	11.454058427489944	
19.715149859111385	17.44234146944946	
20.54430553886134	14.936213027719745	
21.17267463442423	13.963989300048492	
21.96075711980579	15.911377643095896	
22.55001459174099	12.175900268564408	
20.064158184506038	14.593578042196773	
21.50825627757029	15.896862866343023	
22.25395797510748	14.445488171927709	
19.667831109868565	14.26557584650117	
21.6209018813633	18.198001966229477	
23.868157230299676	10.952961833664672	
22.478551619529913	16.703441728404176	
19.80689900081906	13.099074854597905	
19.429340469045165	14.242398619157287	
18.069048770560677	15.208502164234368	
19.30388161943777	11.763654659675531	
21.56190750155202	9.356084145580915	
20.936433915090568	12.91723923114789	
20.88545654876757	12.564093237769367	
20.38773121088475	11.028938829775052	
20.385185447575285	12.257279670282083	
20.363544422698784	11.497380211282179	
20.859668674750022	14.996049319372794	
19.242471576483588	17.311493413150142	
23.62418061002908	11.794060429757772	
18.788100219919208	13.96877811743586	
22.98393976102257	18.510419513636407	
20.305874711346434	16.140335035140975	
21.070608372767225	15.970230131758024	
20.59582916551282	12.897416845035345	
25.336655166832816	12.802915119610256	
20.754097653306147	14.169694121768234	
20.14162143577356	16.98292630228217	
19.87050612457734	10.353134862833796	
21.751888116640647	8.971867373197414	
19.900653797512824	13.268925087979587	
19.98047979926803	13.987045840810373	
19.655254458215502	13.06531840874138	
17.82463049525019	20.91058867933553	
19.898907200165187	13.330546800814744	
20.613450989002597	11.891000074648538	
19.722240460686642	14.371636559377437	
18.995968691647946	10.797228021221871	
19.81257169410387	12.65274064869279	
22.305216745128796	9.782117262825762	
21.182470542358683	17.12726617293075	
22.239089782071506	13.548245542869106	
20.13797652982067	12.488726666930438	
18.71644089739676	13.492794720678903	
20.239455222723294	18.529564501698776	
18.633353536788356	11.571423433774576	
18.920285931603544	12.441313108467096	
19.717722919386148	19.00897410051618	
18.877762697252976	16.395337372759226	
21.194385351202996	14.62462104361235	
21.874039404759625	12.284702893993927	
24.60520692820254	12.4305082558515	
22.235884876198597	14.932349025796777	
21.792392881001806	12.136540431847637	
21.86166996120427	13.603095668802581	
23.04202144340754	17.775939032676565	
21.707369545751025	9.61779488802468	
20.633472862844734	13.696140299264304	
21.64914353589882	22.3605047980602	
23.442126671784326	14.656045736348588	
21.962647698521508	15.394683231069891	
21.47493287157337	14.08548175086028	
22.510947779488312	16.959574181700223	
25.55400127282836	10.234474719047705	
23.329356226805704	15.753436566770635	
21.721753205628012	9.29069205592797	
22.025711618529936	12.081029958382489	
22.612626828753136	17.97481683149116	
21.642106803126744	13.768183895739053	
21.11033969227036	16.467928748673522	
21.22973382577843	14.165461125775249	
21.740205503940643	15.165191712394222	
21.137908723145078	11.803364536390488	
20.19504948287086	17.442549113316304	
21.140453023410533	17.879159676696375	
23.945068870128704	18.147151408043637	
20.764609325583315	10.776959155787297	
18.50696374577967	9.922549130920137	
19.837957003855134	13.230397555772187	
21.586762338257195	14.046596170775898	
21.52910298696527	15.800162607615102	
20.978727224405322	13.494180567144946	
21.073247069419402	13.757957910004466	
21.478032415754463	11.488523149329767	
20.901174026020378	12.917114572502891	
21.0595587356861	12.110366511867092	
23.220103371983395	13.846641509430244	
21.600774748007964	17.466941891997312	
23.365449664177607	14.042965783715294	
20.29238714327895	18.81554077796652	
21.10629170635639	13.663598074434402	
20.84450333896832	13.396361292802416	
22.007027906842634	12.725089716531311	
20.56185122272231	13.239442530297248	
19.31769991130408	15.17529811736117	
20.340718980680922	13.882651613123056	
20.986219496186656	5.13031338077754	
19.173053421300445	14.624011008058522	
22.190498433913483	12.595853496379473	
22.602802860824927	13.306701860477617	
20.289254224426138	35.39956183967293	
22.67402738151513	14.450491380403498	
23.519454360318484	15.77790404762134	
21.04522786622631	13.292950866836746	
19.3055564811674	17.550791371098423	
22.29884783239568	14.16552957263829	
21.507713046469977	16.473739792344983	
21.46225566891122	14.648137615586673	
21.34549225562685	10.613903196308408	
18.92462063176393	13.127511518017144	
20.83836031385337	13.774493843452921	
20.034620086066617	14.620602118973817	
21.228314576563502	12.176208242189686	
19.82317021751476	14.085440080554985	
22.528720954945594	12.142206452988274	
22.75511712167418	16.72887161348765	
20.81922649976907	11.598944159209443	
23.670191543956204	19.21658767281868	
21.44421486034082	14.630896522124075	
20.041047143308383	15.545524029398626	
21.11962379203104	18.038904804006762	
23.901309854787847	16.517653187472696	
21.795791764192867	10.455512367292306	
20.96641127132927	14.033026874807145	
22.236577723591765	12.795708305107528	
22.72492730110881	8.63540624978565	
20.18034890443156	12.169288095940932	
20.62742024658448	15.675283631837086	
23.156236124971432	11.351475635997126	
22.951272265948646	16.165346299503014	
20.431284435733918	11.670556882889024	
20.83321799210072	13.361866565173944	
21.581430139665983	16.787193413879802	
19.709725856396215	16.777915435729664	
17.971291351803117	16.883008122183664	
21.172787886554257	13.879783648484262	
18.458159883987296	14.16045157186601	
18.70531292812054	17.745142656627895	
19.79945623078799	13.208368465436008	
19.488294534409572	13.745206824808198	
21.247439593534533	10.057900047932037	
20.394402098615387	10.213107615337417	
19.59028822156333	14.414966402563273	
23.27496597389323	13.066979744965371	
20.92702231519215	12.984423363859024	
19.960852290209665	12.021390380866716	
17.889032955610727	14.055508650400903	
20.021702637848616	14.152769259397365	
19.487570946663165	10.932146345281502	
22.833911446773758	12.369784737314061	
22.78708293162358	13.336968958041416	
20.22771136562167	21.080830876971493	
18.94270715882753	14.165059869546756	
21.296119679770694	11.998534551336274	
20.254449689286858	11.868481416122929	
22.37163230864133	11.480430975686042	
22.388366807218137	14.586431474465572	
21.773675009813307	12.580583469723257	
21.557181229935757	21.999341216676513	
19.68972628682443	17.34471445397252	
21.67559994770357	11.32989950249402	
20.824013222469002	15.249146668889772	
20.78224740495352	11.716193719078877	
21.475767739700764	14.789823036857294	
23.885682958937974	5.872403302901094	
21.321120532584004	11.939407343898013	
21.21287635895279	16.527953763337823	
21.4099539254934	11.990987921336924	
23.18765391890286	15.923728077508546	
21.55678432531496	12.48770613825438	
22.336847880188348	12.027578892998084	
22.93851040634465	14.3455363338299	
20.62318359593799	14.064342844476128	
20.496348574489925	18.299674279926936	
20.073676423655368	11.933951555178888	
18.042497289223906	13.091734528259158	
20.23597779225305	13.607894376562928	
19.21897523911329	17.81943395482845	
20.73491034743058	12.463211127881882	
17.805121855285297	15.094393362727217	
21.457774368589728	16.566830481240828	
19.629521532153525	12.329994655239236	
20.302436664750488	15.385403730864057	
19.36453161250085	14.318562385560368	
19.035435626866526	15.317886190312576	
20.665654811172047	15.49143314126053	
21.89360164714335	12.421953757906264	
20.401100868509513	12.14845761872505	
19.64369997013839	15.729899154912587	
21.348302526306494	14.614853099201785	
21.490296300807383	17.446146251387336	
22.55572964848017	11.467726800871139	
21.533299449107776	9.25946004551602	
19.527267748898403	9.617958159156636	
18.37706112055023	14.292863840695462	
19.23448954597403	15.401739682818786	
19.605896369202423	14.764035465358798	
20.729343990307125	9.004173344538787	
21.536611012924755	21.138135024218712	
23.495742049408115	16.775130838381276	
24.37025887919583	14.876978801209921	
22.335861770597262	15.840592489326996	
20.18746381436929	15.819347144941716	
19.842588109583687	12.134820843616641	
19.25890388390589	13.234544644127244	
19.398492610861055	12.43569833658258	
19.402280120165813	13.4149188606272	
19.278793419066968	15.069849228822049	
21.495139899579282	15.338649733872243	
21.037520760731553	17.559680001062997	
20.463888528963064	14.240107499020878	
21.448633843726153	15.112197678833404	
20.167535051811296	14.10363308400771	
19.627615635105066	14.77145889529132	
19.858765952363257	11.195625967347427	
23.381918691369112	14.06683248207859	
19.60640413361467	13.609659883912604	
18.289889712706596	16.58861232892303	
20.63543092639053	13.812619953904319	
19.23696141796495	14.201252100732725	
19.433866123712306	14.607548713098694	
21.10823445695582	12.37201366700795	
19.411086782892678	16.985227673022	
20.021018307930298	13.446446395113654	
22.187514976689226	12.736569409511278	
22.959240589607695	10.464715693803242	
22.436693199138322	12.874172812961021	
23.566426514011916	17.901835027085685	
20.564519769528534	13.503430835742874	
22.602153322560945	11.406996011561235	
20.469161251303678	18.168879252456467	
21.106457253174234	12.511448588136572	
20.309707866154945	13.145824220019584	
23.102326430801984	10.08831753036524	
21.265987035010713	13.349346656667976	
20.986002259799154	11.174398861366274	
21.448397328636705	19.255291560536328	
20.503712473929173	12.878556424754583	
20.327678755100397	12.79275496969369	
21.86731025547918	16.89542270425369	
21.243527145918662	14.517388661580604	
19.825480132719854	19.0991619496942	
19.221658330227083	13.656673351311639	
18.359344632343916	14.136989820225107	
19.83489390834026	15.267070545590217	
20.363602162104126	12.268947410545904	
20.404388434150967	14.76802698027746	
19.67716793827765	17.202144891261597	
19.498363492798482	14.493666588914468	
21.67153788437677	16.000892737243966	
20.34063624387578	18.791770769406206	
18.81283878918324	15.887770951870534	
20.553557990346707	14.392679044175757	
20.77362662985218	15.962147472140952	
22.85007673775498	10.647638812920126	
23.64564873758642	12.213740574783971	
20.470239447887025	16.04532256405549	
19.377304588746945	17.748408791858886	
18.343279894512143	15.342807939071555	
21.100776376467863	13.76131960780056	
19.666433807723802	14.363351244548431	
21.043252226052196	12.482417901162146	
19.622322975267707	17.0665320364411	
20.141942425867462	15.472072093973058	
