16.011232544114947	19.817286576633883	
16.421319022497087	22.053735518122316	
15.872161372506367	23.577727854156816	
17.413980892101286	12.579876386005331	
18.308943174037505	14.502053563971067	
15.884617580618892	15.968598598412475	
16.74200085534854	14.9896675083221	
19.103208799711403	15.377058422264248	
18.64553998755105	14.728561492713364	
16.404917004667798	10.035707082272335	
16.793825384011157	13.831509223608094	
14.554745406775371	16.23593967087103	
16.343490283259268	13.892541353205056	
17.523771822155478	21.284123415550567	
16.49767891889297	17.31645877230567	
18.120585173201473	18.05143998129766	
16.931373568317426	18.259215987780046	
17.85293945809443	35.40478537917476	
17.047753227343918	17.020784973065638	
17.010554794286435	12.345026622445182	
18.387963134432887	12.672989515353647	
19.966240446596217	24.687000700009147	
18.24628538258266	16.53280223827829	
19.12264708682074	14.750805649247797	
18.548453016130665	14.021427134276703	
19.584555504668096	9.977917661147444	
19.445109260207932	12.449848410649686	
18.33727732517904	13.161865904515674	
19.866015753503696	12.725883557876005	
17.845541207250612	12.032912623111413	
20.58284928203854	12.690327460219871	
16.08250744308019	16.869778811051695	
16.35172900653182	15.720472712873564	
17.404285074504116	12.3268698570583	
19.951196928863098	11.348590231232855	
18.291778125751716	14.156457736451028	
19.347953424997662	17.653655464181092	
16.837799933539973	25.55742562960399	
18.370842343676244	11.965156880026125	
18.963289423912457	17.104645577401737	
18.632137462184925	13.263020704417864	
20.45614261145032	15.08793490368017	
17.426867638310107	14.331159735374246	
18.047067055962206	16.195971367276098	
17.02561644124619	17.020512453921363	
18.768662692875438	16.3778903369493	
18.52040952948891	17.39545563532316	
18.7231944693332	12.883401109406778	
17.65925639160924	14.687330456772573	
17.34254165031398	17.956501739858037	
16.013551855812345	18.42778638485298	
18.26941544420528	11.231137993118415	
17.22391105265935	19.394487431783496	
18.500296180278205	13.365310511406484	
18.789353518019755	12.56984467698243	
18.76914067110283	21.081432487050314	
20.548698146207414	21.186640062131055	
20.02045866801662	26.049043907352452	
19.431749983369052	19.673873897295643	
17.225948198902266	16.25392863626301	
17.231896358415398	14.639321914106242	
17.70607641063026	12.277120082777682	
19.47482510254382	17.27935076872875	
18.394309196540515	12.050636048295821	
19.026083659868565	11.056904929313065	
20.884396033358158	21.47497551088573	
19.44335671143591	19.74060242780435	
18.084542102506067	19.851088310725533	
18.10568323996104	17.93505414198054	
19.006081134571197	17.558354936011977	
16.569173918111616	12.790978141315867	
17.32863220796965	17.422362901399516	
16.469601240565606	14.090149278193602	
15.56534996342513	18.828065463175687	
17.541015369611486	16.33649191390694	
17.53835123356473	18.741580846506707	
17.42601474330236	20.98162811963468	
17.528954650606856	13.746058128514358	
17.03071056904991	22.19785372941368	
17.425758886768527	12.77402352791065	
17.610238846658287	14.601898219592178	
18.739851495830102	9.038447696107426	
17.007207615055293	16.219170147834323	
18.53321718973616	15.991010964201482	
16.599657232039277	13.441836014658415	
17.909444129127902	15.222038719271811	
18.152802647508846	18.344821621443586	
19.22745960433753	15.308180337570299	
18.029388562018017	10.60855906369168	
18.216561371391354	10.359821055189455	
17.92682605289078	18.655209588410013	
17.89486068617526	11.76794700541061	
16.701409940975875	19.513921328009644	
18.310535383812148	14.38504085908315	
18.674562765529423	15.969770765306572	
17.762305361876752	19.831154937431386	
18.68788251803019	18.695180094686787	
18.14167615700582	12.091634564308082	
17.728804107045463	23.728558922520698	
17.51611500994796	12.254212599319773	
16.73333268699662	15.058034760010742	
17.439345522322178	17.843411746671155	
18.053125723441564	19.582244287854806	
17.61416806362231	11.440927556767985	
16.410068411553787	17.86525571363442	
17.36934891435362	15.748050454330828	
16.00927059699471	12.12722876564808	
16.59827542739003	20.8890747727062	
17.147361673234137	12.835945998825824	
18.540158432370955	24.175302212571008	
16.920097518750314	16.842584949905994	
16.38480922020864	11.79895315195423	
16.967256289263453	14.160790185103444	
20.61636943642717	25.09484392735816	
19.155537611260687	13.094594868226054	
18.548132894332998	28.946698808988778	
18.267159948537344	16.22808155751672	
21.022693980435886	22.498491135289274	
19.60274422521699	19.579254661937075	
19.9260991817744	12.867083498519651	
17.914980983135106	18.115892402265924	
18.35275589204917	16.034807371476063	
17.643594417611997	16.99427444443594	
16.436505113070652	19.48535302437214	
18.587148643387316	12.027261988966789	
17.483249369736114	11.693113386146383	
18.2287243956376	13.841019827838602	
16.930683091820686	17.16908381136516	
17.770063375181525	14.373115251276388	
18.296609646397577	18.399410133470738	
15.741594297259777	18.260485875954437	
17.849808719704853	17.54086877365372	
19.218940578965825	10.800684588623694	
19.218059522955375	12.623565195566618	
19.254477064846505	21.45937887899928	
20.83849127635824	13.39610898210704	
19.48676558799131	13.67286938184218	
20.353948390989995	21.282091429165455	
18.852483404578944	16.874048739563648	
20.325937780936197	17.329604567988667	
19.141679754078364	12.626100570268362	
19.832495451784265	18.624828532639924	
18.566086187666542	12.636667459559474	
19.105625133306557	19.83666125915902	
19.682062754531056	14.400796523018096	
17.95960094757105	14.3354248049565	
18.367603112642016	16.64648083565129	
18.835727658557605	15.169821814343774	
19.8002225680214	14.303899480465754	
17.48356083416151	15.728364953000892	
17.789715575955057	18.62685976495227	
19.06991220798937	20.749948217436597	
18.758918802040437	17.70296603699186	
18.639040785616466	21.753888978374185	
17.93893452574848	21.199565849492934	
16.831381177576763	18.674502807658516	
17.704294807801723	24.51941687949036	
18.742751177231632	9.704562112750242	
21.038522551942147	14.237626739640382	
19.80204914956008	17.185539030597138	
16.862097063400487	15.692866427571808	
16.41772052201548	23.645909132745167	
18.465685427461988	17.720584412640108	
17.42002731458844	12.79107340843836	
18.061271067826596	13.536537097092387	
18.173479979148723	19.589748746723203	
19.615441793942004	23.31395131431227	
22.312762526095522	19.567667878778458	
20.257865882491657	11.230502573073208	
19.161817624174162	15.151780279919363	
18.31622144531213	15.795737796164081	
18.077948718641128	15.105769301052552	
18.05176165660939	18.402887400503566	
17.630390699042152	14.652123714190886	
20.827408655902648	26.874873294454204	
17.131232203736136	15.090111015687771	
18.013389616944078	17.229783297024383	
18.229423957909653	15.667055706215193	
18.695719918494373	17.609316862885667	
18.690198854006134	18.68449182658943	
19.35469569129641	11.831180996169085	
18.91594694321327	21.49601078983917	
14.57003008469893	20.591954331788646	
17.32956866424707	20.35836744555327	
17.916823771461814	20.4556793789913	
19.02079426477525	13.813632730397016	
18.4302922062619	10.000180615988858	
18.518002461501233	12.554067151583336	
21.07158436981315	21.412457475954437	
19.390648853196236	14.44494439080405	
19.480738751045507	21.70107513796491	
18.186870758421197	17.346630061566046	
16.23245073470954	14.065148425202826	
16.656864065806168	16.003836510905597	
17.808859714122494	15.979371155887776	
17.810087173367798	15.195808206296654	
16.002475766986155	20.498658283147495	
17.276476700970917	13.318883274493457	
17.0323956527304	26.37613167148249	
16.5850438756443	14.580942326254252	
17.051006203810147	13.259764221532732	
17.663747584290068	18.638722354156524	
18.061199853284243	19.600534046769127	
18.046118030754283	9.298165908519232	
18.767023462730883	16.497227998453983	
17.878424046480617	15.281045426295538	
18.124864291026196	29.233555037275114	
18.677827534729218	11.671136452231732	
18.7394210087837	10.451644409942153	
18.257174652605713	17.433784989085606	
19.34462639428223	14.308519706041317	
20.228351728129315	14.675868759069875	
18.062974105770703	12.703992185754432	
18.619606919915572	18.07679243803966	
18.241868860259746	22.239274945004226	
17.61437360554477	14.579484612564706	
17.54048955353325	17.316409029493308	
18.746265914890053	13.231368289649739	
17.311574045112156	14.49556472235738	
18.228333988117814	15.68407567587389	
18.887191049864683	13.232064578084824	
17.9556713063901	18.03138939788924	
17.988846491917936	14.775934447841227	
18.03947348482024	13.049822659042555	
17.558638487222932	12.543938738755157	
18.5954668809525	19.779739385580747	
17.686774748858745	13.592837467796018	
18.036876743568858	19.994761882946605	
18.51057176888489	18.51226497885842	
17.307215829258315	19.008980297873048	
17.5900166865682	18.593743546492632	
18.8025479084025	16.989959000174053	
18.30308186814406	21.53656040728204	
18.498316596730156	13.728339200176885	
17.461983809538225	14.253090869469025	
18.984270221387455	11.245313172095523	
19.099682680718868	12.398882179991409	
18.897102200080205	14.250705823448392	
20.03012259881386	17.740814564655825	
19.692288491854537	23.745976001770565	
18.577469973523126	11.068444422503763	
16.92125949555621	14.665786704905686	
18.103574307607246	11.76110150952806	
18.838503281951212	9.022911949559573	
18.173295827261693	15.214202802015055	
16.742956502941272	19.004243139202245	
17.3715713645241	18.454193355843305	
18.745837990300224	14.643023900559585	
16.808657457789405	20.87584022246828	
16.37168752561025	13.890168085176448	
17.703631634693174	17.070942759370368	
18.52108321813331	11.952666471346125	
20.61775433120478	11.834284308087465	
18.931020523583683	13.02363224704365	
18.20601847953118	13.808706111885074	
17.989546089191595	14.675315440621466	
17.978865381317686	11.882777662125434	
18.036992326154053	12.815784530075115	
17.361669946704183	18.72032033469956	
19.376560131114918	18.043142900962003	
17.367811353502123	14.703734324114716	
16.78941249380507	18.303693955192273	
16.20192293228675	18.31348076699486	
17.346805482388568	15.548330712096273	
16.69613521003685	20.108528778280203	
17.588660843675477	10.100905960487017	
19.39281934277489	23.436857826930215	
16.469671417976336	9.569158957952405	
15.681158753576163	16.070149423753406	
17.06602036666875	13.018132998131955	
15.84266735550692	15.61791416247503	
17.58463669028932	14.31717412411155	
15.872341582249703	18.191149882354132	
16.56918499814766	15.628685638550795	
16.191322567125876	13.924935401284511	
16.325354143811666	13.953036682383082	
18.23659949777637	20.227290072703937	
16.539844773146708	12.649211004010926	
18.386798651402845	12.884233950381416	
17.7686389949617	15.831532379307324	
17.762986388307805	11.304106244941611	
18.725706496130243	15.373850521999799	
16.68207235106633	19.953853514695204	
17.369701038617727	18.7948728045576	
17.340104755923882	17.967757679969885	
17.988895651405752	14.135236297761384	
17.34582077561935	17.790439707751013	
17.38269784135424	21.69889024208589	
17.67136654312067	16.517509217330296	
17.683535910624666	14.933308156257585	
17.620630673339416	18.304293709749768	
18.907646833897186	14.834320048242944	
18.685028683081544	14.383048567439698	
18.957646023005008	16.31487305253856	
17.130893708907475	11.716776827034002	
18.1437188690603	12.71649278644222	
19.06734326707391	15.598132538398296	
19.569907013521068	17.692697359090033	
18.48007290748685	20.619569289810794	
17.077696951836792	12.572234805102994	
18.751791055170045	22.013681439425383	
16.484272833398194	19.50241992028306	
17.437903673931064	12.394384934442288	
16.39268697123505	17.452614554395854	
18.425497750638833	19.18491360255319	
18.043905496335082	13.539565470680316	
20.517324423186714	15.498075995316269	
18.838918721503223	14.05790515044836	
19.082356822927817	21.502950870343792	
20.180296315183774	13.822672430623733	
19.436276993175113	12.921634211495702	
18.632589082883083	24.993677292501776	
20.388134707657834	18.5303109936072	
18.470481904839346	15.55562008432628	
17.263148546332538	16.036529009325587	
18.376174558556688	17.93944830595618	
19.481881863451683	14.975912662225491	
17.415657260898104	17.789688634563703	
18.30042758716365	9.525702580475649	
17.856434384084025	15.435410193175407	
18.273163685792788	13.255832032700201	
17.60501504368201	16.83018192578867	
17.226844501385415	16.866828896480587	
17.07915112606598	17.1023642264312	
17.588159565611523	12.445299456328343	
17.984259304669635	20.262183405308292	
18.082579914325162	17.90616815803089	
16.958136331287843	17.241620129926083	
17.640177370522938	12.104393770074905	
18.00213601019565	13.974871086443684	
17.321531824520285	16.652922871232647	
16.039354336463237	18.147937790743423	
17.502245814674094	13.883642776877037	
17.2396061224531	20.609120622034318	
19.220554447546586	21.413581816445188	
18.53887292899842	15.560813072288445	
18.62550372008765	17.290785050762373	
19.049414778197136	9.641612137256452	
19.015645282006744	18.230398275990314	
17.698675026471673	15.165214814787205	
15.258058538577442	18.65922438383037	
18.074490803474067	14.439323385770246	
17.609355367931492	13.91996797226466	
16.710088370594363	14.985857377936332	
17.392752031170374	12.304785401912795	
15.887053130128407	16.29072576710031	
16.36903010851654	16.332113856888167	
16.894406821912195	14.441940063227133	
16.622540432771366	12.468655460737322	
17.144881790577347	11.986189167214174	
16.566931228962286	14.013619671852744	
18.101806340850676	20.801221964210306	
18.989307718538566	15.147558904016321	
17.365742535247602	12.390498031956922	
17.030834102985246	15.824537361174253	
17.712667100212244	15.304685329239184	
17.20738903811182	13.640601247078337	
16.30635683409556	21.13493146627585	
18.100181262762824	13.143988161927489	
18.046514576668223	16.812081269546255	
