22.5047284345625	14.008522694988747	
22.56267230112565	14.251113583830582	
19.95992481312869	8.37758850601168	
18.80194296616911	12.853477239497533	
21.923056360184404	11.833348018744246	
19.602568362711384	10.534364443483023	
19.0417134681992	11.141397445218233	
21.443947440764894	18.36479564920312	
20.707175145522758	10.236651442984643	
22.501067160119906	12.69646688779715	
21.8044590012913	15.027884983671058	
21.771533571643875	8.985409073723085	
20.579109496847856	9.926891500806258	
19.481468804733318	19.0662199724667	
21.750133089058114	9.335844341878502	
21.55232499243108	12.230052204568931	
20.935430703198573	19.31105841490224	
22.444493649228498	9.9281166539823	
20.954262640860204	9.180872469204465	
20.728659804979117	8.234819862356508	
18.958134060232123	18.953252170086298	
20.04329599334637	12.389560842580607	
19.740650734250075	17.808872280466446	
19.376405732993295	16.120606735138953	
20.47403469628975	14.06244929710396	
20.103802099150553	12.173364246423189	
21.259423712389754	11.182750355363476	
20.811949603298796	16.041003571542586	
20.292072699894334	9.630354905908959	
18.310736800486563	21.190992758302837	
20.601592937440536	8.773231655605102	
19.554753346350815	9.771698513319091	
19.026872892043905	12.022439282740784	
18.72709302537423	12.68859423949435	
18.416221110392083	13.80038489928661	
18.831515564857416	9.188271059607148	
17.21869734372727	18.612892542877162	
19.89908859952093	11.879103330315607	
19.07489799364085	22.030630034691978	
21.712753208179034	14.451895134548987	
22.04180118712378	14.802496358361289	
18.717154761049255	21.745120814667796	
20.780067893469866	11.488763427241334	
21.700604681834452	18.66985927154433	
19.466045159939977	9.116083111426853	
18.035087293173575	20.664687861300184	
17.825582412301834	21.209999721222736	
19.432672452872893	9.04880672221334	
21.10034611385045	12.75384325673399	
19.212377991657593	12.681108423200213	
20.051278666732816	13.54992968564821	
19.63931942458686	12.455551574026815	
20.373279116077505	11.482968482760146	
21.276307033573843	11.01402878127152	
22.392180547780967	12.103721857166617	
20.11431583460407	17.808797601249335	
19.565695915706154	11.852847774975688	
21.643507249096107	12.347996179318528	
20.54478038945543	7.876905698308963	
20.744106771210152	9.161088140405703	
18.49339116591234	15.403274774839138	
18.31918549570156	11.284555054015243	
20.733372630130585	9.200472833371352	
19.113658922845197	13.70219581348065	
19.15124701391702	11.564731554335705	
18.02220675454637	24.848952537392613	
20.161656502893894	10.462302724869161	
20.10504747475404	13.53320481714544	
20.135242990985894	12.237298905231516	
19.146297913988118	19.638761694647233	
19.064515415567133	14.744131364892587	
18.791739784162804	10.561114548365364	
16.85939191554723	11.006772463936453	
19.860568601236704	11.259566751762959	
18.954962408225278	9.431149248351915	
19.55808800645974	13.38019921918832	
21.572293727186374	9.043499735578868	
21.45891880244049	9.779018783713461	
18.60565838192427	18.044862643402155	
17.930268968839364	12.042344312051242	
17.984090147181995	18.61841182499858	
19.858729290601616	9.993312133585713	
18.409115333556947	15.989249819001081	
22.092651258050537	13.792942095340258	
21.227068750495775	11.572779808698778	
21.105501088219302	12.870409940845493	
21.28891158213109	12.91826734494346	
19.615819075362364	13.830566771005119	
21.397914509176314	11.389080630308131	
20.534462491898815	11.54337803810726	
18.447549568050793	12.518452178134321	
18.02217367466063	13.29328428261439	
20.437146854251754	11.808722512497848	
18.809695043598964	13.035569308462382	
20.876027669143582	12.023028262080164	
18.53483323069432	13.522906293746873	
18.319832508594946	11.700707590706948	
17.194502192320893	10.917518929300018	
18.82788629850681	17.00859851652578	
19.67127244951775	11.823701314553883	
20.327801953628143	19.692570071120546	
18.408845032509948	14.851019320147289	
18.240780395788363	12.64974705127319	
17.974254962891376	12.954204109970059	
18.53143118296904	11.411996787953234	
19.824170879643514	7.653409327733642	
19.73811839519502	11.68799449363049	
20.77217172822839	8.983726141187134	
17.774374168237802	18.10533409143833	
18.246993326231397	20.21905683939516	
20.77467850761646	11.706854846568271	
19.96854666064794	14.836058669566013	
18.620485288246435	13.662210319166881	
18.79498727246403	12.715248999665983	
19.587486319717247	11.727875007819389	
19.790576094592385	14.101782250643627	
18.795349567191376	13.616693373486727	
16.57212118907166	18.882798930612932	
18.45011303334291	13.70466753963042	
20.83850340983365	13.716451431443973	
20.429675561442597	9.558076201406001	
18.869598240804674	18.74681138278338	
19.674527508203546	13.503820820130596	
20.74601897969453	10.55922763189422	
20.873688109188016	10.07305035436688	
18.554646796456204	10.728780682714433	
18.72017693392905	20.42322310256204	
22.142918187070574	8.066660326863822	
20.98035760499227	10.681563624632222	
23.570478747391142	16.72739482510761	
25.319754645133965	18.04423452965597	
20.652866708991986	10.811105041292384	
20.058529794640496	12.438586582329867	
21.709250179283526	9.788873067583287	
18.98708403214615	21.400071246397854	
20.237176307592385	16.168011921776582	
22.016535573692362	9.96193409887471	
20.562390611987457	7.77446920924331	
19.02017132515669	12.79210869813404	
21.375068888854063	12.903355316829316	
20.0524846985826	12.003126076505112	
20.092784037072907	11.697781690679056	
20.73897045938076	9.636780602747127	
21.099968462025537	10.972894977668908	
18.834444710168228	13.295314040519786	
18.591885728670487	11.862478658343438	
17.4972541122192	13.040019320744655	
18.081836843282044	9.132448864397185	
20.066279079328904	12.08661811803602	
17.38560144939367	20.70125908758011	
18.66234463215174	10.80802281929464	
20.30155901183609	11.896265893641926	
20.699626670970517	9.224858366684519	
18.571553211735107	15.662223155996756	
17.547234797784487	15.836066729630655	
19.02599460667603	10.750955281354571	
21.170716353349498	14.503291221569178	
19.09705352503528	11.30213233106087	
20.798536899578085	16.118225340931968	
19.305525227019007	11.513254926384446	
21.168560036875053	10.665247146119658	
20.006903944092105	11.93429206494007	
19.812505825809513	10.458893016323946	
19.435673753888892	11.945073210358084	
17.369335468815645	14.727041077539688	
19.14133016690465	9.75316641321144	
19.827542451696562	9.890887026062034	
18.475251701605593	11.371307784668328	
19.047716210480935	11.987809663110436	
20.540753107854137	10.967149678573211	
18.754028283609614	12.956521334512876	
19.086850952859695	20.177672437102494	
21.893333154677038	12.552114242762281	
19.15864900636262	20.69874928024309	
18.70041720145612	15.979761483203333	
19.621402116878325	11.913388473799946	
20.532628075276552	11.24058968633227	
20.331196427847026	14.010748903326515	
19.457074656972388	13.798347066006023	
19.40922059736308	11.68436483435178	
19.83156409314231	9.374356106350998	
19.293879855151694	9.875197048103905	
21.100964801631132	14.386700466718247	
20.86298113151268	23.23072556036598	
19.383062543279205	14.422920332810193	
19.30638647944404	9.781301190040589	
17.048859819881415	17.646723730532294	
18.31646298224573	19.131136400020672	
20.14442968313568	17.924157666101536	
21.676849012453395	7.813213235847812	
20.824159799192024	20.01072442025782	
18.843058232413732	19.152361387853183	
18.909591563505003	10.600815452311691	
18.056781770079976	9.963415250502448	
18.73540851056371	16.762502425656947	
21.024078097104663	13.478397903818902	
22.517691967377566	11.08318933379053	
22.568041348080502	7.5510857496838755	
20.437275216295646	13.247978265957444	
19.235050421486022	16.306701611099374	
22.769064820038455	10.582586689013223	
20.96443815907379	14.675204643704353	
22.168978338904793	10.989696402669914	
19.946103529161444	24.603333364849355	
21.706322686959783	9.960535883665305	
20.247022124854944	11.075203976192373	
21.64883766918465	13.93456705252648	
18.790999516271132	12.43789211610966	
20.481405100595833	10.358832717083326	
18.126665940482496	18.726060207241243	
19.007956483389663	17.044534952339454	
18.874293767091565	13.569398008620542	
19.55458790067742	12.527944125067549	
19.276582113486576	18.160546535440044	
21.372299298939588	9.614867514326805	
21.19273487007703	12.311971164953198	
19.14964403497525	15.119701699492605	
19.76188151654752	11.996364124788327	
20.398975937909935	13.21316807589412	
19.837769282522384	13.760308370455393	
17.718486105257746	19.88907041234972	
19.61732543183876	13.11136604593921	
19.96252858827737	9.265568763638017	
21.314638947576086	8.587620157777943	
19.79308692722325	14.309362065980123	
19.509306869686394	8.100992823240492	
22.032945288581733	9.53464553093219	
19.000692275783845	25.544360852836107	
20.02207854370537	11.842307437703957	
23.33733866428299	14.369545704290806	
17.988718932664856	19.3000957183635	
19.55856068373429	8.965084228138094	
20.843556669412003	11.934378608725497	
17.883985379241253	9.878541383822673	
20.068848950344115	9.574559385363678	
18.67967683056073	11.662918523504533	
17.144082512355403	15.608039869036132	
20.73425281913058	10.84966000946843	
18.800792052562684	12.57158207338972	
18.936743520428074	13.928295136721532	
20.266665072358638	12.149232595216	
19.888665180061675	9.783131827414246	
19.423765735644196	11.009841858940675	
19.23206608148564	11.203414474682239	
19.500815807085147	8.950305786767604	
19.764921141654266	15.359583545658433	
20.586007264324017	12.565107748566236	
19.249992189321464	16.38925854795142	
20.914369541814718	7.569818411719799	
19.62088178919928	15.207519258379191	
20.89281684691943	11.49575318160989	
19.753747779014482	8.71097111462916	
20.050235038179842	12.451909714548167	
20.0609931726656	11.376144965212188	
19.45890637217339	9.207414428074527	
21.01763517521978	12.714053234348892	
18.35714122905212	17.659636460624256	
19.63861444496322	9.310951300673603	
18.589854856710293	13.062682010848823	
19.890968317461027	13.22238541541001	
19.60977965636558	10.524497566725557	
20.686552182522817	9.713079846445918	
18.833446948976416	10.068811119247556	
19.39421954317994	8.828334330379226	
19.323735078349948	8.328113824504149	
19.284741813030944	8.104307392233334	
19.328969577713526	9.311134874902958	
19.24765798203438	16.532710519886493	
21.214089748026453	8.301265067350966	
17.538017961112004	12.444301015916977	
19.29474231142844	12.070177324652574	
19.109287130967317	10.103918934333313	
18.525007676689107	9.853520727787393	
20.491471713670986	8.72383463946759	
19.350398526092512	8.406353507048843	
19.6664188872201	9.914415658808045	
18.44257913853084	16.03140551092081	
18.309540317293298	14.398048785574396	
19.547834696867227	11.110834241318015	
19.784887158344127	10.716218425644243	
20.45090315404705	12.731059834602878	
20.75912520165175	9.381559634383015	
20.326062732736833	15.826565163527201	
20.26035281071391	16.29883953766753	
20.82403022880793	7.9463389263225865	
20.37141935108154	7.4454035825274945	
23.32491134847383	11.605439319548006	
20.363721228873427	13.59557840467039	
19.79696227713602	7.7255713580255	
20.388075830337836	9.061450186565605	
19.391315248349027	8.258138916832287	
19.91798823128297	10.212172628736939	
19.275396818828476	9.5316857753153	
20.96385618661688	6.910377570801038	
21.247714908398105	10.355171806936891	
19.635784164146116	8.541995113868136	
18.881179222741775	9.909627918483462	
19.16885370646009	11.035578678806525	
21.533556447384697	10.891377142273617	
19.722621896327166	9.027549337839844	
17.714682879369384	18.77578072061848	
20.08812671923853	8.908086473167122	
19.693055165410215	9.94151866820783	
18.314228591263653	12.681917985782803	
21.18078105928026	8.283197811611508	
19.66870979376066	9.03801455229029	
18.384906588235562	16.932322024550405	
21.053388567801267	8.075980051868699	
19.88961186937011	16.284587740021006	
19.906313879040866	11.404749324041667	
19.820385394392044	13.774394276968081	
20.731286853278668	15.884400884038284	
18.648429279213964	17.15133154620912	
19.68840036687779	12.398261274801612	
19.6616202977707	15.2902282462376	
21.298846951691118	11.150954745938545	
22.71936737332092	11.89609276158472	
20.48735650959955	11.427405540141963	
18.9288005753629	8.083825120624892	
20.27511435073978	7.8454516343200105	
21.427834867975566	9.864535518522338	
19.467254078086842	14.981413822189952	
19.928572211611208	15.077601266316893	
21.30475477313415	8.773612219850184	
21.15323216715721	8.939561554854704	
20.797398772191702	12.280087374379068	
21.04552715973096	11.809877861549591	
20.149155464789427	11.623113170086073	
19.15295841367251	9.516500079044091	
21.352631216724745	8.034899546793222	
19.695599401983106	19.7951908919387	
20.439242185830505	10.404320162883113	
20.484659433090147	11.019880636707349	
18.56744247415413	9.813579026374939	
18.330769192278943	10.941991615325648	
18.983115874321058	10.643933594921007	
18.902060873184155	11.733060058932486	
21.10574918163115	15.028354398998642	
18.963569735528864	14.459740703413537	
19.31028809718119	11.143133576156286	
19.02600332390217	16.484375209133002	
20.49511887299027	12.331716492284475	
17.790843494232316	13.614543485583825	
18.78322636422303	9.774727257690373	
18.698858095220473	12.594971791108414	
18.675517150526737	16.341960596874348	
19.8325603955404	8.916037568498362	
19.730687911755627	14.33602804598513	
20.708137447387475	6.899344294997492	
21.567202586061185	8.186462592313331	
21.96361644047751	13.002758453984828	
21.687424486243597	8.367220602230145	
20.864853215910486	9.682971293403233	
19.43557276266262	16.93869144768182	
21.442597796669897	10.334739371499182	
20.10014739680949	8.728385739691564	
18.971659377818394	8.940475827401327	
21.40905457446127	10.03400052469417	
20.67406785285418	16.390129532282405	
18.798271790968467	19.498695231411677	
