3352.389709951744	3221.1376000255696	
3465.026189904113	4841.386768636124	
2723.136398717193	2125.797883318763	
2653.6837149861863	3794.759003904905	
2804.0332089988324	2313.099579186108	
2722.405871116747	2305.9864700710937	
2501.02449234994	5437.655383689642	
2361.806426754656	2042.882779288908	
3010.627622460084	2815.5120825333797	
3043.1943643793265	2545.9722775495648	
2977.1009805395315	3741.7603906276554	
2619.899245915358	2272.7622582568865	
3137.015895453184	2640.0318489977317	
2699.316279865324	2345.6539124883757	
2892.186194244778	3029.6032840811854	
3435.4402561799307	3508.786675043543	
2719.273627546733	3193.9807983154274	
2552.405408592276	2713.901046849044	
3008.6154168049393	2663.868660716161	
3389.6943414970365	3748.9295558241424	
3113.529787378654	2178.933973383547	
2912.740523118292	2395.520602954699	
2869.665213165209	4053.422866997721	
2786.5682910547152	2472.741316242396	
2745.449747684302	2577.9984458554923	
2506.1000593038225	5659.393974424157	
2769.6417426952926	2339.027150631503	
2600.44741215818	3375.165676785574	
2863.4607181900074	2963.48256748178	
2662.729753630074	2032.692223259267	
3874.1879618359485	5560.596898891338	
3587.5367390997076	3346.8393157066384	
3222.398868916254	4606.026189189455	
3214.7256254855183	4214.222381484578	
2988.6910480068836	2486.119449739595	
2628.1848921605665	2182.1544966206307	
2880.591089264337	1771.4236952070576	
3188.283631360879	3429.4921129881764	
2822.3032920080805	2738.624936598705	
2599.5132663772774	2161.01678913001	
2864.8421638751356	3955.821825943335	
3037.2555491431804	2478.2816956149195	
3063.979698704001	2479.467508531454	
2889.5685135478607	3287.9201877653304	
3174.2066055625382	3984.141451390441	
4262.529861506411	5672.722431574721	
2839.893450194788	2979.3826018284585	
2940.9306988943245	2557.37064260324	
2700.1693129760947	3151.4103976539313	
2847.70838004443	3028.390538651871	
2791.7882560515923	2033.52655675212	
2422.4732305312873	2788.898269193905	
3933.3270928492493	4522.095613632284	
3046.692300985883	3835.5775474381016	
3318.240849210526	3876.7151493721885	
3015.003362134405	3077.679854142511	
2709.4778093066293	3244.7038144333583	
2617.004123460296	2419.73174332137	
3640.6719691516164	3409.535493161575	
3244.086373540914	2837.2298795719908	
2736.857936207026	3068.91904106152	
2710.977947377438	3746.245015242318	
2927.264346497231	3877.430575145173	
2924.023393154623	3065.2162956817415	
3242.9683138257287	2806.673654166855	
3264.685465996104	4166.401178747399	
2515.8659441518694	2833.6600221944395	
2883.6588724031963	2284.9370167017146	
2526.019914918216	4132.926247849973	
3198.0425889152593	3122.4308649112745	
3908.9013616992165	4448.529608400373	
2903.9452254814223	3207.194377632449	
2656.5645880821644	1716.3210580796701	
2936.6313298155833	2835.155541778283	
3222.6907845059604	1969.6186071444488	
2954.6805189942793	2711.198251055028	
2737.110521883336	3732.8063365699286	
2866.0862520126016	2547.795671659314	
3035.9320556303546	2816.0838445625814	
3838.2764845448974	4056.0785410372982	
3310.2733901030547	2922.0127671687546	
4177.112319473135	4950.806677294235	
2955.317508845884	2912.5459944275854	
3507.8770566881362	5700.069352064281	
2717.481448752887	2424.8129493828105	
4039.8528638800058	4129.081647707508	
3744.055119008888	4137.145411828675	
3071.6406960170507	2666.012967983652	
3548.5983440066384	3321.5867231584816	
2761.175829929916	3293.1535903464464	
2970.1928661825177	4044.3743463651276	
3046.669266945312	1778.0405124471497	
2872.6406735425803	2412.0640254795026	
3368.919182594484	3134.279820420279	
4479.204301408567	6033.593544619911	
3127.0786703994795	3336.6372905125554	
2960.755767204499	2638.7973875235107	
3038.815660328944	3980.551997981733	
3209.0029774325913	2594.1567159173196	
3098.5409609302123	2547.733900340795	
2729.8299435956087	2739.220326254621	
2753.768981649398	2728.1209744641187	
2359.189913553242	2359.0209735105163	
3121.93313041444	2130.3230674742476	
3960.7664217618176	3407.932742855228	
2832.939968415363	2916.0253966396194	
3345.2050527046085	3227.3175581113646	
2467.796637597811	1946.611257526545	
3003.300142329142	5491.999193853969	
3911.726873355168	4750.621902119209	
2857.124200392211	2163.14725101464	
2810.946239831917	2750.385356105609	
3690.85150893879	4145.615678706601	
3663.025583098742	4882.310161411664	
2593.7160205538567	2333.045171435349	
2778.552998605913	2504.8025882284087	
2901.3181469503365	4184.550702154196	
3130.70465678695	2368.3249550321257	
3364.962808473233	4784.244126806661	
26962.113220861153	43867.32986061248	
3016.080012369707	2753.0672233472737	
2961.4730512070573	3422.072621452621	
3242.5059656599888	2940.69357399861	
2437.037124631468	1948.1609610643627	
2906.411973737894	2963.039546240629	
3194.80109855608	2014.8160656538798	
2677.8474047214568	2613.2913332991634	
4155.2215482586835	5175.403480158365	
3741.9677651259794	4779.530879540246	
3606.4386793444537	4018.4660948290707	
3520.287648004651	4167.716509084828	
3242.154647562871	2427.384404073413	
2697.7743150645406	2093.9874023567645	
2696.636978392547	2109.59814057802	
3094.94210084515	2268.1094009247754	
3350.46573245606	2784.77048032029	
4289.42588844255	4730.926111890338	
3103.511535420497	5293.5981732904265	
3073.4807939343323	3075.5114828342057	
2731.9467229503794	3277.4982624796153	
2906.1370781581245	2619.18394218381	
2779.5405540643706	2706.5332167934343	
3448.700363204783	2974.125063914731	
3093.6163219890404	4333.1269697329735	
3580.608964828855	3297.6228740933866	
2863.488462830164	3492.794039228069	
2922.399238294154	2406.952990082121	
2829.638701165387	1423.394545866181	
2701.610294906797	2140.5093784542164	
2810.5718797996533	2214.6810759204914	
2646.3420208440834	2524.856722349289	
3568.165792261639	4200.502067620202	
3167.3475666086993	3456.0762289957147	
2793.2633509289694	2334.4861508645554	
2677.3463265441055	3161.7023078466946	
2925.6105278332157	2884.91975070874	
3209.4881413296903	3081.88545778295	
3280.7848038756515	3511.417652407148	
3156.450386920123	2374.4905670868475	
3111.366867322639	3123.7848791099987	
3180.8281683088244	2651.7644055220785	
2562.5110396926466	2303.4831280588064	
3161.1217778825894	3856.4235694808267	
3077.225156555354	3610.227031365647	
2798.8626653434812	1795.3610465414502	
2912.585577434873	1862.7965556644306	
3654.964793277255	3504.2906829950994	
3370.1566697238554	4724.258603349561	
3274.661735602972	2863.5945934803435	
3470.7420147934517	4161.968488652363	
4158.582588098768	5094.788274521887	
3238.9499081516774	3578.4970633440844	
2813.2123573947993	2401.4050597938876	
2894.834882614252	2684.404749382329	
3105.9561527386463	3306.132147114196	
3044.598272721832	2251.259716529479	
2783.605400034446	3213.7561324375783	
3108.433146537466	3037.189143885348	
3167.2024537877037	3889.6516846332324	
2665.0309382128307	1828.616405284651	
3537.910843642524	3782.641998587906	
2954.3149689185407	3226.0657442454576	
3266.650965205133	2857.9473084435276	
3088.567557833082	3153.437429011061	
2978.740459432416	2704.366606242501	
3027.7608583647607	2721.7725464386417	
2852.229943247441	3510.2882066242855	
3437.7135227860476	4055.386096574128	
3870.8641952686094	5026.757266396004	
3437.0465140609663	3709.4143728846766	
2928.096603478346	4777.327192997176	
3381.146738145649	3545.875263383458	
3122.6638985598534	2666.813694941487	
3544.8384437015757	1721.239328997389	
3042.6912661039783	2058.53374823457	
3398.8294366323353	3208.2637367986563	
4409.413567299968	8648.525366191197	
3200.932615456354	2160.7669823597134	
3501.452859284714	3840.283208698824	
3087.123037196478	2547.0177480419247	
2823.6279574467458	2421.083064168926	
3758.191895775897	3080.4674246019845	
2980.6585473781993	3527.2300440696863	
2782.5758590615305	2965.199146003296	
3211.8886668780788	3455.5698010711817	
2881.351989352468	2591.149293835626	
3598.7466901369417	4788.876023136154	
3076.0653949493576	2952.3242278739626	
3096.9554588845604	3831.0172426509866	
3230.7158525825675	1779.0299127687372	
4794.428821808295	6317.575421959116	
3396.6131481568045	3868.498990886739	
3382.595664308657	2743.023504982815	
3761.9309892280635	1979.5209845325635	
2960.4297493456406	4678.252585344525	
2748.366148698661	4029.5011502670986	
2653.7650323738826	2185.913613527394	
2590.93417173366	2652.2197186450585	
2862.7350974073343	2594.0825741766935	
2896.6642723035598	3541.9389566251266	
2980.3652468944065	2219.434808342188	
2697.1316073196463	3741.469423024529	
3293.9479131735297	3512.4760565025904	
3127.1329132592696	3204.4980072758435	
3449.633370051875	2864.94483911433	
3121.1685934429997	2531.275877304027	
3101.7682415514214	2298.7045958354897	
3285.6442766694317	3403.5175365920013	
3056.013314702638	3648.9090444397607	
3448.6433758279054	3145.4917676758037	
2973.017242187066	2474.4205165585686	
3371.594037993243	2441.744824925853	
3115.9746083651444	2162.3594417787654	
2747.060968104027	3201.511240175245	
4127.7839719903	4646.076169678837	
2480.506795484488	2337.5399360241795	
3587.6137690703945	4331.580061449777	
2535.7275026765765	3136.3786673000445	
2639.8518084301736	2375.5414359846895	
2903.1586495833712	2765.371733244352	
3117.465998604298	2933.4518136275633	
3449.3715603547093	3868.0885119723575	
3108.655133695512	2876.5219929554983	
2559.2941132485485	2423.57517792494	
2657.0973108094413	2610.525738392388	
2843.7630930790733	3224.7410456799844	
2815.473605213111	2291.85559270045	
3553.437566279993	4883.09635364968	
3402.8310635519624	4223.2318211666325	
2716.0862924563335	1185.162928369843	
3101.1755509414274	2715.6666143137923	
3048.0338145698115	3353.3130098581873	
2819.933480279834	3054.899305700878	
3760.544669772555	4505.787852938334	
3395.855084702974	3443.7004321775207	
2816.132208007243	3372.0574629317343	
2795.7020322228504	2482.2392572846998	
2945.84583627288	3687.6681767655773	
3733.73643327916	5489.501580929696	
2586.3630487732735	2475.969152865067	
2585.579941402957	2590.5292650420593	
3578.647104482969	3107.885153320119	
2918.4655477038496	3058.593011232803	
2877.1014487660555	3382.493429256511	
3476.8959246500585	3545.0350257336236	
3202.4017311336484	4096.594795934828	
3580.890663306201	2808.5553253532207	
2715.340751851091	2424.6339540980466	
3844.2019222829467	4510.755411334553	
2969.5665817645145	1518.9980105627908	
2980.8102293506786	2336.37769631134	
3165.845320038057	2803.8209275237605	
3297.969443629808	2351.925789819874	
3073.3144972416967	1960.4672001547174	
2603.124696469251	1865.0678233579117	
2744.3577524765783	3062.4638450608627	
2520.438739780595	2424.0826385627715	
2860.643486627208	2566.8181989774585	
3851.3265697322922	4543.179580023524	
3061.9420538210616	2981.220321333394	
3136.3783081587153	4058.4663736191787	
3206.1062720536393	3321.6056134720047	
2964.461731816282	2816.2714013307727	
3555.8127220961705	4069.1039723060403	
3368.160838493736	2678.647636886361	
2975.696979032587	3483.92511422226	
2784.1375193531426	2815.346076878309	
2827.6563732938957	2943.253603347674	
2847.983661007907	3431.3777415568034	
2834.9147418698603	5077.5024987908355	
3545.5836772114735	4130.508431615422	
2835.574907953245	2629.316370477268	
3167.0657674131157	2239.7171679362573	
3463.946480428362	7934.5165642939655	
3184.965143491719	2441.6716311250143	
3182.6297080449012	4248.208813515679	
3586.162094796447	1448.520913570812	
3054.8389892542154	2396.691709774919	
3687.6326296911952	3630.0565238378394	
3086.223272084454	2261.0710030433715	
3330.59455891701	2756.978881332163	
2968.263687122674	3520.6183374741418	
2715.1464857927213	3456.340425933939	
2573.554372479378	2514.8811536003927	
2677.7045702071428	2955.412448145511	
3019.483424116549	3545.2759178522633	
2840.9347150511644	2526.787894347226	
3016.9074801064917	3056.4575889949856	
3135.0193503742466	3003.31615544858	
3124.3843976900607	2869.820728648052	
3263.8124685213097	3497.357641375672	
3214.6256174697455	2749.546904251525	
3032.4397759626218	2565.9485700812056	
2813.1474271059146	2226.2568572415303	
3532.508316351428	2195.0582279886057	
3329.5001664703987	3219.4941914006113	
3184.5827615939115	2924.020168735766	
3032.632096436065	3650.6449704845495	
3033.311346430266	4029.356972839942	
3096.347343788817	3568.3475829401837	
2657.074068090735	1994.9578303449794	
2916.267291499442	3071.700284979125	
3030.2563237162403	2383.7611102723135	
3140.134311788662	3235.957248914689	
3794.41723274584	2816.6373457715763	
2210.622842766348	2275.849935478976	
2691.8448109577653	1834.938349358728	
3182.8967454025733	2613.526371768401	
2925.1257319849215	2325.9551539352415	
2565.8893221575704	2692.996269787497	
3110.2253109003827	4644.170751959321	
2885.751081074564	2901.079533216271	
2783.8763505465126	2379.217853739621	
2840.101672291348	3641.1261617403807	
3596.229844593626	4426.4888516652	
2959.867069338986	3446.188357934936	
2837.3068293809506	2886.1330627394655	
2866.6702103176744	3765.3791856165753	
3309.6978988085793	3939.8916320249077	
2739.137807356	2928.1977877373583	
2812.211463954924	3198.154227916647	
2810.385553070151	2476.68303229489	
3163.8592894812655	4257.242954213065	
2747.1204768682137	2282.518812146672	
3556.1750001250816	3695.432999423818	
3063.5147413313016	3913.1681805122385	
3022.686804329297	3421.9151977724696	
3848.2617793090667	3234.1601536512076	
2740.464587798839	1972.615318339388	
3099.2531453604047	2298.1220468085103	
2842.3723568467967	2319.8066620309382	
3009.338058354038	4027.6255700169354	
3381.7693786740506	2447.0552004898786	
2662.5265349639594	3141.8989925371907	
2652.5145640462174	2717.527490344806	
2861.557900034031	2216.8605546190984	
3458.03053869006	2995.8805546540643	
2879.3710716091837	3154.9599052763183	
3588.4794272050494	2540.717113074968	
2719.814750246945	2040.2632791371748	
