17.548322993073295	9.131752203882895	
18.909389158458055	14.739469807007445	
21.09615740291196	12.412181377361353	
17.628817517460977	12.39813378507486	
21.04277201493168	6.717665862240231	
19.055312488497762	12.74748702497035	
18.873310830413768	12.217661979500033	
19.207957850421778	7.423033017180552	
19.844319439829558	15.054713411915353	
18.070198639186703	11.807769037859037	
20.25013240473948	11.545620625301694	
19.46892328968239	11.35510381408264	
17.804995674171472	11.475916675133787	
19.05540505784887	13.98682982528929	
19.113028742545364	10.262880185902622	
20.962456912090875	13.802433951434272	
18.237611272454455	12.411111496555607	
18.40021880934287	13.741652933410457	
18.385174199538643	12.398548428818161	
18.89990335342649	11.854531502059494	
19.886770183718756	11.383231237422455	
20.440571946637323	29.620246405234965	
20.05906935952273	6.358419361199403	
19.605270749064836	11.742495162612661	
17.85109746520315	12.647203244983611	
18.146306414766872	12.551242581128607	
20.73452582347485	14.50040759297592	
19.65918234402941	13.96566155937794	
19.062065319909024	15.285554775559627	
18.85070336881512	12.759913817077036	
19.695845223089076	17.168903535133055	
18.29954177162925	15.126634297956322	
19.24408548095673	15.551272782286171	
18.298736969372484	18.00889727948267	
18.896652522210378	19.103217813200924	
18.106823644249133	11.80238215106284	
19.138645977343252	9.253493979361727	
19.023871074264907	14.66775579674036	
18.965370634985696	11.42694202632035	
18.40215666693187	10.39675452661062	
18.999681028293796	12.081441465423808	
18.753496207216916	16.304687783154424	
17.002267753515	13.671127932593711	
16.85607500892693	12.831102766880683	
17.47790540257833	15.73360246998622	
17.457886579461267	13.463482126107007	
17.379535817252414	10.870233752458248	
18.279273496842812	14.772846189589588	
20.584313309315192	12.942079993568594	
19.073924574252302	12.103290875448014	
19.46135086070488	15.266900776016572	
17.46621615346712	10.074639946829958	
19.962167541231263	14.511957041451339	
19.963388847349457	12.091921397844782	
19.570646941926913	12.832495394001068	
21.156833710688357	23.136149146405135	
18.314686613902328	16.73062717769264	
18.118712693914667	8.424928995020553	
16.62497399332946	14.479199704573325	
19.727457087587393	10.623885980101429	
18.918831380782684	14.13054647273403	
19.385889366974233	11.581757773070672	
19.92565809895743	10.385096208289465	
20.059138841058527	10.429720362347268	
22.06456755957137	10.293203034685693	
20.33958706025057	11.183351956391729	
19.908135445455713	14.796838287649445	
18.42114438512002	6.144277890423491	
17.91485161900719	18.078991443518117	
22.103403750954097	14.970328902597073	
19.372224112977154	15.488104295251633	
18.60274792080784	10.080824573767268	
19.47746067789853	16.05622531287938	
17.22007904144911	12.92259723138929	
18.085877705560705	10.090482083887284	
19.58368143137485	16.023911734073167	
18.759227452077038	11.973299584943884	
19.205352469380273	11.179690244988164	
19.949352834389856	18.505192839760678	
19.21994009179719	11.569406962756002	
19.020787037985624	9.305159351532769	
18.91015211670228	17.289969726688568	
20.142942420623434	10.538664553780745	
19.25593206114796	20.735174753558603	
22.16824644738231	20.824288139401926	
18.657868741726574	17.228654322635432	
18.509228791841256	13.37006540478401	
20.51880000042523	11.127884906954337	
18.56592755464514	10.502009838267856	
16.790375356663127	9.14345891118952	
16.976203593976624	9.509396667769177	
17.852272913777462	9.684346315531679	
17.897725386203184	13.048392806936732	
18.721089141660084	9.245929895964565	
19.305779159172513	6.151561021392956	
19.723433579941055	12.47619766431506	
17.534938328456974	12.876649918202173	
16.305874086422993	9.88050287952483	
18.088657637005866	12.738430067188894	
16.433818657599925	11.404109077717937	
17.788337236383036	10.25188926956366	
18.565607936502474	13.333534408463114	
22.93602638959196	22.559685857303556	
17.896824878585615	12.663906567995836	
19.788622076762845	13.077105602612047	
18.354951189680158	18.161523738373056	
18.88219951764436	14.31681763451746	
18.88386402648102	13.486101008087727	
18.4563236130264	14.531142802942307	
19.08129647928765	13.2676402100788	
19.500661707816413	9.412347066727213	
18.399610341043157	13.807910833078934	
20.98531746965453	11.847869340077418	
20.08386541369489	12.625883201205465	
18.827513793382685	13.989779511386851	
19.340473711155585	11.818314754644579	
18.536584262635948	12.91039428476424	
20.693350038640087	10.006312484706864	
18.94319067982549	11.689890407854884	
19.740546964157534	15.026580343177098	
17.740015256400742	12.705851823852598	
16.703658221840925	10.454093093423632	
19.35668409279294	13.65062837641087	
19.284661797946125	16.212281217666472	
18.66750917371928	9.125198092237488	
18.012578851792856	9.96917515633421	
20.000080309107517	13.586796864003693	
18.36786440221553	13.585368008646292	
18.63559291757885	11.72976667204298	
16.974042755646344	9.044677705388828	
17.152470975432824	9.141145939520253	
17.066685361807	12.66730292604143	
17.62975368180717	19.285889086568687	
18.572620381352632	7.706023578749873	
18.251272398277266	11.37015201050404	
17.600194954541593	10.518620648209536	
19.92820473060123	14.520435390745833	
20.14537772643281	9.388241036670639	
19.671321049466172	9.174432048228905	
18.77422786792197	17.90274840995544	
20.091914279081546	13.741850627985476	
19.962580338444717	12.35429360706207	
20.6741798630662	14.466719981203134	
18.352031020019613	12.457196672345239	
18.67613507720432	19.474490180975142	
19.889545465005828	13.962330919216674	
18.079912936205513	16.21015130587174	
18.32215741332626	6.885426545598182	
17.528394697864545	12.854218242538026	
18.892953381808887	13.460184884230436	
20.865680382129533	11.683858573695195	
19.168931226012933	12.642022133979154	
19.272006955441462	11.753112162425026	
19.454621370992314	12.561487670127002	
19.13775026011393	15.719847409469528	
19.72165551775606	13.247322555542297	
18.325110621378176	28.32187468479059	
18.35777600354785	18.693255343681066	
17.21954672405781	12.581981245576163	
18.687359827230782	9.635586019456115	
18.301466814540778	11.874055022483672	
18.37558979375409	10.667768824660056	
18.21481821381647	12.281422538190904	
17.75157556328339	10.239473372363445	
18.457337599718993	22.651532218308738	
17.803409271543305	10.821553487788204	
17.385742366223432	10.228819044010569	
17.807296434376823	14.368094861936235	
19.530158553225732	10.838834166557609	
19.56668063929158	8.578586585729191	
20.094951045471948	12.896384582408626	
20.490678900834528	15.950799090003377	
19.143484676202533	15.767858643692616	
18.095955991182795	13.221266204335242	
19.116846501940202	13.76278400022105	
18.57052287899135	10.158852661060653	
19.487884725116718	7.984751800910763	
17.322228648970544	12.755608007130265	
18.012303004674635	10.948065027747433	
17.95103709007702	10.009332163560973	
18.245026089085503	10.85472687625061	
17.867869853395398	11.042625989375743	
18.102247153545843	10.568902657648385	
18.3324967868559	9.884168903594666	
19.217919281072973	13.508145488150182	
18.64922439009177	10.44084177888461	
17.261237571986857	17.764296769369707	
17.98551336770185	9.795794031958621	
19.604854316363834	8.473656014015083	
20.373476080579927	13.90371397086666	
18.39140535667972	12.906714611366935	
17.553158011422592	9.45797718148088	
18.918545394434577	15.095122248994105	
19.40532596360741	9.908429907208422	
20.33200116673338	11.76838865912129	
18.980350948005132	13.193355185425952	
16.86102072059385	8.825138826056879	
18.393281092194815	10.579117253742538	
19.691411769833827	14.788613945620455	
20.509136878024943	8.813478146748524	
18.09813966070233	11.791632854400557	
19.04611330112269	12.07260129214586	
18.51787352414234	9.581353287440269	
19.00329531522996	13.17144220963204	
19.41117882250969	15.139972434576617	
18.075674316604026	12.426204145086672	
19.9036785269613	9.453652581281121	
19.08704838827112	7.485817299800593	
19.901448540978564	8.34351399360471	
19.199087739171848	12.874894655281231	
20.23877258082413	10.317323564760912	
22.1321369097553	11.67557070183414	
20.705046858908304	8.08687871231418	
20.75792106037633	21.559638890102573	
19.884319058964735	10.107645531654915	
19.544256532357192	19.432740487509943	
20.84106167246587	16.831196169198407	
23.80702990913567	12.938350054007365	
19.52839251386943	13.00880331086459	
17.462697629939186	13.45457698776612	
17.701216247475465	11.906267336830313	
19.8836445470925	10.405260730444395	
19.75735736330837	14.90012658794731	
19.306562829349094	10.980760264994673	
18.463747030052065	11.11569894086152	
20.581751780379037	12.638308022289014	
21.2293788828029	13.753276174409358	
21.36656953489552	8.465898937166175	
20.70037284402707	15.74419150324827	
20.737016909054812	12.051875291729306	
20.007148637743605	10.6844870873329	
20.34463211604803	18.25075105333804	
20.568275049931064	14.641324375553161	
20.364932509646643	11.552757182613233	
18.782440856530183	23.642035156308875	
18.291976037081618	12.869291720504528	
17.339119257527077	7.656709930863872	
17.197220680849206	9.339412353608287	
18.835804755729207	12.069055868132414	
20.3858707264565	14.061163821934493	
19.489767426044697	13.328748338123825	
17.562927469647992	9.693213904121896	
18.808865799337624	7.768535459358065	
19.245825845788186	11.911275953279937	
22.97376388535647	13.091418720902308	
18.654833181527668	10.142792388219029	
17.334614333192608	11.313959849910004	
20.192029100418075	6.014347555178508	
18.888307966370835	12.031370619566655	
18.16715510787946	9.476707068926405	
18.667193702903315	14.08527555244464	
18.258922384585663	13.22461342605094	
19.401286542511485	10.5590997953152	
19.144063535941807	13.612973340363244	
20.946201440973738	9.894156834324605	
19.917368990711488	12.537697441883541	
17.665460553823685	12.997738813953013	
18.59421055082919	6.766691286839666	
19.94391529939692	10.743327007684588	
19.394995865969214	12.13034639247256	
19.10868327576634	9.513918476403193	
20.07283816608547	14.699482357515603	
19.061501216700062	12.895459118494994	
22.128526143514677	9.643880842698108	
19.82180411128553	8.866377920649855	
20.700576890874903	15.301556519750845	
20.817249578575947	11.911175330450881	
20.15458704410519	16.396591780242957	
19.061561355651424	17.78334183774817	
19.164661430173265	10.09798108972292	
18.542709151172335	10.646022719788174	
17.18116476478179	17.017124565854044	
19.54908110894616	10.914242000650683	
18.164868533657714	12.19166926870635	
19.404497523974232	11.441302893340259	
20.236730381377487	9.275892841272297	
18.12184886533004	11.974035113018248	
18.493204256952247	11.182671397536996	
18.478795756740663	12.754027329724183	
18.071697141057918	13.171192487252585	
18.05669142290935	12.585032605962141	
19.4053386730251	10.456075129850161	
20.59093589111488	19.424353893755676	
21.099743348231083	14.151439965152678	
18.48230418431109	10.004866833198863	
19.546352922870398	10.404746926126293	
23.49192565278064	13.974952240313755	
18.068506138249095	9.310919671777253	
19.870906714480817	8.827443786386372	
19.386262160705854	16.462147597397067	
19.133572972592283	16.33474787903994	
20.845268905525845	8.837474900171616	
20.14639460032144	12.236371855934179	
21.349548934692983	8.947965899273694	
20.630694304002965	9.787758535604807	
20.242709892756338	11.551809257389614	
20.105502700228357	10.639970025645924	
17.69298892776786	11.547192468071128	
18.55607441152625	11.613498774104423	
18.564616321469646	17.48696316498968	
19.410313047267703	7.575871852932651	
19.443564147882523	22.707438516053855	
19.41373512080409	11.424842866862614	
19.187208298186448	10.773625050496715	
17.760211451396117	10.700362410212977	
20.07153576016564	9.971582733283318	
20.87569229161323	9.52877598324177	
19.930164442542658	12.185714750018253	
20.866352246148843	10.704206013280212	
20.266785112230092	18.410899680122977	
18.048613430288025	20.20792985392956	
19.468951098194836	13.014117528199405	
19.7725847826304	24.0502323349573	
20.029671152226104	10.392719292254823	
19.47696433423778	22.985101222675727	
21.038491932719197	13.415959808474524	
19.673112909233883	12.418862789944551	
21.471416948115984	14.254746964370861	
19.69789228696848	13.913342117988403	
18.96665432616716	13.711314775873964	
19.771855533982357	9.997134465067875	
20.796926911873832	7.616116636601554	
19.788122462147285	10.61416055091375	
22.993883816933224	3.9277607682866997	
23.444276110136354	13.460716223320839	
22.771730385779826	10.152774205548493	
21.38794666201284	10.634123401736534	
19.511639174924692	6.371299661854314	
18.49680058207768	9.246540209293126	
19.870998968929637	11.734381497279319	
19.736865803416464	11.422251950435443	
18.633407318311104	15.57495049178531	
16.920351787040765	10.523105056570632	
19.85924405244675	14.859121357787965	
19.782842163999682	9.17820669716242	
19.04996043139355	12.516185421674633	
19.57937814831365	11.746757879653808	
20.83456523462439	15.648851558222328	
20.297007287432606	7.67553422405782	
18.504691855024973	9.46128631294683	
18.84467777366676	14.907997933406216	
17.775219204770757	11.94017453707803	
18.77484258715293	15.439872930198309	
19.5546267119121	12.426476301282877	
19.310089948856405	12.0577447266859	
19.072279626070372	13.826997766910354	
18.05567319836514	13.071990995307045	
18.049890386481515	8.668892337531489	
18.58560545630963	18.709882252440153	
17.59368600142794	10.864934431147683	
19.784323380234145	12.263333520977156	
19.096205783292287	12.09252354464487	
19.387299356122092	14.139822897053651	
19.904506031182418	12.074496027072477	
21.1370026115059	13.20027053078642	
20.54609475988099	14.276510403053134	
21.340043357202518	19.101645054446834	
20.30497262316494	13.368895659985085	
19.469239652003463	15.847330976584317	
21.28751270893959	5.0456218583686425	
