17.378261233969123	6.399954708793148	
15.62634840889374	6.556044868398699	
16.577935618216298	6.242010014433296	
16.145854295377912	9.443271070641588	
13.750462363353153	6.315324885362863	
15.517265771007693	6.610281890118311	
16.68643241144335	9.843609026824996	
17.99684630766205	7.560168153515528	
19.916531057569394	4.10430073393067	
17.629030284237494	6.1498380598709526	
14.237723309934113	9.583415349391018	
15.401477853055658	5.716760736057502	
15.777875193704054	8.081191815847443	
14.144786908282393	4.952515151631793	
13.5907412080047	6.092069023682448	
15.810762598129104	6.08690617672025	
16.542468302928885	7.223338360382138	
19.173540621614194	10.60602103632958	
16.240715866220075	8.003725363583987	
16.5271621869836	8.424888795778585	
17.431824962672337	5.85587148132285	
16.292184580254034	10.006259703833894	
16.566875066417573	7.720132254584337	
16.76079340396689	7.640773015479574	
15.628112289636348	5.5828244086756245	
14.285518916011785	11.961741857456397	
18.65215396169081	11.829002804381531	
14.607724285694049	7.884577816629266	
14.504589303634798	7.671468101499711	
16.51973675854854	5.629379216601282	
16.1021428168629	5.541148385482186	
19.203418334977574	6.327715361211799	
17.221369348910642	7.615819189402242	
14.424697083235609	4.900752467806623	
16.5006217664763	6.339241835931822	
14.00323904869324	10.252833834705358	
14.887703623531868	6.1627048312452155	
16.284738818732514	7.081199740931927	
14.930958236201839	6.406751211831236	
16.946898008650688	6.745690405560634	
17.410873784260044	7.682842570061877	
14.37770328441798	6.359108012218908	
16.587498098088815	7.342774817516495	
16.53517535308414	5.6077156220092705	
15.935482352404021	5.358887947097261	
17.616599811154696	8.668732840884058	
16.773008371880152	5.820020333728335	
19.301561073306832	6.781280187488804	
18.93264024825482	7.399978712131056	
18.7950305767856	8.641898864518978	
18.060151671401474	7.207204554063862	
20.397082312916716	7.753173584017488	
21.387809481010226	12.49518933535966	
18.70473678212349	7.541934429739392	
17.100257377689704	10.159730027517398	
16.916329992788775	9.066697542249996	
17.483807096752845	6.6330727729263925	
16.898452215977944	4.762271583689711	
18.34678348871649	6.798207125065545	
18.187817834888648	6.345634031821283	
18.12188393703048	8.321240945521353	
18.558229304847814	6.955273226278811	
18.591537595897236	16.7749365716569	
19.017694819571357	9.623544559770528	
17.77279026461301	10.66543728923036	
18.25404455050375	6.945167229929754	
16.413965044655402	6.438834410835664	
15.205719344404159	8.728888982844186	
15.597662038634363	6.579762179680241	
16.739721316291675	5.726459535617494	
16.54983460663112	6.125316597014152	
15.428689414276068	8.657180348907044	
14.465808011382942	5.247519335107586	
14.262463614162066	6.461670721071467	
15.21988659309557	6.017370073485358	
15.406399883258288	10.979900059078401	
16.623313359160363	6.269073560136228	
14.248504289253926	5.872719440518861	
16.224905981701433	8.532418884789097	
15.542981787285118	8.316329922445277	
16.820816962161743	5.808830175095794	
15.902813135025392	6.799873263855472	
16.33429396878776	3.70015525567172	
16.468106092198358	4.125429808062194	
14.868131132535249	6.877417359269428	
14.826058486005937	6.180084874145196	
16.326158991612544	6.365395177537264	
14.362955710814798	5.386408774982229	
14.553031641840082	8.14160808816232	
15.188814970312363	6.796604645216166	
16.74568431716074	6.8954335001714515	
15.242550722661237	8.046867582668057	
16.040104092486544	6.888215123951795	
15.566938214357137	9.922232069127237	
16.503144172100985	6.6978510213976605	
16.17209107375631	7.796839050136057	
17.733945337784256	9.46721209518527	
16.56687831384034	8.141052099278355	
15.647623117082079	8.634539948685287	
16.33396987791905	11.814844405536684	
17.18326855885419	5.351531480697563	
14.858448681190781	8.235365836670756	
17.652427518562014	4.934952476055391	
14.178815055817207	7.562572782689192	
16.37509324915092	4.349312990910253	
14.744857643677467	9.072084526013834	
15.53763313570117	8.422231205625085	
14.662880295008787	10.488045459515766	
17.592339763314442	9.753964520595247	
19.270742309821777	8.67197976037082	
20.343701770526042	6.740637375238167	
18.622099470048923	7.956867928189039	
16.289157518868553	9.879225735061432	
14.75491139500351	8.903580007927188	
17.71153689808998	7.2424971982345125	
17.5483030207152	8.668095221703892	
17.97445186365665	7.944076381975807	
17.16773268598615	6.12896760974261	
15.497224704033151	6.754494667414605	
15.514408619547295	7.392473367098727	
17.15475138090865	10.336372269361954	
15.036215637954273	6.7719886147556245	
14.25749680722425	4.53921180293991	
15.812556769004063	6.321562867514119	
16.028780498258758	6.495679832129853	
14.446046877847957	6.244181169067387	
15.344929175100981	7.56441854179859	
13.292522525262509	6.582335139970362	
16.236822562139405	6.227177610367675	
17.29558799457036	6.95876717915434	
17.54803554556991	5.4081073609641495	
16.019310908591994	7.475929589741285	
17.230297605539292	6.857233629823928	
15.71482239774734	5.758292368079706	
14.970532482611166	7.31692841911587	
14.5491081051612	6.247630392770565	
14.37336405942565	5.086814758328354	
14.9896868458382	7.193466107841545	
15.930126269757427	9.036305143229622	
17.05219361423299	5.857957764514091	
17.220731572114556	6.293673512247292	
14.285739954774275	4.567847845326483	
17.15112775169535	5.197164366659587	
12.816113469435397	7.80217282415901	
15.062949918132052	6.586750410942217	
17.80405282329231	5.942572356839026	
17.471069225903054	8.749500142225097	
15.131125316487678	7.740775819225759	
15.357546784791307	6.861073318969478	
16.667010253589986	6.273493638856948	
15.82692332795401	8.63608460078848	
15.325613323301603	12.95653472103809	
16.600160015187456	6.156007575948961	
16.888664844123728	7.666345822088262	
16.318203512136872	4.947450733555832	
16.43534673005038	7.226513655462252	
16.287736772223717	7.179479512912402	
13.818017102945971	5.730978264054097	
15.035340761117636	7.091875235621477	
15.671517767624879	5.1361378573915815	
16.382357931498717	5.664986622913752	
16.157881389402814	9.11066847954325	
16.3471215616455	6.159755705304023	
16.314615803851545	7.635607378861738	
16.41028873997858	7.3278450603044885	
15.025099168815853	6.838049431111187	
15.948151840348084	9.683987183490087	
16.01930317125277	6.3147344256220705	
15.993459481617197	5.192392840898021	
16.57624385996869	8.581359764040926	
18.624676407120496	7.362329987997789	
16.994344039832864	9.013742247650882	
15.286518574006454	6.817933692664495	
15.128546734653524	8.29689655231645	
15.345140853352692	7.295043187681997	
14.862096747070874	7.131460507553889	
15.551839558508904	7.3761126944822335	
14.068798099413396	7.818802878387214	
14.429190917433859	6.128362605073029	
13.036283749287936	5.447994167165865	
13.71592288883808	6.1933871076886575	
16.99158531417428	8.43645818316056	
15.683248124910728	5.329854297501498	
15.804393345853343	5.101885832847762	
16.489270519419986	6.0287972061938095	
15.76005913641611	5.9145818882744585	
16.162098607781303	8.403590244435021	
16.591584511513567	6.41541654446978	
16.987053777372125	9.689292409429644	
17.1459208522417	6.883613253490007	
16.614382051382954	7.019893019274882	
19.445774472356295	8.456257632233465	
18.14641201423416	9.955703532957239	
18.242661221704946	6.400258007090792	
16.233458768571364	5.963406289185206	
17.78945794055905	11.301287857744741	
18.10852436067552	7.823796723239272	
16.6694658469913	6.335997647000831	
19.941585226354864	8.80579164050103	
16.960433173641327	5.583966157267066	
18.52373480610745	4.508827331094664	
18.230180542868588	9.101809921933857	
17.805996409002887	6.525208025111388	
15.903209110243818	9.032350224505004	
14.646496511163644	8.32261022367789	
15.354311020633874	7.620583319049601	
15.922144392200359	11.067867634932018	
16.386684854974533	5.999766200395254	
16.691760019067306	8.346859270808993	
16.380648518094453	7.527384779747786	
18.130109959367935	9.980463546152102	
17.709477926705574	8.556652632615036	
17.89770773089962	5.1431520629104375	
19.707369789819598	8.820349929676738	
16.90118592116851	11.287970521624729	
20.714825449214956	10.226310555366654	
18.795135336921394	6.076916495992234	
17.124191107493576	7.167827484295467	
16.72731196134669	6.88676198995313	
16.02782748910903	7.647229168258641	
14.905995257437677	8.159008510575473	
16.006281959938036	10.34187442480041	
16.824125187884686	7.936365512756061	
17.629994451230264	5.292029749940452	
17.126695811379673	5.831404530351711	
17.616583130388616	4.36812144795631	
15.275667044446948	4.990656191578968	
19.37838601859624	4.424297899768111	
16.815021492811113	6.836114703371621	
17.607329501618953	4.843297106588341	
14.821773458132848	9.930873885055696	
16.30611603299389	6.646574406663846	
15.96269960596691	9.486283689865532	
17.048203974500332	4.868279603866619	
15.135097290695922	6.14581503379331	
16.64277345161217	7.761353217259584	
15.194979534145618	5.843854781639699	
15.190063313886368	7.126015135299046	
15.415636151416782	6.80450472707295	
14.850605580012031	6.365673209349399	
17.29183409284919	9.254925497550072	
16.71498174114295	10.259531619473599	
15.530947292350103	7.048976451309831	
15.607067478418962	9.416285377390697	
15.372504713780787	5.288760709350738	
16.242364018776875	5.622406896164514	
14.96399550942534	4.957477464074681	
16.705102857151477	7.632588047321785	
17.450784319649358	5.2155282720176315	
18.29553581808172	6.760760634930884	
15.06907266191239	6.930522734219565	
17.671174770325663	9.380207006789865	
17.002491403534684	8.656014099628477	
18.628807635900024	8.08737813861894	
17.569674257962696	6.4812283395411345	
16.327329447167497	7.736364399238545	
16.666019055138666	5.772039408917068	
15.10650530297847	9.010715679577519	
16.04455573297394	6.775707895254852	
15.624692537961431	9.301252442761182	
15.979807167210216	8.9748493869557	
16.2876019612831	9.587074311828138	
17.795768704334666	8.159860760002005	
18.863466392280156	10.82332886027488	
18.183608409334806	6.51569711943983	
16.248820303757594	7.4118495721175846	
16.809665547904462	9.27498878148018	
18.46769766985307	8.477134762917867	
18.579294371926633	8.650397298381735	
16.84006574523183	7.749677628257458	
17.955465993227822	7.200273448125276	
16.489124737457274	5.821635052694305	
17.57281774204177	6.164481983847171	
18.077263523234013	7.719777241710515	
15.122364154812084	7.883427613805643	
14.462379846964655	7.917664357380555	
15.246457749039248	4.539542669059242	
15.018365346660035	8.819812491362322	
14.335851355122594	6.864623550870576	
13.674422011396441	7.919917830587229	
14.846281385968876	5.978506743863638	
17.413796619263106	4.868637392190802	
15.824026591675286	5.446384584141635	
16.402851691693332	8.550914532598595	
15.058657791848141	6.881454737028905	
15.151465079677006	6.7627345545077135	
17.470458138894035	9.394607742596785	
16.269977929830805	7.613956218883505	
14.448957495139538	7.024096671610249	
18.91348597652946	6.780175221081765	
17.601209348564215	6.062411753585365	
16.463646276849353	7.739280043928561	
15.766575511403408	9.4666268948748	
17.26548527766376	8.346296028738163	
15.360289914712293	6.173587655416414	
15.5884451748756	6.235700063127095	
18.700245200067414	4.451557381603664	
15.892798441633216	6.918204669440208	
15.185013122700203	9.687002974752252	
14.932365053006647	8.656946055652972	
16.32414912377111	7.279232407760018	
17.871706680453773	6.285601832886445	
17.039528255085173	6.732369995337562	
17.08647613349682	5.7127260795956305	
17.799859637518637	6.943338345742547	
18.269248008024604	8.94205011308339	
18.162184381306712	7.840582554755152	
19.661325144549245	5.715810492377439	
15.40696951984169	8.95567200473243	
15.92617878710779	5.546131008704607	
14.781063035894176	7.123754251675285	
18.106579468434635	5.6585670449745695	
16.86045905465915	5.845553412145872	
13.988052931974543	6.565448416108984	
17.132590363528035	10.116378421553625	
16.656242112975658	8.657539623049692	
14.502960035930856	5.924518969430487	
14.495280843924832	7.678573819490531	
15.191830826002205	5.576909297892745	
14.54883018547582	10.531151866059318	
16.374890096781225	5.17590947177531	
16.699124653538135	7.0227338947238085	
14.827692402320313	8.048922096358751	
14.743024272428293	5.676885216105395	
15.267791669625733	6.8483053724779435	
18.229122382495905	8.112539129743249	
16.3300839926613	7.975100807135913	
15.110330385926561	6.085247047042603	
15.371077566879329	6.320703687077501	
17.25750551400191	5.414033885482922	
15.531569673846578	8.490490439034534	
16.51933712699512	8.866995046919003	
19.589308768804166	5.019508905797422	
16.9591135597974	7.3397227281091295	
16.229376835773937	11.649939223515991	
16.617775325474245	4.911530808970812	
17.178390771644185	8.619128963892926	
15.88809879216987	3.7649198503428956	
18.871514448448554	11.086150533130107	
16.034279715346912	6.743748454995099	
18.18326737528842	4.431863969284077	
16.737053750186337	9.962698100291991	
15.248817149940272	4.08705541542114	
14.912623033551167	8.135672496216312	
15.217794325798765	4.928205141331078	
16.72417489299135	7.144445923510407	
16.992855001140448	9.20520104246154	
16.07711423363991	7.4818653964757855	
15.874837018363795	5.9686003050508765	
14.924753043074324	5.536440274907539	
16.628111715304914	9.345358704250504	
17.615282985995286	6.047983432540548	
14.82064852824245	8.299240885638236	
17.245699700562735	9.38996598822148	
17.54193881448195	7.577842820821233	
16.80546697313867	9.965891717191512	
16.876229205277724	7.32847807106802	
17.76870543359398	8.100212158005517	
18.161402463855204	8.62887345431627	
14.626827789972532	5.676322779533794	
