20.26649809506858	6.1556870314149945	
20.338707331005224	6.181533076379831	
17.639267527982945	7.48551127495357	
20.316207576394287	5.3440081288983965	
18.129224843519008	7.040525915114583	
19.480975999622792	5.319384013699535	
21.767887431931094	5.693673726217401	
18.115934245007313	6.077085476299359	
18.202115125304935	6.043384379722671	
18.635896234894624	6.400615964239663	
18.1803064418227	3.971860183300828	
18.205773577935904	3.8773562629712357	
17.086623589655026	5.529890878891392	
16.5739353737007	5.960717728580187	
19.24544933983591	5.423651596959632	
20.04112325931577	4.8665642290953155	
18.348930817168362	6.564974984169332	
17.909454319492962	5.656464398176112	
18.20793633337555	5.878674340722347	
18.628259453411815	5.956255288697353	
21.078751227044048	4.9051724801798775	
19.781418205957962	4.550456189860841	
19.69835240072878	4.454542909155535	
20.3411618628816	5.269910754652175	
20.55419043309833	6.0127116094305455	
18.919813089181673	6.28692488508373	
20.98863011241797	7.553431543836324	
22.470810169796007	5.1883372399447	
19.907246161952745	4.830971338642292	
18.980734107280064	6.697964263422727	
21.730355609509097	6.309169618319398	
18.4019319512825	8.382809181913698	
20.932122605339472	5.582445117734569	
16.955576085120963	5.333993348968387	
18.650573243373643	5.415070876950462	
17.856878622127194	7.001387391345266	
18.921387440435225	4.907136025590696	
20.116054299374277	7.415577300098861	
20.046802458124127	5.471886810142668	
20.974721673292684	5.646247678282134	
21.55154653901359	6.146749924487662	
19.464722485744968	7.312160877466775	
21.058161477216608	5.775511523146036	
21.74759395018713	5.148849295963088	
17.831583196418396	5.554005051459488	
20.296731428588348	8.144397103352789	
18.611941538146713	7.1390155332696015	
19.64938497397451	6.404262863258209	
18.326593838433848	8.264344237674486	
22.248478644624843	7.197568655908228	
19.244810019805996	8.53168118211324	
20.870975386463485	7.099733815325957	
19.252347599105715	9.302594622509744	
19.028972813070922	7.709093945268472	
19.47115100945218	8.575189287458358	
18.776607799383974	8.826063229703344	
18.972381978078353	8.243184363674729	
19.054933637789816	6.84898929307943	
18.517075701732544	9.042771364489557	
22.38386903343324	6.386610656872674	
22.28219143343363	6.942230784598594	
19.801235587448453	6.978984942387594	
24.038028954396577	8.535048096879544	
21.649807369084048	8.605998447292814	
21.940537163139552	6.9154568587289384	
20.389418495847714	8.11785517228165	
21.004130922676513	7.503547702116516	
18.423615207696866	8.997659549366073	
20.516482105228004	5.974835692531361	
19.322613042592117	7.700990885410455	
18.60430404581303	6.79906359953371	
22.43545622901005	5.538571090168986	
21.529396167758442	6.834623738643909	
20.832052786696902	4.312238379316631	
20.33786412888037	7.778512521851127	
18.019563767158015	7.8337183296297	
18.254162044284733	6.902121911287252	
16.656622178124323	7.194398064750162	
16.06430132536508	6.604730737994333	
16.975832660386388	6.620483273128026	
15.256192255214089	5.686356155658755	
17.821493936486906	7.496336210636284	
18.147852825693796	11.154130928194984	
22.105791649452645	7.937590365233412	
19.15580185865929	8.616886541783927	
19.094543037737534	5.368998884753391	
22.2043787252371	7.3339935751729755	
18.39204603681514	7.432215665466272	
16.931491919442074	7.330392095013279	
16.435034631416244	5.6628010074730515	
18.55718186523081	6.6836640685083974	
17.92702446210737	7.856625412464794	
18.093151518185792	7.474807672217291	
17.24205581604464	7.664710742430324	
18.057731085685486	5.263979472022791	
21.49488291126269	5.199500699830774	
19.664144792212493	6.801733785020834	
17.07275936302103	6.087236337182922	
19.12665238497617	9.068767000316958	
20.763300513561013	8.500025404851716	
19.45802748115469	7.804369548668723	
21.561283020551276	6.224897845459283	
17.462959355724173	6.293959589580448	
17.98959225252568	6.226573618132069	
22.432376888231104	5.3589948660291125	
21.869352264374427	6.548111869181243	
20.18559024491743	6.022497633304281	
20.761838253325585	6.28923593622348	
17.771811914101537	5.5190283731811345	
19.143861086410705	6.108505297347398	
18.928365350714135	4.540487223504258	
19.716463882379884	5.3330005755701615	
18.00474137778768	6.142468064544951	
21.155723021637073	3.8445544150739566	
19.056971421629502	6.019049515674	
19.205570353438656	6.67719757676774	
22.447199497331614	5.492434548092825	
20.3495267718402	7.6935814374843465	
19.077460354352805	6.9353488164066865	
19.04000688543482	7.114116488634333	
20.512741808430572	5.66536575323532	
18.983391424924086	6.53768469510533	
18.705556516379822	6.055637565245691	
19.858906190788176	6.195784266055824	
20.251697143710224	6.785985410555841	
19.45973642376106	8.443004533469013	
21.57404693064449	7.531343975259163	
18.259376672220764	7.240205004330713	
17.910043529925655	7.24086861350152	
18.887433944565768	7.150285316817565	
19.54392663791867	7.088559675083633	
20.801267281270626	5.265949117976742	
20.34264500522798	8.076445218471463	
22.221075074838772	5.210569818374542	
21.750602867596154	5.751935460392272	
20.31383126594434	6.0345905290521165	
21.64032253512053	4.528059319116355	
20.641392682354017	6.14879948742379	
19.551119573500326	7.354659953464671	
20.713103646783438	8.593940541439848	
19.48288494268757	7.221701309455027	
16.86303647806579	9.218420718376345	
17.20282131568045	6.826504564782802	
17.253678344522353	8.394490608443883	
19.889440286230936	7.8527111716882185	
21.923239656775095	6.292859453293018	
21.031946724066803	7.865981937906809	
20.092756904300227	6.831597094626885	
17.909178343728243	6.631589467409328	
19.438646638138284	5.721996719532629	
19.538307108342806	6.742867812730771	
20.143958177196055	6.30217824072626	
20.163999926854977	9.433327479670627	
20.22779343981324	7.549146356557267	
20.063656152790646	6.874954048919194	
17.978798055947177	5.742724033748858	
20.82136180829052	6.798874339641575	
18.86513871301392	7.851099867443483	
19.541229029160462	6.427600932946621	
20.57734393205088	6.739527958849493	
22.219923949544672	6.962970357530553	
20.92129263966835	7.003849120023661	
20.524434892945777	6.709683024122063	
19.661751736744574	7.017557316707213	
20.23795421522221	5.676169570583477	
20.219591730271148	5.394046461158434	
20.22970942943477	8.127517990864442	
19.431105332551393	7.865293767041306	
21.217634507234475	5.966591759289321	
18.024038456086057	8.444080624736603	
22.631441399029605	5.711297171365741	
19.75601099230006	6.644383078932535	
20.211404954042976	7.3812165537668255	
21.103000316452164	6.406096865690386	
20.64611349822498	7.511850077260092	
18.29424562090521	7.504971191494365	
19.64649984376711	5.596159312845397	
19.36094893028817	5.663400659769865	
20.19893099877262	4.376102090407514	
19.22202137143475	6.231529018820676	
23.92659725827645	4.305705883649698	
20.083027507746344	6.58298391374507	
21.22329577594771	6.27620033051703	
21.554361008747303	5.420344504107049	
19.862735586221326	6.209375140010081	
18.471625294106587	6.551207982638294	
19.811623548146176	7.921367384722243	
20.074214276985078	5.713976633067877	
22.45531192536808	6.4250076090467925	
23.32815989951685	5.30150663116612	
22.51880050027	6.444262427142926	
20.551116065860228	6.086976134321677	
19.17923732231883	6.968442312050366	
22.794668034437272	7.1330465575853745	
19.182671113491473	7.342842715111212	
21.262868294055504	5.181058214245896	
17.815861105337653	6.111604560602686	
18.71743208501091	6.489791577435221	
18.03017446885689	6.295430280435486	
17.66772154495832	6.622274454420468	
19.75294311236997	4.702424864436761	
18.705397553941392	6.806945978839072	
20.046620589813397	7.229631144874818	
18.62457756552253	8.523318400803747	
19.280019321726456	8.406712421602151	
17.27574257374305	6.4592503374176315	
16.84898035596033	6.886358591729789	
18.710316156370194	6.537294064221764	
16.697310049598038	6.816850452197218	
17.848311890278172	7.205411971441518	
20.971815655083528	5.866515655545408	
20.46059801353222	6.224519289548585	
18.853828041757183	8.58599070360572	
22.392534923172153	7.8237632722265715	
21.38651825470634	7.273763931675303	
22.881961491933627	5.294814263529237	
19.238860252343553	7.4884131654000505	
21.57011352301843	8.418756864147126	
21.3621474553156	6.247754483212986	
21.23228302055959	6.619992060294374	
20.048133157493133	8.052367361312823	
19.3428784174903	6.812377264692256	
19.451457404630354	8.80315871627556	
20.49336047141599	6.605999114562513	
22.619806497524575	6.815169188452803	
20.864486622798463	8.086853213007757	
19.100158936111146	8.665505801471747	
19.562283647372777	7.4285193552500886	
20.42568591292841	7.701632354797443	
21.250149550321872	7.446942024827744	
22.794565461294578	7.6714864984306095	
21.907670512573237	6.2410280452802676	
19.060062300866182	7.279786609321764	
21.38880780344899	5.997350781681095	
19.889155724785674	6.187668703816306	
18.985651192006614	7.555418307302766	
18.2145065308207	6.920138537788578	
17.468025702167616	8.013709399100438	
18.71379439864169	7.823246101928319	
19.41814519693834	7.8755611670848635	
18.92372577851631	7.9880877620859625	
18.912887287749026	8.84172989443775	
19.470859910687288	7.395306290414892	
20.73160929000552	7.831897885379584	
18.425030832224873	7.176343770696392	
18.390724672385588	5.645104685074818	
20.54827150299548	8.073849302201857	
18.70738657663678	5.908715654047765	
19.945322453093283	7.609083898186185	
18.949372946237418	6.338820038179461	
22.239989991477046	8.270206970541164	
21.606735197361523	9.830935068967582	
20.445993064775614	8.372463963096871	
23.218878312578024	6.671015173972794	
20.66080651556277	9.24211382543888	
19.840536362115	6.444468389899581	
18.35951917712191	6.463327981716896	
16.863897227982527	7.199473418554389	
18.18710373829491	5.58015172655509	
18.973530846153043	6.698460938899622	
21.878304956508668	5.806197715738452	
19.866074834499642	7.562961802879408	
22.113225244833757	6.307466839872881	
22.0821119605437	5.877953037368997	
20.76796614657548	8.778097746414646	
18.38279198275883	6.588718382891158	
19.622711767188502	6.095871212941124	
17.808119551540862	4.848145717377068	
19.604445676142262	6.681514219411803	
19.303652175140197	7.0208339079547395	
18.89648603927861	6.69848379680147	
19.34167579373678	6.148631166528635	
21.240311379489764	5.048388518372937	
19.758229295861064	7.614419330578906	
20.978804796705557	7.024541951855811	
18.708716431226833	7.092102862314361	
20.167507762903245	7.586046532604208	
20.09068045949157	5.8569086770722425	
20.783645344552056	8.112437183421598	
20.178508647189144	10.885388993386616	
16.989045387312263	7.5394680180768425	
18.830824760235384	6.3305160423338735	
19.385574783419283	7.275824832280579	
19.2071538384091	5.086491278397336	
19.091372465907604	6.172696971005623	
18.51427176589995	5.900803574636914	
22.694097442227203	7.377891005417602	
19.11379876906739	8.867621009988687	
21.652919596628383	7.622390065072975	
22.59584692154456	6.988123631814529	
20.18996616443987	6.244992569666722	
20.595224008682784	7.870576402130503	
22.138827615778343	5.907832898370095	
23.298913102676103	6.456908877557067	
22.017172389685204	5.865524725473948	
20.172647961469213	6.460026164338704	
21.608090377585864	5.867124823813914	
19.86239785821154	8.459717327084618	
19.656679065459112	7.938949458313034	
20.44284649456028	9.47846424117739	
20.984469439236925	6.8955501762968625	
22.09217476721983	7.407379273471408	
21.145480920653068	6.743783303124888	
19.022276814827638	6.914462374106282	
20.167454740622112	6.626292899242926	
18.717518243874306	6.459128294006002	
18.279781813712876	5.709516719855575	
21.108041385813355	6.460954655667482	
19.070575782478247	4.8066012847204025	
19.432177498772084	6.494911030569121	
18.60418343879106	6.1177423594195375	
20.354860071826177	5.389780171735502	
18.523138615365422	5.399143222136719	
17.774185443561162	7.331633748986022	
18.669952657579078	7.894655988538015	
17.802665527924013	6.139173418501595	
16.854824099080876	6.44736656946513	
19.70160742003648	6.1994385043615905	
18.88179253461274	6.587714195173265	
20.143963819617642	8.324873957355475	
20.217754677877092	8.061621059267775	
20.822805573427672	6.798106924589225	
19.645968142811302	5.659299521012634	
20.388879248611122	5.7820348851934575	
18.32617534822271	7.743781289352773	
18.91562013806313	7.133911917193739	
22.56550807215365	6.570192398262849	
20.792046025942156	6.491862461821465	
21.232668873672957	8.30108569117251	
19.861924564676396	6.172064360947068	
19.402396771784762	6.851391160056857	
21.577353717498994	8.116710462434725	
21.102052803848338	6.994714508511418	
19.820977669517028	8.99743601651707	
19.880737034185994	7.084299559654004	
19.570582758146212	5.767520852616922	
20.273715390082188	7.643675000026245	
19.676704003048666	6.923866793577432	
20.437669928949756	6.883057202206062	
18.06708575554465	8.691230950912082	
17.191653767483636	8.019096090982686	
19.39503381889767	7.3711365639343445	
18.8696532083655	7.036128367347642	
20.917405186075587	5.926686084304103	
18.00428067523643	9.13064529128617	
19.935352418423307	7.891725540231795	
19.49619306007381	9.846397543013682	
20.06591802569319	7.051191315253924	
18.330539459659512	9.215550624239276	
18.818913260884635	6.420462483286492	
19.320113727049836	7.161625125441839	
19.54123047565321	6.542376898994709	
19.71222735225845	7.254432628694659	
19.77542080687179	6.908516090118782	
16.891987933056214	6.805134013424	
19.21099751299043	5.670389254735422	
18.949592773125072	7.580387436107172	
18.791352132491603	5.975331425452297	
19.35728364525253	7.540009556198465	
20.220474697584777	5.458560208366552	
