14.907276967431144	9.03892513007258	
15.617305676198198	6.991419995687259	
15.778186986756062	8.809017754206085	
15.162965631486893	7.396814536235554	
14.45014033197851	7.798057867633948	
14.27724823406964	7.5772819113809415	
14.917003759837671	9.328186907820799	
16.167783915566115	7.016313846812617	
16.01824636740881	6.2329536232701654	
14.733925019751092	6.066347930822252	
14.669840076095397	6.097913424170797	
14.688209392169714	6.189010273773504	
14.471504636277105	9.18742803702938	
14.692103151877498	8.424262007939362	
15.856255225648928	10.24026580986074	
18.323658615178363	9.272674990819516	
16.582140067395766	8.833507416723505	
17.52309988049076	10.727094881083135	
17.608105491680785	6.643332480340765	
16.608366260705242	7.888425019041535	
15.864600881265208	7.3148116141979065	
15.992903307268215	8.21877928517058	
14.521952691275944	7.3611786183355505	
16.61881623596631	8.288555672753288	
17.09794050596417	7.849006052923498	
14.785750552379936	6.8854845401119515	
17.538893159446882	8.98563735285908	
16.358121075189032	8.124035660832272	
14.412627525028823	8.507884955687214	
14.272989460741876	7.844887274184884	
17.99535120969627	8.876948845375633	
16.58879368994115	6.010180059686272	
19.206776334401102	6.710861865305536	
17.09700712088969	10.35542539562576	
16.570394668359537	7.972260488946037	
18.032174036775412	9.818967979712287	
14.809222878545912	7.634317973334949	
16.992951671512987	8.01229208843975	
15.697104864200119	7.718797868133142	
17.865368980134416	9.025837440362226	
17.204640299477365	10.078103400609136	
16.041443612712808	10.588392415585412	
16.696897720339127	10.286048352684682	
16.474320094098157	8.83589595769282	
14.92027118651559	9.06056844772242	
16.74004218783621	7.89621167409669	
15.699194740191208	9.485137256686139	
14.230523659190506	9.019960343002863	
16.16830954835508	5.797234489860584	
16.1407906071587	6.93609479732387	
16.24136161874043	9.890348254477352	
15.78059463223734	6.229188879072444	
15.456690675452862	8.215434900197282	
16.317530698259173	7.2604252247063155	
15.858951214398186	7.957846538868684	
18.150749839069938	12.71878785489797	
17.116575260984913	8.406020076142005	
16.96040074836792	8.652725344971868	
16.03625263866293	7.051859730798551	
14.990834089551528	9.515380926326072	
15.248740515179781	7.74971095012051	
15.63055877567153	7.804578394768578	
17.138544016949815	10.255337430740804	
15.526362235438393	8.204311836551577	
15.825266611812948	9.263114497324047	
16.306270162833705	11.215171324199385	
15.437962720169477	7.598099815945988	
17.352868320773702	6.988347639319994	
16.057761458081185	10.361625190372878	
17.356843140947603	6.729342955639911	
16.994354938492762	7.524697734322133	
18.381517034431404	8.720980380208397	
16.617473169583434	7.719472409359242	
17.896751873429046	8.861841096150586	
17.8621626593414	9.23289235385722	
16.781035882693892	6.718245659865172	
15.99462428848565	8.169528962102408	
15.522799421624905	8.002360726810869	
16.6346309104889	8.724269573632599	
14.96978589946601	6.951586744401218	
14.877237655691875	8.540425710989892	
15.664432649354431	8.997296789685977	
14.368951798147085	9.334449080772297	
17.8024433713291	6.375756077903462	
15.873899243897391	8.626849967697273	
16.668499723988166	7.992912194386757	
17.996478255604796	9.084587778186076	
15.78009946383343	7.263154421224789	
14.9306711880713	9.290801630248898	
16.659730063324055	9.513589840435694	
16.057668317854365	10.066048305401363	
15.13541127957324	7.622524120755229	
15.341348360391848	7.993764579222561	
15.076079026363885	8.436693826763218	
16.19659122550186	8.821478100276513	
17.690830399202323	10.120178315863235	
18.409712071272022	7.730512373071086	
15.350847666803967	9.38059956773567	
14.658608372104606	8.947344921280381	
16.269118317721734	6.39480974479623	
16.16592365226582	7.031969150261804	
16.297740303095473	7.523005056498951	
15.542138463971954	7.552975284331389	
15.806313850240178	8.168615155708885	
16.55247408630457	7.385019427692683	
14.944417356439093	8.423348611161423	
17.088796382497495	6.698442861745946	
14.65869059923805	6.617214157147632	
16.311768528172724	7.9149918058011295	
15.601369211644217	7.491713353829078	
15.861517587111212	7.016039329991198	
16.04223763836393	5.573235705808992	
15.644603988890236	8.229447088550627	
15.491981996155749	6.986186297559841	
16.521595302548267	7.418949485275213	
17.291877282536195	10.388978960098626	
16.39638671445537	8.634456661889354	
16.58366558768446	8.577130459689734	
16.808148763903613	7.161387242969027	
16.135644105619736	6.0828180725003715	
16.30732952750091	8.571873229572919	
16.502450469805435	8.176082164463187	
15.300868281269308	8.835818708802194	
15.166904547386046	9.165746283780079	
17.182178730978354	7.0633536362100395	
16.66955884812475	10.579081241824545	
15.461599382365605	6.6793277417114	
16.237820724944317	5.991563125692875	
15.68055985513836	7.368665790194723	
15.304299113001058	7.029378061817982	
16.568806807573456	7.835459852572133	
15.695413920671813	8.918064793537397	
15.74913892397346	8.407943444445356	
18.33267842440523	6.376984537699007	
17.437167573494587	7.049628971856215	
19.036954443178608	8.06830415498933	
16.494644795286977	7.412751301318677	
16.259097992369533	8.425898248635383	
17.716607644173834	10.05244864254232	
17.76761208681369	8.844406666899092	
19.42015325483059	10.469087142792008	
18.31879067926604	6.898895830988409	
15.741599665333165	10.419683466050659	
15.728443172482898	8.84804750654045	
16.816586199682177	7.872517654171334	
16.841898820025904	7.018778845696738	
15.788625287148271	7.169476629749525	
16.642648047044858	7.665661058222924	
16.798552797675352	6.984771132907174	
13.298818831476444	8.63422298451282	
15.198154614612214	6.875806065991468	
16.92155031721949	8.206876091691797	
15.812028562777536	8.406735707657495	
16.87344547502572	7.73561778198038	
15.894262685978159	7.667621917070492	
16.293802110241405	8.349105928399515	
15.002631882869848	8.082003477703928	
15.627260335307973	6.418457142826371	
17.132302906890068	7.237883669786068	
17.995852491707492	7.887698293354727	
15.309152906680355	8.195384067908265	
15.738601724766816	7.635224698587611	
17.88324576774131	7.615975518475315	
16.26690492097278	7.27004250959114	
16.137147310008597	7.736538354939392	
16.361008351973314	9.967992122807143	
17.177275014409272	6.3306788992149565	
16.081817063992396	6.554281542215863	
14.730755440697054	8.095753882684997	
15.267646014608548	10.840173529248423	
15.98833288702693	9.939990336400964	
15.61955231102548	8.672242112954251	
16.28600158553625	6.277300759048407	
17.925372859692928	8.068297151306135	
15.59879194203379	8.00673266821394	
15.243370980150475	9.26968527161139	
15.378228424608151	7.3423032695809	
16.469485971932716	8.261880810164504	
15.364707138155337	6.639597030815	
15.651797332526996	8.927384225655599	
16.399482725237593	8.147650428105237	
15.451671897155645	7.458410937928207	
15.433967874352751	7.01450790383623	
15.386300042715897	7.6531352208194825	
16.13133591186372	9.452294693513082	
15.463351106317793	9.255730503655972	
17.754190719762473	9.807143040498737	
16.433827556283113	8.257590466133845	
16.57123275670146	8.93437406810831	
15.970506800429753	8.676515217143935	
16.17200657763755	7.420958778090866	
13.87564693231795	7.8433469367234965	
15.531097520952786	7.723470422457814	
15.727326451524378	6.5118168923319155	
16.65058440266636	10.187984825114073	
17.33759613838745	7.900270046176258	
16.672683146929515	8.075551592767418	
18.497012870832275	9.017887981737351	
18.33492114453168	9.08248639657827	
18.65257845348818	10.376309145803942	
16.425569178194777	7.721782865350674	
17.286672414158932	7.3743902244446105	
17.68838404134591	9.492073816932844	
16.848719843899826	7.8195035888073035	
16.430650104835312	7.748741149084312	
16.843094422733618	8.311995635947888	
18.74012848618834	8.49482855094573	
15.541506472495618	8.076482432971243	
15.656207303656418	6.826592953651712	
17.772502028603594	7.675932682312032	
15.97127492271397	9.46708745936669	
16.524569828431158	7.311229387202569	
17.767953112152163	8.040908197896252	
19.102142019881676	9.264955962067361	
16.435331892740084	7.7684013723331	
16.564056865738905	7.9378271920912455	
15.120804146881541	8.282567506708192	
16.71857501607131	8.428376006190113	
15.366672883751713	6.761758585686582	
16.17789349471621	8.459544889891669	
16.96157968204565	10.265680506613698	
15.530389920631732	8.063396159429736	
16.641853374105388	6.99846482974709	
16.08027338125211	8.448367259308984	
15.985736265754	8.014565195572974	
15.414037230741398	7.145369211877706	
16.563588893909536	6.875667808068034	
15.915721665539952	8.086018247766615	
15.178808515707397	6.295399160243462	
15.598358112959188	7.925799830814759	
17.01346596297507	7.976939304348399	
15.865917558877072	7.489695895289319	
17.39970540144926	7.347163918911334	
15.924468692655847	6.2483538761886654	
16.719426012232088	7.931216112486384	
15.689732764588516	8.392813432469255	
16.471289430040887	7.617127237083474	
14.960533833038381	8.511373321070653	
14.984323199064706	8.559077521469789	
15.333480930410357	7.660366569533764	
15.168408046672418	7.086299579965946	
14.780194770904755	6.94636123403329	
14.064730879024705	7.317529354728188	
16.041796973961898	7.545608807388217	
15.399373583811046	7.88882240600616	
16.955943735759835	7.627332933255086	
16.57366955754686	9.301624930957706	
18.396084761162093	9.973254246753193	
16.488210901423344	9.001372780876096	
15.174694137159145	8.30467709383909	
15.393749681610199	8.299257123428786	
18.474620931339533	7.645860999340516	
15.330658498225109	8.388541358520358	
16.81658076044621	7.633217731953232	
15.157429039249664	8.020545749353573	
15.4162376383994	7.887840584774906	
15.567179057124289	7.519630194153781	
15.957802373513186	11.252719548935955	
15.727368977303108	7.880223055446528	
16.128664438946277	7.904255272242899	
17.08326327499524	9.301322027570261	
19.491261633895327	9.479348462797685	
15.12034365935711	8.540016814966041	
14.55146857954261	7.187019943272157	
15.61692328209537	8.939457615219402	
15.71797449814054	7.021445121627021	
16.124534019932074	6.894661449274742	
16.540750418333232	7.482151140817615	
16.796406361182434	6.747359509687234	
16.84767649554008	7.8871576935314796	
14.688575313964071	8.595819980986551	
15.057054719990445	8.64042465405271	
15.388183581951077	8.15909167066325	
16.821574442105824	7.4111272380572615	
16.718944684879887	7.5749973128996055	
16.585955456764356	8.755285597125276	
16.670189425756377	8.609640875167617	
15.104063440059157	6.90052210901412	
17.064462787860798	7.506487411226165	
16.60938863206636	6.836837305856531	
15.348142391700916	7.465487916772246	
16.114395596053562	7.212394478928887	
17.466161313281766	6.654096662540859	
17.25565048594973	10.331201812213301	
17.74289892294562	7.365395318571932	
18.049196231036422	8.826641118081955	
18.66525134977896	10.946117037185736	
19.14599326630198	11.191396405184864	
16.62066722329433	9.102504809259711	
15.044913438166818	8.231867006784702	
16.355219954358944	8.535159500487769	
15.141178164917054	7.000647581095264	
16.863757527478555	8.808724748669004	
14.752476849257155	8.723176164909354	
16.078513448070538	9.303839719918654	
15.335794971522276	7.768647958047961	
18.100832012916744	7.568488048034644	
17.91340956366412	6.999801656213587	
16.576211223416276	9.490797520691842	
16.236146494767148	8.43350758330026	
18.670838487946675	6.5622879173763	
15.908722332129935	9.50507838006437	
16.92699755013269	8.10890349639525	
16.208044044244907	10.738936739868976	
18.243257473648185	8.503631342949971	
16.18697347091212	7.644787108006365	
17.596622448030672	8.905813512505764	
16.27965491699925	8.282488249876906	
15.838723822260595	8.469875500103646	
16.047363862579104	7.223710818051807	
18.161936129482065	12.822411372668446	
18.391274086031917	7.051774240479607	
14.672829675538436	7.511959971693247	
15.07858133815197	8.246752536709907	
16.230596279527497	7.384842123679553	
16.460865218990595	7.339577994973689	
16.912440842882535	8.111655848152767	
15.92335450092693	7.7870290500873205	
15.465859537329196	8.796005519990594	
15.896294657097203	6.66697812820122	
15.529569664794158	9.245807149720218	
16.04287248578118	6.881302158523174	
15.411104417048525	7.1961087517563245	
17.053751353656455	6.333117900510637	
17.175755552238122	7.653427349632846	
15.275127942026637	9.636800468096634	
15.885716630176457	6.691310794491396	
15.218171101713416	7.16762947495932	
15.671652115600665	7.249751447745532	
16.81434212573636	7.457295871311738	
15.573487239677386	8.424691172020323	
16.456068224630528	8.796884481103426	
16.69919460402059	9.166705653681975	
16.066416475721518	8.465226947411127	
14.61010267751196	7.0934146455228175	
15.781880746544642	7.4128065430560435	
18.083643688564752	7.939866165903908	
18.68109235656218	8.32390998959043	
16.122205483330024	9.079719725687571	
16.210002089468638	6.897872617986959	
15.550035523168352	6.648397089568287	
15.812689140780716	9.42292901790449	
16.953635173707028	8.064877880125435	
16.49327583922585	8.497314547967047	
15.819723891410083	9.38966257552672	
16.618396732911005	9.096739143383596	
15.920319883426336	9.580656548560883	
16.851942676010083	8.854971282263797	
16.77800602770296	8.1827708458559	
15.998174785561224	6.974325349236785	
16.879791575293485	8.800382634976879	
17.24575036890526	7.786707993752262	
15.863692739410082	7.42033147829675	
16.27250314173521	8.796605110794648	
16.377848618625997	6.859538466556736	
16.294326569817326	7.3114450497038455	
16.40933855291852	8.03339192058033	
14.982688479762531	10.239246978796679	
15.305138593273242	9.338933478622916	
16.250962055511614	7.5666665877178625	
