mean_branch_dispersal_velocity	weighted_branch_dispersal_velocity	branch_dispersal_velocity_variation_among_branches	original_diffusion_coefficient	weighted_diffusion_coefficient	diffusion_coefficient_variation_among_branches
13.1003672278233	8.64722402606383	1.28435621895264	600.344570899763	849.660150768598	2.44738124061011
12.4855514062027	5.05482930274774	2.15580027838175	447.072632246258	283.113887118841	3.2403200420759
10.8705736759344	6.78343135573115	1.12240776412886	498.207675411654	531.093739587378	2.39953410176776
9.89139193749312	4.72617726432083	1.48830320025688	303.014229297163	264.087531510696	1.8118827151697
11.7411722540184	6.46530590921378	1.31783502266381	419.424793266778	598.459686516038	2.13349110762079
15.2188402054019	7.68698248729227	2.27384081465537	569.473328494561	604.182768925106	2.01216217500447
20.4224108635049	5.7928377396129	3.00318838968932	406.322453333476	458.859684095585	2.20918494467449
29.6939460403149	8.42710680056783	1.95759395293452	2212.12956625507	988.443345718374	3.90288998431246
24.3553985652374	4.15213822279792	4.09550188243943	238.024081548973	262.154699506081	1.98078112135744
11.773498837709	5.13956413996395	1.63086971939727	407.055982191837	361.583883462432	2.14602759180647
11.3141650795801	6.1523641386485	1.30512907764492	586.687770778607	554.710617448591	2.54892326291459
9.94807092073805	6.38691230567774	1.28901957241859	554.017895472763	636.291149513476	2.68231130275146
12.6290453542788	3.82638964810493	2.20313648662703	217.152023982111	205.170382196307	1.99391302737102
15.3187765734914	6.96173041353573	1.43130784516557	638.387942456414	581.402128580603	2.29366769089369
17.9381000463213	5.11724733343289	1.91311933349974	507.267111412331	466.059157294891	2.19885895867574
11.14627762258	5.00261270007909	1.37231959744523	337.287774618798	369.523299285504	2.32987007661994
16.5679489469277	6.59814240758679	1.6447244696415	605.645324394965	571.94024451183	2.48511087127174
13.7866289165317	5.88298722258296	2.01023397546324	574.96587543883	496.618569695892	2.57130886407491
12.3445700522406	6.46486672946572	1.4539951081773	752.241181232842	507.403644335702	2.35093753886461
13.3045245285243	7.07599399716315	1.32044854896099	680.816162224165	462.916581501168	2.71907300709177
9.89942304689151	4.78811044285196	1.67388219684021	330.608891239554	333.527156567021	1.94899311086359
18.2805639501625	6.32026487812872	3.2679500201462	906.046917181719	518.312382403984	3.59975308565802
15.114360590619	4.21545281340932	2.59873999814226	288.89028207522	304.223326134021	2.0166900035214
7.46002404781828	5.75451502980853	1.18014382561098	401.533807598078	450.337761577549	1.91050411740769
14.4382680574693	5.37206338619901	1.73103107864328	462.947399381485	437.210280382837	2.83397842532237
8.2019178493682	5.45983844044947	1.30270150021461	460.372061012282	443.941161515047	2.02555770343222
6.78787761790575	3.90702769653585	1.39547007496977	255.990031911974	245.87823477157	2.88657127516261
11.0854452593578	4.72421260272481	1.43686126551265	465.036542682173	375.10617692821	2.99324651367322
11.2598175734238	6.39079109585117	1.28061800448572	634.188691582295	552.245787676642	2.22879528901455
9.45579410142747	5.21179941515365	1.24032674848713	533.346464079295	513.462493357411	2.70820868063586
16.9849144699427	5.68502770739394	2.52120217833795	929.874395737906	456.128592076441	3.63018544500513
11.489579369287	7.19342299833864	1.1510346365392	581.477764932232	595.593378275352	3.39964408732337
30.1040826534561	8.12939503198971	2.29480498540758	1488.81457502078	783.199789072192	2.86469610881614
21.8512262000778	6.57942846060937	2.20854627741906	1310.41289313615	681.471947826179	4.22133356876984
13.4267860541946	6.35517941275036	1.55502301588924	584.99023560321	493.35386487788	2.9812576450999
16.0588344947178	5.32826885762175	2.14113397619012	684.840426846489	418.773870160142	3.32066324614921
13.4633007649533	4.53240783465885	1.78032903026586	435.960876748815	317.069869582871	2.74593705806939
13.4168009077933	5.07687243739145	1.38504957375816	337.276911855731	386.840464819171	1.78637760607302
19.3771577070948	5.88313946455214	2.63075189065748	508.361204613799	474.339511848807	2.23527035413442
47.4818741480622	5.49017844626281	3.30496728504228	744.007390497074	356.017162707222	2.47550261902164
11.9285065170823	4.85253209216855	2.78238260478593	305.164555940232	334.50983702492	1.97066959726637
12.4638597150372	5.89814552961484	3.04877812107518	840.058660395326	452.482785422296	4.27875613320697
13.661123196117	7.44868170439113	1.70794966446554	899.367220872475	833.132682764259	2.98812300133546
14.432057919536	6.51482996947469	1.94598682492651	477.796531171944	625.107567164182	1.88533233482968
35.8113229984103	5.74183416516025	2.9043398653596	891.811311601898	435.943698296527	2.7380707598428
9.63075632409488	6.48044591250838	1.35630113283776	402.754770215765	589.503053850112	2.04967960785826
11.0974654997336	6.08672250710069	1.20033655708837	433.112795074742	440.553732643296	2.00368409161227
13.7348662391046	7.69179704813038	1.32922052595292	733.253350263288	689.287308454531	2.18263777847703
23.1170096078077	7.55759594778751	2.41178389337501	1253.72870441704	661.816881804949	3.18449202486195
13.2984693013912	6.98238483365255	1.44913744604083	401.144668304868	546.926211901162	2.1523443845962
8.33067550385426	5.12646784358396	1.43840124189999	338.128058457739	358.538799647591	2.22427385663668
8.15480227537907	5.66102272151503	1.11882840334054	428.400592816799	503.121585507899	2.40494721513202
10.4934005249884	6.00132093439121	1.3621077840369	734.347436652433	710.579648696606	3.81653572021595
11.1933876192554	6.78269273668236	1.29519277056107	642.097466873348	544.404839759964	2.44327032883798
9.08687585158712	5.5365331555136	1.06148499123327	397.596509134137	380.627279335815	2.83340726991355
14.6693456475577	6.38733331301997	1.68707873838091	654.825620815254	663.520406751672	2.92143427249591
12.6060345148155	5.65882764026135	1.96478565263795	727.6406167283	482.438492884882	3.32924691880394
10.0100959037956	6.50012258804991	1.41984758150948	632.470962732988	582.00543857225	2.58721057348127
14.6530475516668	7.55293600833464	1.14245097409163	653.56969459854	631.208528784237	2.26124237353244
10.9573774954907	5.64557338177516	1.47044830306008	430.431408042882	442.996027415619	2.30822360305867
12.728735148941	4.70017943131934	1.63108619229615	300.599294176482	299.347142584976	2.10154848320045
25.5683454367757	6.52696557993531	2.34697875306486	546.341637588374	563.85244479815	1.98988171797951
13.3775950326572	7.27726700862453	1.20250354820034	537.099892507435	510.868533336264	2.05370897916031
43.7089516101283	5.44979587888537	4.0185601368853	970.951552149309	373.192322496884	4.26069468701664
17.1813785474361	7.7255895385381	1.6206035392065	590.350684920058	652.518396195872	1.92264444387731
15.3174490894166	6.53579870975505	2.25220446161507	955.760359379556	579.991846798197	3.03165067238904
12.2202290107741	5.53511552998214	2.35961381090811	738.421568385894	429.42720595861	3.6966749657374
10.0589359646737	5.41216648022206	1.65934634854288	400.474046124092	512.10597436421	2.31067326252447
11.5090136707515	5.49380579551157	1.4428614402566	379.951580492931	346.24068885869	2.16073041557093
15.9062672492643	6.21481145967199	2.37171616200963	430.039946115182	391.814592683303	2.19767479551182
14.960259852449	6.34407555937662	1.95727824293387	852.50954671762	438.528080188608	3.38258679454337
11.5765153566525	5.63869861157829	1.75674439329348	431.844674471388	429.418210528802	2.07345552002508
19.5811715167543	6.08075128638451	2.3857625714377	586.121317461477	538.17841792555	2.39642115274184
13.7543673945775	6.15137295969742	1.66215861713349	440.406754586794	592.810754318483	2.13599343469582
11.3794567797377	4.58826020846966	1.41825113120671	285.848786280594	289.245608059785	2.37176575953499
22.2270150120241	6.04767343092199	2.36515000935869	626.738424576798	507.436855717761	2.6034168992384
20.696509432995	5.65813858080013	3.53373724404147	1243.2811186383	480.954475764018	4.61032669787078
10.9938239412879	5.15321063063472	1.59149422534019	261.066062249485	358.109899687667	2.1013875102073
36.6644930098087	6.10213497105952	2.54513067257758	657.222407367014	842.795519725247	2.14350105270527
12.4073223868965	4.73012744878715	1.90290011950691	430.749841971257	359.117545480937	2.27744041574427
13.4719203601373	6.18985582078175	1.38968666650808	458.628252509334	489.565474762424	2.02934507770787
14.1982336648484	5.86627877272006	1.512240286684	509.675601481726	475.904512408584	2.09001140021282
8.34157560781134	4.93833266943164	1.77033376841878	444.882717434401	372.098314948921	2.96147808689513
10.8490727837883	5.01150221236439	1.36638316354671	354.186198018731	290.238543632251	2.72282273884869
15.5413515277166	5.5492397797719	2.32920805775624	426.868420830525	396.076414082848	2.17781118835559
13.9635207894617	4.99069929250743	1.44618332654601	392.174283410882	398.54795086536	2.18127879319958
9.938435265743	6.10886680908464	1.00475974469769	328.947076496693	446.726026369664	1.68087253085836
10.5325619226273	3.91061012772748	2.67253707910336	290.797817089184	247.699092350239	2.10414064223594
22.3025550767145	4.8556101022255	2.48076289281873	492.662914833323	378.798843072763	2.16319846631191
9.5548132028222	7.01201211865263	0.927452011678293	528.534447069271	799.971247075245	2.28269716600991
44.0774142694559	6.00721358499102	4.92389624153843	555.675972286017	448.605041300548	3.1660482699197
42.6804837862852	5.95195594645795	3.00154538015125	530.054195912887	443.026634015156	1.93715847335416
7.61489512414131	4.12813028488586	1.23940105402647	303.612343801854	281.818635181812	3.03368391904197
16.1695998727661	8.48370937878774	1.64166319361421	830.088055879692	998.162815494736	2.72472922053156
13.4797957509234	5.86415872649635	1.47391031800843	769.110101022703	418.114584499045	2.75082634282611
19.2678706620575	6.18130473828073	2.22461969749129	404.319942107164	422.022780813912	1.63868968614842
31.8614796388558	6.38123786578769	3.03794395728265	607.497476343599	570.56358835884	2.0377671389915
22.2295694137647	5.11487345471382	3.04166710365597	431.518446184508	372.192785766944	2.17574706041225
15.0102605036402	5.65447394823652	2.46628631421365	389.560933263706	432.833469064487	1.82208916918541
12.5406074170343	5.15344151919273	1.94176444273475	312.945866000194	344.338739149149	2.4666105198296
