mean_branch_dispersal_velocity	weighted_branch_dispersal_velocity	branch_dispersal_velocity_variation_among_branches	original_diffusion_coefficient	weighted_diffusion_coefficient	diffusion_coefficient_variation_among_branches
67.822669631653	20.8918019845924	2.288596460673	2940.49276195548	2639.32087573339	4.20589968623285
70.2788177378977	17.9436127708472	2.61730537404109	2391.93876599888	2062.25712078276	4.41262361597827
57.1910519077978	18.4916819111554	1.98659671625934	2508.570541075	2289.592304018	4.81352763020994
56.5430263038092	19.1739648976822	2.85014142159098	2581.14106126375	2273.85321412583	4.71969989290919
64.0144858570312	19.7054689158766	3.00320138495034	4047.52255500933	2638.21137645501	6.10139846074158
52.4968944843436	21.2275712618249	1.88865780876741	3210.73078130068	2936.96160832689	6.4245303016568
65.4602268709519	17.4645311098371	4.03873601800023	2196.62564971789	2470.66852993437	4.90111979463491
67.6080057516882	19.5945550189688	2.82619380265181	2385.34025401234	2447.35558945013	4.03154741438277
62.7755303693648	18.8814703202907	2.19660790781028	2799.04584679957	2398.47162401256	4.95092395910349
61.8815233196168	18.97433264702	3.25072751480631	2284.65324915353	2689.41736242804	4.02437934850019
51.4976781109921	21.1845442742125	1.6058626688287	2598.6992242912	2946.9677614646	4.26923729760527
61.865509982415	16.9279742584895	5.37470189348595	1933.67193454249	2118.67837426303	4.91351247817972
49.1734780474636	18.7657325543633	3.14359007162082	3041.98926223938	2548.89937317921	5.52655137904736
45.9821624904496	18.7518368967779	1.72826338438545	2454.81623316234	2389.93805526196	5.13035841053444
64.7013874820145	19.074700508059	2.76332717808696	2046.97670066484	2129.27959673413	3.51395715756854
104.172165659771	20.6182416134295	5.43833919630572	3499.44053185683	2740.44825128056	4.71541427496193
52.7467031442302	19.3921915993183	2.25287579402617	2080.88603719786	2307.96526550598	3.9590854440101
65.4532922927824	20.970755460552	2.10365781807351	2750.32984054116	2834.86336013422	4.13031397351681
64.7404062863379	20.2342209749178	2.95544945805965	3160.85081507342	2581.41045629238	4.83569290123615
63.1851600699378	18.431197121201	3.17607534757892	2596.22883514729	2549.10869564039	5.22045996908772
59.2231607255127	20.238602960183	2.18008871094688	2668.18335192194	2525.60503932647	4.33497821542904
50.0373809094654	20.570435544726	1.56563575434581	2210.19881387209	2537.12314767607	3.93297132218644
54.473498093203	18.085210981539	2.14344229558321	2616.39598368548	2425.54217640668	4.07347602702319
51.9935232299205	19.1697112615229	2.17500972599744	2580.53023051079	2618.28966733569	4.43028628098082
54.3416983954632	19.3122380667595	2.14876994401357	2828.2903509673	2739.74157398227	5.85605621674477
53.3040201868199	18.6727311968984	2.2767281639769	3005.98174413362	2339.31577131441	5.58213708170428
81.9375491582995	20.2308061533484	3.50739736748431	3565.26428877519	2556.30937158555	6.54264767430905
62.8248337926077	19.0080612261788	3.52157978785735	2307.69982254848	2384.96535149769	3.97407874929017
59.7864513694031	18.6179414288022	4.47442435400185	2228.67330326015	2381.7440483328	4.47399506058686
184.773449202278	20.0775481180207	10.5012795844466	3422.21869735151	2762.77672550325	4.2601488104619
50.5950180352522	21.5085406507785	1.8208419169216	2749.65629851125	2920.01577123232	4.50346920799422
75.2960023030701	18.3901301818588	4.28560120853305	2657.49305482378	2466.03696378758	5.30234793541565
70.5871915565746	18.2104269044935	3.07736290968606	2860.05967667058	2477.88458877606	5.89853276643438
67.4503219446781	18.4217450073173	3.11671006946663	2742.539874492	2199.78640782804	4.95396880145884
71.1331130860409	18.6024627131503	3.1110954786737	2315.88388947005	2295.80862373741	4.27191238940267
206.862292442426	18.9302274605723	11.9376269491487	3804.3610276659	2430.35515502382	5.85927937451044
47.4932069159224	18.6400922856013	1.81460260587137	2665.03732178662	2350.085975133	6.38592994546789
42.1761318470564	17.7701940472512	1.67677224700809	2123.96828432892	2318.99161619014	4.72412464613077
67.0993019379889	20.2996298081861	2.53180516446538	2459.76835085936	2654.99177453951	3.99557652569159
50.9634426896368	16.7671372542338	2.8845226222732	2369.98305381396	2213.25205820518	4.56539304013776
57.1346315158372	17.4434925041224	2.03284172011898	2164.12976869685	2317.55214395368	3.93201021824449
71.9229111085556	19.2784615467966	3.79763199560816	2540.49652389814	2709.84692580016	5.10827973151021
59.694631858203	18.8188249488639	2.5577637773124	2721.27133235352	2585.98383654952	4.55718229563326
72.5366421104237	18.2446186352295	2.77971432040113	2373.85717361691	2244.36428476726	4.22162332130599
76.0458957546818	17.613519116667	2.97391969271164	3059.24299635378	2257.61448366628	4.15388865136302
93.2038860917765	20.4133485299932	5.04356366236574	3517.60443277021	2733.27082291819	4.67357486953754
57.1198580670372	20.7777729044844	1.62873412087298	2516.13753895098	2444.79199246598	3.67394042615684
53.2969289785111	18.2283710458723	1.98703890098107	2653.58328986595	2111.44702336437	4.7855246098416
73.2912352068594	21.4825443426894	3.50164143049419	3505.09838129759	3093.19761997859	4.00401253661269
51.6989325700548	18.7799720700817	1.93327492027541	2374.83407348369	2359.35656695202	4.71109644205867
44.1557951765965	19.9075531490911	1.90745095206597	2900.61400224806	2861.63539421843	4.88898233105499
56.4468835179896	17.5973532900074	1.94051684293744	2500.42645481809	2265.03336283225	4.48546162227172
65.3925517215985	20.1274944680123	3.9818077131891	2929.60465967305	2519.48898101943	4.74225769052292
58.2989307837232	17.1264503435937	2.15504960033387	2615.94284115688	2542.74905556221	5.3210556111194
60.472399982873	20.3537950792097	2.17672662758751	2912.01716266113	2846.0222233863	4.56064629150476
64.4972942238087	18.8588579368733	2.24191092868161	2817.83714486829	2545.1271099238	5.06224852337648
45.4301769327254	17.7152040076226	1.84136568124518	2488.44849804066	2293.55088760368	5.47598323227268
49.7622201300888	17.8937348434105	2.53273841381142	2415.88746469727	2228.94363777585	4.30120786986891
49.5444704684915	18.7483072271154	2.17482831901318	2830.88069485151	2752.33743204544	4.79720535140349
60.9603630396452	19.9918614979995	2.00979537973054	2570.7876658972	2567.01731114198	5.15215102573165
55.435280532673	17.2432707181586	2.33093462367661	2642.95689485864	2409.00546475443	5.00890052931375
65.461850655498	18.4252864593705	2.62472833163132	2697.53361558723	2355.64396415796	3.88515746668406
63.0422661383357	19.1573022147923	1.66688894488726	2595.05424503938	2536.61298553551	4.77568626828255
50.6453026990163	19.1864235520071	1.94539029756827	3496.76538320029	2414.66004973354	5.49697297233672
53.6965258072967	18.6439659730905	2.78319925326886	2395.71102171689	2568.92429530074	5.65312177815055
66.1607307575665	16.8766991972136	3.42286992987336	2474.32559935732	1945.60122632164	4.41315179659002
50.451691527468	17.0729215583022	1.88224639088066	2053.36221543144	1873.51369832103	4.48370878086688
64.1754940812899	21.3408297247252	2.22772080133053	2603.63013564495	2545.39180407809	3.36583680264173
69.5042921806787	18.7381419884082	3.88015610688123	2987.73633539291	2370.86030628827	4.29448337876787
55.2128427627868	21.0109780527344	2.20761730026899	2332.61468988448	2788.98530947876	3.50309548126836
58.256101662731	19.8412614432889	2.24633846442559	2274.65301624397	2702.1028799363	4.23500461312273
57.6400460860332	17.7077490122295	2.11148645665534	2309.56782329846	2240.33956586755	5.85356864576075
65.0992279879611	17.363170363779	2.82582530497645	2357.60517367236	2206.03465526481	4.13382952645251
54.5133847676997	19.5955568357892	2.16145551186414	2905.44581356847	2603.9811222916	4.93588533094613
49.0291416400388	18.9645642629342	1.7339067898881	2726.5153593704	2471.61041437025	4.59060308253521
60.8628622236229	18.1236386518436	2.59525339954835	2671.31411530785	2380.52158846931	4.25372717510993
52.7470864752255	21.0059669589696	1.82885772627611	3078.19274288788	2878.54592938165	5.25142229358727
54.5897281448889	20.1257503181442	1.80582862971037	3001.85097699664	2705.4886716714	4.43162660999879
51.4377510545378	17.8026969020492	2.38820249605684	2337.82940080004	2309.80097280858	4.9954383155396
57.2678439769113	19.9141980817914	2.27178563870522	2528.26468083228	2750.59057896422	4.52142693598257
113.368180707064	18.9659408554752	6.94780181211561	5769.22831658468	2441.7980958895	9.58761060427007
53.5276877900494	19.2547279855522	2.431469137187	2685.80338716491	3020.2990984597	5.27644980136664
64.196737788815	20.5454836428897	2.70791911561064	4287.91030932425	3266.88237576658	6.28318342471543
69.9169870049384	18.2669720115219	2.71541714849998	3192.91014465299	2452.11688132263	4.81782596633038
66.4658435155226	20.2491106128494	2.22079258021026	2760.24407631648	2942.70967689367	4.43462139872594
74.4376241298854	18.3708787838459	2.93246835734806	2421.9904527756	2373.22595377246	5.12701607715176
113.458101487816	19.7190261109668	5.27275362117253	2839.64312869922	2879.04071173255	4.68931939803204
51.9583531161597	19.1485101159246	2.36916698893507	2871.87741745546	2781.05826987544	4.87230471383822
41.5917367036822	17.7140962318472	1.71535058960938	2060.56718141431	2188.41207250736	4.87793157912209
67.274023359479	19.066348385795	2.62164669820948	2329.97395200023	2502.76064079499	4.68160445618149
46.4456453675138	20.1399755414473	1.64723305090457	2645.06418380206	3077.82512240045	4.91584969471454
54.6031316777707	20.4550705081031	1.90414439997662	3212.30833139722	2930.68183879716	5.44727764134218
66.4195965223186	18.6881931215498	2.67374816134928	3526.30232303247	2624.84148550987	4.2012020566973
71.9504706487418	17.1055081918197	3.08944989661119	3128.73808039891	2327.97664033682	6.08432544747014
57.3563282383497	19.4215927677199	1.93363455907525	2743.61484862231	2715.1748100213	5.0269770123218
52.6583840753886	18.9812764872936	2.31972651489217	2809.04305840247	2635.99526698378	5.17365127564353
58.5445691102427	18.6466205237471	2.41287987708554	2118.58510026693	2358.42523576625	4.65331669853646
49.560704696707	17.8853212209576	2.08575559426759	2414.14534612514	2438.65203222476	4.88956496805553
51.3200014982226	19.9899316675829	2.15399859068222	2327.30407008166	2351.48763666435	4.36996855004604
68.9436532308276	17.1577170448814	4.2380682680429	2379.44450075946	2275.5576610019	5.35279471402593
