mean_branch_dispersal_velocity	weighted_branch_dispersal_velocity	branch_dispersal_velocity_variation_among_branches	original_diffusion_coefficient	weighted_diffusion_coefficient	diffusion_coefficient_variation_among_branches
42.3804509840622	17.4469326136217	2.17849274017145	3595.35329742563	2997.3943883976	4.3379279730406
32.7693162361739	14.9816614337095	2.18774011758593	2274.59287063031	3512.18686747765	4.92137575645027
31.9888289463915	13.7570973820789	3.79289556207355	1824.24449925006	3106.81074083886	4.32010467529754
30.2329283329391	13.5177618731299	1.73692835299537	1907.35750104764	2843.95678748421	4.15795551845711
35.2330382518914	13.8382257989861	2.23710017031553	1672.63049047637	2691.84134818824	3.55104532043439
25.4382967630389	13.1158723190639	1.46721816222395	1504.82193448751	2742.1686913499	3.77290901815801
32.0763148067637	12.9469367610558	2.16935799435441	1563.18516182678	2593.20729386473	5.12621729618233
34.7891779612403	14.3709735780614	2.24391891800948	1823.62451226654	3214.14950741022	4.34277582342686
34.2197347431126	14.3959924800037	1.73191014561866	1778.89420147716	2564.63186294744	3.66471159650741
41.7969118748063	18.1319419233298	3.13107135668757	2830.61438216723	4391.29430494487	5.6079552600646
40.5906078204568	15.6326190777158	2.48929121772208	1925.08314965391	3137.99355798999	3.00390765626339
35.5924950391472	16.6214339627961	2.36061430644056	2143.59660075598	3989.1527944008	4.2047587154163
37.7646705107942	15.1018685054731	3.00683789446862	1916.1872463723	3297.21491699982	3.93997931868995
24.5041229258557	15.7500094555118	1.75065185258695	2038.09356124132	3472.0315639054	4.50250762731899
46.2691215853857	15.4468878566118	2.25403726859093	2332.98413781964	2822.134156517	4.4564981332783
29.1478353667242	14.1915482009911	1.61984911861419	1931.2957686364	3083.32074134662	4.28772055514349
61.0033388530001	13.9489757694689	6.33658590200167	2101.86873560612	2921.04607117809	4.32356733343035
32.5371045488042	15.2670883118413	1.76458194984536	1935.51151494885	3412.20904305433	3.99883057541243
33.1395266226209	13.8427633560528	2.39722962321034	2063.31449926905	3198.78273001253	4.53996040378177
37.0472173778198	13.8616710289286	2.87656936650408	2067.61174909499	3291.64970026264	6.3193976320568
28.57204043407	12.8284341513675	2.25373638110675	2406.05436782896	2773.64109053701	5.27916697804745
36.0185378576395	12.8366413207142	4.19336613915097	1566.08704546205	2710.76841721456	4.01071361552384
27.1245125600848	13.737112025642	1.92757015793329	2113.00408027427	3069.40845708394	4.50089589822144
38.5619895165912	12.7908371008811	2.40405043847181	1975.35685420719	2757.52764591913	4.30787784267133
33.5080082911674	12.1885482113251	2.044970048018	1669.17548041247	2686.48095059888	3.83766808774677
35.2330398341157	14.9111490420297	1.89279929675191	1863.85494816244	2858.04101639742	3.94860657411042
30.1646587892755	13.5293425598522	2.62581834577636	3105.20551098256	3338.18496134318	5.61563352344418
37.8004959732497	14.3663377596968	2.37830711369372	2592.68905398307	3239.41433008796	5.46313735307856
31.8564189162494	12.5361278824016	2.16196712204487	1527.0168487231	2386.25654674115	4.31719071092606
39.3765314157664	14.8126734187417	3.19049245555044	2048.14326965658	3005.73350468959	5.06189199223624
28.5745186473869	14.5569889077724	1.63174847791382	1919.42249145824	3415.05048492097	4.13590207635367
36.0599234404803	16.1567234836732	1.8487861827018	2483.39829675696	3822.57927314401	3.82448969727396
29.7790699426736	13.9403404500525	2.17903643280853	1372.41719551769	2965.29055416199	3.3010278293103
33.902774615511	16.4195227107486	2.22801870790204	2973.28434811104	3714.02932076569	4.72088379770673
25.3838190851622	13.6367152134597	2.08293894637005	2043.89737197743	2877.12060537028	6.79938297487859
38.9772866599775	14.8021946751995	2.70974792509057	1817.74584029387	3149.03533486381	3.67059752657927
35.6918752768027	12.7338925505076	2.41014549691051	1334.41079386963	2225.67933952649	3.41801207359033
34.5976327965793	12.9055225592659	2.14968375034468	1812.79626718392	2708.98359575463	4.59017427281818
26.0561276714073	12.5449399894916	1.75773634741209	1703.36408156203	2621.13453647294	4.47046365213451
39.8198299807545	15.9576217696966	2.34608113348028	2487.50153484361	3258.30355576568	4.65194101900686
32.2037466690008	12.8819163894697	2.77741123143337	1578.58431073779	2619.80956742774	3.60676595265257
39.7578637865873	14.6303903320118	2.78178749084853	3359.5268868375	2876.60291341623	5.77287443636458
39.3432822899485	13.1688677619959	2.79437705484189	1710.58040421151	2745.70742766349	4.05776805157673
34.3402236702578	12.1197014710216	2.96932768254208	1830.65984164579	2622.89107353864	4.47195047829799
34.094958996109	16.2417164359942	2.29774835087926	1726.59516512993	3285.95378648731	3.40961994334506
30.8045143396257	14.4382342417707	1.84921027515311	1924.46088312259	2922.29536064037	3.94304862903016
29.1109730101611	12.4264672396989	2.10238789990163	1626.18921786507	2503.29667151137	4.28172958766133
27.4433838952824	14.4422760196358	1.66308970755564	1806.41210350117	3297.31985166021	4.72550440410107
39.123659333926	16.4664887322241	1.75739192964574	2389.92132935674	3566.97195860396	4.16407132135994
32.5473856535317	14.4286084898328	2.47309362435566	2341.0213597929	3235.84650278512	5.08534015226124
38.0611030406432	15.5505198999283	2.28096401519735	1778.34286291555	3370.14084945382	3.01754992483972
37.4383941099452	16.3750941578661	3.01918487567895	2206.76009458995	4061.66034516502	4.54256949883378
44.2016726192462	16.6465509734469	2.98907021547231	2450.01082197083	3602.21570903973	4.555525110919
34.6505738457419	15.7339570674766	1.6678918707909	1873.30639468235	3710.78705269926	3.48362565715103
41.3753414707324	16.6046088964721	2.41183391844623	1904.09949820527	3170.07466377883	3.10803569401207
32.9773184950805	15.5167782495748	1.91740877886756	2268.63124227066	3264.36153546117	4.59607896189701
49.611345053791	15.0689585097019	2.64717927449712	2382.45921497251	3174.17045019299	4.19429127249261
32.2128219682006	13.5629555557629	2.11194678489572	1967.34175337356	3100.87953428232	3.970207357532
32.7335792606558	15.2426159281325	1.85676434523977	1850.58126769604	3173.09236676762	4.01179110441775
25.4678263779701	14.7308770411802	1.68073435122055	1509.06426789455	3399.08684823083	4.32367070389168
30.768245826242	13.8911905864409	2.02817298504397	1800.08081544073	2930.64172876221	4.21030318892932
36.4111124559341	15.0624310766601	2.10212961936445	1925.58382492857	3035.30461548082	4.2397619857715
32.5370446871871	14.6583320128521	1.77884364287124	2243.04707187546	3172.75052656829	4.45608444054269
32.3194237708196	13.7031614365347	2.49037917010942	1810.7145077263	2954.59754886402	3.94792736905574
31.897018238465	14.1712115190693	1.87453327562438	1959.11571356108	3185.23431966874	4.14372209911614
41.3507077364191	14.8293986487673	3.15432322932725	3715.41482373692	2990.80349259648	4.94868885008538
44.0654597100683	14.796455476559	4.55418130637139	1954.66069370847	2660.14594246924	3.28082611284797
21.8595341506625	12.3574922343422	1.53766152776809	1569.92883912447	2827.53804445148	3.74228037420664
46.8128736402349	14.4836104558868	3.64355674222168	1647.72642083262	3407.01327850411	3.91553502812882
40.0455008071392	17.0819616817304	2.06984829222765	2174.43753524785	3670.97670081511	3.49287151515376
38.10491052623	14.4241866170341	2.61163640927749	1840.56390639294	3045.82365859834	3.83694071255661
28.9407156371718	13.3655150493911	1.77588990281552	1955.40281333654	2813.94225851577	4.73331076274214
36.7139752919958	13.3343144945908	2.02351541818148	1594.98148729391	2540.45549535972	3.413097578644
33.9111454004619	14.7481679287613	2.68255210586442	1713.77290689127	2962.94254340375	4.38924119404872
40.46767596795	15.546888794143	2.58526116349028	2680.36479529859	3986.3004033997	5.99789489927046
38.7948183846176	15.8686411186463	2.75682863688136	3338.78474276762	3773.94800990562	4.2970424327351
36.3303704939515	13.8351998053556	2.47261873689036	1408.02000776592	2666.33883953143	3.89810686748246
29.3335122147094	12.7183330578323	2.14408984641297	1584.37380334066	2753.77635501369	3.95585645493352
31.2315962237511	15.0972730702586	1.65013462885779	2128.74144943726	3473.30946563674	4.12595583634257
38.1512436153886	13.8930963410666	2.38345430111466	1770.32402131665	2868.49678131687	3.83215891424996
39.8477814732067	15.106195255848	2.75429940138067	1955.69977016505	3074.91570743009	3.87604123461045
41.509632638817	13.7459236279278	5.13897875463429	1848.36116108941	3404.50361841865	3.87262801027578
33.8892478293599	16.3599235406567	2.7560972418583	2371.50219070517	3461.70106757938	4.36005949193653
33.2172314264031	14.2296381533351	1.84111816245265	1639.97870443574	3165.24760510742	3.97932597566174
32.3843193657989	12.9942886826751	2.20431606709548	1823.17741517261	2669.81780694336	5.58965966211447
34.0488265460657	14.570475207667	1.779527859158	2207.33487798785	3217.79922235525	5.06281830663339
39.1165628391302	13.8643647706653	2.99042292183605	1900.90468746622	3014.00961251847	4.2179807058142
48.8558266375189	15.2524779613156	2.34590134282648	2666.80963773465	2757.90473838873	5.0541478156796
36.9654630876494	16.0682386278231	2.03511862283921	2011.34722197581	3488.68471437024	4.64511147487555
39.7059680836754	16.4539806201298	2.04803272676953	2221.37372154751	2983.74520622542	4.62335391846554
33.9024516904817	14.8381694336899	2.41765987399432	2238.70548111064	3355.2701469357	4.25322666875898
30.159534393761	13.8006413132006	1.75670927590872	1315.45035213773	2867.31005158674	3.93493229991568
32.7967029777932	15.7641249172324	2.19035337145266	2438.58783740398	3088.70174982769	5.91286791188395
27.642948827946	13.9506795112341	2.42219815960087	1509.8009153486	3685.95591702582	4.22673562790265
32.9348271494591	14.8718307857196	2.38053782765549	1917.26855276608	3391.51307966644	4.54928175159879
43.0418452758945	15.3135634058044	2.48447788570254	2724.11027612929	3523.78368472522	5.01895894499566
32.5439254490324	13.8467519098695	2.54357196820783	2546.33063405521	3081.70835445357	4.87251895182817
41.9431360672161	15.1345720483027	2.77954241161802	2534.27582140683	3474.94466912146	4.70392808748725
37.5888138139919	14.2947984059002	2.23703869968844	2247.17789891271	3117.38549123386	4.30914833111492
41.2515648970521	13.2911875929224	4.30211455400833	4005.75129553065	2896.50205190872	10.9947356048343
