mean_branch_dispersal_velocity	weighted_branch_dispersal_velocity	branch_dispersal_velocity_variation_among_branches	original_diffusion_coefficient	weighted_diffusion_coefficient	diffusion_coefficient_variation_among_branches
53.4562302030755	21.9791689462141	1.94276595816762	3435.64290276243	4921.32558756241	5.78887034904782
50.6799926164465	22.1380719306355	2.05603237895878	2446.03240440219	4280.60829635265	3.39541325210201
45.9696764580524	21.4387915437448	1.70184967850733	3053.82563987985	5181.15746325195	4.60386900856013
67.5270883259056	21.6123416629619	5.31341992197734	4906.22804394427	4449.76818601111	8.1243648129318
61.2911856263924	20.3706918620853	2.52158462029134	3302.49060853166	3933.18397785663	4.34646393536441
43.5832053540395	21.1944784680594	1.93225572242741	2901.74901519995	5545.57450557755	5.09046462020233
105.122968031874	21.3866264030341	7.44014528328296	5243.76960257943	5090.45998454989	8.26221105830288
55.8860347258634	22.6478970167281	2.48133312087307	3874.68736775028	5815.85707487876	5.14224573376378
47.67072221769	20.8032977437076	2.30881879788369	3613.53419087671	5498.34977407461	6.70307064997271
46.4947089188167	19.6179234547633	2.12778055826651	2957.62724443686	4619.10702232625	5.17814613796898
46.911172822133	20.9307430702203	1.93104543649455	2896.99603300706	4688.78536965431	5.12120271425182
54.4114984022085	20.1623263292863	2.09117129324426	3841.91834931687	5137.43077951621	6.27079588961066
48.5386448994672	17.6598447619237	2.19421792343624	2858.89500335341	3552.52458052571	5.31649047784266
57.9494323470214	24.9535014634448	2.03227857828907	3794.48581100348	5130.53921857767	5.49327723497962
56.3058431035723	19.8578612598193	2.59381361217356	2579.10379526626	4759.2940883614	3.50137777428372
45.3439541083979	18.7377503016641	2.41960197035	3319.87599235581	4408.69425098581	6.49788413384171
39.7674079459304	19.8555617329533	1.49311711493406	2242.9021442717	5196.29757875486	3.67451820660426
50.4997684264678	20.4411507010246	1.908558649503	2627.27880367244	4436.76237788242	3.6504259958786
57.3181287840432	22.047704106267	1.84410992302861	4130.82285714066	4292.16250843111	5.43904567287446
55.5103679470313	22.103167759738	2.86491634310226	5092.83446446651	4551.87841961469	6.13643848557063
58.8218317471856	20.2010208585567	2.44930654335367	3208.42793758668	4655.39878183305	5.50157987585747
55.4374248308919	18.7433107840134	3.11068344818675	2152.2663871283	3544.70739340718	3.72903957566384
48.6006762520374	19.4182310617006	2.11187892152589	3070.55787421735	3794.14254400199	5.41140788431722
46.2709290758386	21.5592410747425	1.9338344233997	3222.73797425856	4471.01907719562	4.53231805457547
68.3105631310454	21.6002652779453	2.79726950151975	5164.66887673278	5388.08710744107	6.36418499918735
50.6537647963181	19.3507680264354	2.07068650352976	2548.36559091023	3939.39804533526	5.02067373934374
61.4664769569746	20.213463280194	2.43492997863187	2955.45302836388	4816.8928746739	5.44716368869593
46.8379450825329	19.0629587448363	2.22781419881149	2531.5369861328	3476.41585858503	4.43755014466653
86.788335878134	23.0095710052608	3.41079588252489	5184.96407619215	5258.63686703797	6.85889285955759
44.382407651597	20.4038140909728	1.87389367535754	4142.92222000683	4888.36063602634	6.02200082908165
49.3023577667255	21.45010801129	1.95539532680788	3104.76344636039	3686.45096364362	4.89527362068714
52.4088994314304	20.9620741169744	2.01935758893194	3192.91490390364	4694.17445761038	4.74867457874001
38.1369230688993	17.3651327243896	1.9005941687708	2844.17557777106	3857.17489840819	6.66360982648582
49.2682256864071	19.3863856732175	1.78880351703124	2959.83870671687	3577.62834436867	4.20918879615631
45.7983527420391	20.1830662924378	2.12765905099022	3291.5037235564	4821.86146614665	5.44646201153827
68.677259957382	22.4757491357812	2.95912625469764	3015.10108213825	4903.30366090068	4.35390980036991
52.8228612788941	19.9420777818995	1.84178164321755	3434.85232726513	4487.32617794843	6.4442068950764
52.0698917765944	20.8449285472561	2.19929183917713	3745.47456858397	4203.60560383994	4.95079369080589
59.9511749264056	20.1629108431976	2.42434474667048	3191.74500394536	4643.40601097752	4.44691039693247
52.6552881849719	20.9006869844785	2.33513695164271	3975.99600178967	5908.00755953463	5.03438208739153
63.8868850216848	19.1558601881258	3.64278217617438	3134.3910394537	4699.32602015499	4.15450656139841
75.6037124917028	22.2421008842988	2.7080425208843	5905.48583930399	4829.65775904224	6.18985680751248
58.5012688463	21.0239471214293	2.62627929393931	4795.49487127024	4601.06955604388	6.27943395926211
48.0430223580285	19.4727578780732	1.91284084572922	3219.61411699897	3766.31893501056	5.63845729049104
56.76795894779	20.9164347459783	2.17965058956366	3235.24050417295	4907.97701138583	4.60810916559732
53.3452027284883	23.1940068022953	2.24453359720523	3827.78377109185	5293.81445587264	5.51284074192652
50.7171320805361	20.159442545052	2.15917082860151	3875.67261000107	4284.58098489775	6.10605832771595
45.8443394130418	20.9772490603961	1.47528807565199	2867.18526656652	4522.56490816201	4.22851514420572
68.1819284640164	22.9205255763472	1.86061354070927	3414.69865049095	4634.79611726403	3.74658769861044
54.071424756377	19.4496921575167	2.43453893246032	3262.50370605968	3904.56653655513	5.89219455434535
50.8087090403647	20.2431882558582	3.6344780279454	3000.53458315157	4534.16951520663	4.77302512352006
46.9974400282955	18.3377940628854	2.56773770866136	2873.61741756042	4457.40161839388	4.63566118718322
71.5343765267071	23.8102212974333	2.57893401397928	5117.03495592199	5177.72484448627	5.28467155830992
48.8561573560779	18.7582020243161	2.34363379661672	2694.7335731917	4211.31972907908	5.38717381806284
47.980969115673	19.0293748278867	2.73901811211558	3856.0221786698	4608.2458490751	8.00453305153578
52.5956220998212	19.9993435475661	1.97949736491801	3387.61843207994	3911.18550065874	6.13962362756657
58.5620788085344	22.3989829937191	3.7622191234901	4175.1114483556	5324.39514057134	5.71245347978214
43.8459928327118	19.9901857602177	2.08348998959883	3141.01900020123	5133.2138323485	5.79982147991445
48.4122142295634	20.3214986043494	2.08185290997237	2718.78927440128	4795.32249801366	3.9699921356272
58.517432877545	22.9820667123665	1.8567264734687	2850.19405916534	5434.23929735332	4.92077522087753
76.1132164070473	19.7837807274382	4.60527008517497	3335.5440760707	3978.16796716199	5.66650988266128
71.8774879013044	21.6524211459263	3.38897747780006	3410.30181166995	4973.3656890409	4.21917530296797
48.3154736534891	22.828267462584	1.95514988877349	4148.08780792624	4838.06780569926	5.83661017933816
57.3595225939329	23.1343249609464	2.22728633049967	2857.30671004618	5623.11608768515	4.28650274748934
54.0740238566177	21.1410885543638	4.69785390967527	5433.58131206586	5749.70708719596	8.57579453092989
72.7943863048832	20.0013030316773	4.04985205106112	5140.15674311181	3628.67059589396	8.39781266129811
60.7823102042554	19.6832669157551	2.43506508129401	4525.93605946083	3865.266957373	5.73591450788753
38.5310325563996	20.2487305626616	1.89269126430786	2648.60948772248	5241.94124898379	4.80552521644595
59.620874118487	20.4284968117832	3.17876799811497	2547.53010904611	5113.11215521714	3.99776239614938
68.3588154019805	22.5138497846155	2.76646655144226	4094.39558361523	5279.56840319763	5.03179722499444
56.7011929072951	21.4585771639348	2.97128893759508	3134.29454485377	4905.94709203896	4.77329831761422
51.46065455302	19.9353953386671	3.01801374061776	3233.82080670654	4296.40550381434	4.86004864274687
46.4164049959285	19.4816947740068	1.97447670998746	3275.05741048836	4911.32052754375	6.32780477623512
48.9255450549494	21.8377713065821	1.84892184904859	3013.10453087227	4345.09453976264	4.25745804569256
107.414979092529	18.7272795006139	9.82476673065042	3750.34907974253	4430.72634704547	5.44514339610799
53.2784183091793	21.2040899043361	2.36992906970909	2789.02946426196	6448.64711221	4.89582328325628
52.1259717385064	19.7144589269849	2.62897465676893	3368.96379350136	4287.28404307539	5.61989722431935
42.8289182630327	19.0174026345266	1.56894540460686	2627.80711795169	4147.78147588784	4.71027967317576
47.1036013885522	19.9417268276205	2.12172207212283	2955.39459936898	3962.75924367678	5.44617599852904
60.6931269985119	20.7241555299139	2.39885235967717	4497.8699177939	4794.698759846	5.0973845624013
65.1730854475805	18.6757677804478	2.791563707193	3312.09956795331	4307.45790606546	4.49805669719743
45.1395525625337	21.815820956389	2.32330665531633	3388.75011233214	4625.20064221849	5.15566179776845
51.5024333253176	18.716616839591	2.06989547058429	3171.92736730273	4072.61764571526	6.24441153032991
53.4327580865162	21.5982274503152	1.82766128594431	2733.30015127974	4880.06120086028	4.02932839531567
60.8904411465425	19.5868518866924	3.17403493287591	2640.01442360598	4247.95420794124	3.80449936634337
44.2233743111582	19.9287850254322	1.72230611079198	2671.12511462498	4233.64704804021	4.88218883464301
57.9010085656342	19.212677036228	4.9226908648141	3748.73012788502	4412.9352563359	7.40626037703643
52.8681487232592	20.2770755481443	1.98067502578103	3249.75837477131	4381.23539853719	5.3372483331859
55.342250947781	20.2144212531496	2.18868126863885	3699.54994359456	4509.82593907767	5.88921438010256
76.6876175663611	20.8857431121552	4.01032752446755	3832.41034826733	4796.32824275958	7.26810875153117
80.3998114083449	20.5118792637125	5.27811991235278	3057.50437819387	4792.2763689836	4.61495707681208
61.2622758926203	21.147362196593	3.14030400362259	4253.091387033	5175.2360409181	5.70166253259067
43.3910462837422	21.4429303581515	2.12472436472701	3338.95113604076	4012.29286733698	5.98726134106801
55.6313550373001	20.6504701805184	2.18895806248859	2990.2473314344	5235.05757040323	4.7522723068697
57.9286845848767	21.9409304902687	2.11282844147254	3064.25600200867	4639.26105324113	5.14784317581826
52.9198976425897	21.7514380691991	2.70268552058777	4433.56761091667	4467.65855138263	6.42125835897064
51.4950250413285	20.4941493450963	4.49758586656629	6417.76505294793	5016.46768475982	10.244068949011
44.5975786364033	19.3497085382213	2.15421559786811	2741.54491454081	4720.4652390996	5.28765248457092
51.7108784025417	21.857967669542	2.9775308267942	4017.34083658959	4623.44461203066	7.73719403100069
46.7211079595228	18.5192729382704	2.37779198087904	2990.2034577369	4415.40203312811	4.70811687098087
