mean_branch_dispersal_velocity	weighted_branch_dispersal_velocity	branch_dispersal_velocity_variation_among_branches	original_diffusion_coefficient	weighted_diffusion_coefficient	diffusion_coefficient_variation_among_branches
28.691797000367	21.5838882935094	1.22914853366552	2913.86875078563	3041.29576199818	2.12915098339662
22.1051754028386	16.797898343347	1.21532366646781	1924.88998926374	2913.98497725849	2.73463220050051
39.0456564703724	15.6928616370436	2.40000444223966	1906.20314510542	2403.72864716626	2.47414662620613
27.2848364610093	15.7697857865137	1.83304406180926	1611.90198359308	2460.89103310978	2.41859816182028
22.4060333031425	14.0292135750136	1.33272574618992	1557.83947213107	2340.85695345575	2.70653740966866
21.6535622115498	19.0754269918336	1.23527615744114	2830.58543455138	4162.68044678725	2.60531743095152
39.8976201784783	18.1961402027578	1.52645578479765	2681.98934355587	3224.82991896625	2.81400430073816
24.2938650091694	17.0058673511877	1.2779178059579	1948.27378919824	3528.64430156097	2.61376255962821
29.5908497126735	18.7006704389403	1.41788541158795	2407.48142739876	4249.82665933538	2.68345562188567
21.3142518227964	15.5824394580727	1.59910745947039	1708.57245664533	2732.10445928188	2.80408694696729
22.9191395185119	18.1989688840858	1.37112980568109	2575.09448990643	3381.60783633192	2.52085273130093
14.831443899996	15.1582719653299	1.01704184626704	1277.64292517668	2311.17079231602	2.67765213572119
28.3953892356336	18.9649918103589	2.17875420606907	3855.23705061778	5541.44941160108	3.63031898626729
17.4507850496355	10.4625320467956	1.1465880325383	731.139004128345	1237.82942514189	2.04265254359813
21.6733570883946	11.2572867122696	1.23332257853769	1027.94942506123	1831.61137557221	2.39726793139126
11.2384103449055	11.9730885399929	1.28538241002821	1011.85611887927	1806.59402109693	2.73764589082027
23.7237068331157	20.0517764160992	1.09904568686907	2773.82906373041	3883.25323558948	2.67463545429722
21.412286755637	16.1145747708617	1.28366031878397	1745.2719558419	2598.56824013062	2.56695842325236
23.1670325997887	22.1549731463589	1.00323919220915	2204.11516147693	4123.35229219579	2.30817792068959
15.0336511851917	12.1564410027172	1.09979803758583	1175.43240309557	1958.18586260038	2.52352172044295
20.438443682805	19.5191671429487	1.4186321987023	2807.31131190234	3724.98020288931	3.1214509332745
29.7932325538627	23.6196156313027	2.43008112172666	6131.96323107848	6787.12302540513	3.67325967557924
19.7302949040293	17.1287047948052	1.08499088755804	1795.02422991488	2735.52647738439	2.55842854436602
21.4345930958001	17.9271495241409	1.42478923070794	2826.81875480012	3377.47465934599	2.78056245830136
21.0259672857853	14.6831834192327	1.68947956612646	1401.913184599	2497.87194019711	2.49173806078341
22.1023342876119	13.0176978458649	1.74256514035851	1338.59329137826	1960.09647988997	2.52142322672896
22.2959376628682	15.6857591346765	1.00636347284224	1838.14161588251	2959.19152082869	2.35490723241833
22.5047210581853	13.6640216166413	1.66019609731136	1561.68506419191	2613.64985694089	2.59718935601218
43.5089730784764	26.3439127304963	2.00880228624635	3448.69906665996	4600.84678223637	2.59650898592884
23.1599260294268	12.5980473814719	1.24193232887335	1618.18193816041	1631.12566478601	2.22642495642712
14.9143427019118	17.2789312446373	1.59225518988976	2467.97512357152	3411.96597629381	2.9797920372738
28.5780289273931	16.1541092114789	1.50983438267777	2890.57533973281	2975.17599967137	2.72801703014348
29.3104963039781	14.9572193696829	1.93439889397465	2115.48530130626	2487.58849368702	2.2223907025979
18.4279023212678	13.3110838273523	1.12585712397953	1436.14619322489	2475.5085577903	2.69287984421237
23.2831221631728	21.2617606545324	1.22164473847829	2537.2117450226	4321.54104243925	2.04903379949535
23.5747240299535	19.429993068262	1.25369905563652	2524.15498431008	3552.75963594602	2.59886773307955
39.2099705330834	17.3855396133136	2.09398669656197	1753.44075178684	2693.53394845322	2.46603703338022
48.3183775828043	18.3968526902094	1.83431234863733	3510.23014806736	3100.97635960444	2.38892670260541
23.3702754550192	13.6443082191142	1.70905869547737	1882.88755220035	2331.2443832364	2.76586208980816
20.6990279195424	21.1651722227144	1.0110210249579	2419.33576485441	4218.47002517567	3.1170911397132
23.50652103449	21.4990520079897	1.44401156947979	4309.99817553861	6448.86311592582	3.01406674681128
21.5594265622877	15.1018284992144	1.60879585753565	1611.1587533325	2606.76415529807	3.03155746137595
20.556553594633	14.7187228642448	1.49565488979861	1535.0963525825	2473.95870443239	2.62735315777544
16.3046641143143	15.9341638940923	1.36956894271375	2268.66583241031	3104.76273239473	2.68664469550824
15.0692735033568	12.9589640993776	1.25608746726705	1133.97328820496	1967.12569387946	2.55994980274896
24.162890559466	13.9497218205588	1.04668203870745	1539.24525015562	2262.88296286116	2.57282499414293
36.9863375415172	16.2941202469549	1.53756836007979	2311.24605497538	2891.33511336884	2.54927821122364
29.9635665228322	20.791545956122	1.22434603524648	2272.21754393866	3500.15948173496	2.1197127193673
19.1201554574169	18.3688564492295	1.09211117112407	2198.59768963886	3153.54639783929	2.60882315195327
39.0596675083768	21.2272399896929	1.06329468025493	3302.60396740334	4462.03082313511	2.42137177187187
31.3135631308602	23.4949689634935	1.25283598581733	4127.50112410711	6762.17284815963	2.48701904819691
47.2650788527059	18.6531068476931	3.08359744465255	2949.8320407151	3132.10035015955	2.44415360196809
43.0419290075068	13.7892036023833	2.44452448529974	1490.10155800902	2170.19343929502	2.51679000771323
34.4413091967875	25.2185744548523	1.06617844247514	3477.70876144947	4384.65528128622	2.72044207584329
27.92404672432	17.1773178906524	1.5121028253367	2437.576093814	3318.99480149953	2.67501484546451
23.8521304106132	18.0373830945185	1.25435370273737	2491.61470491137	3186.47514363765	2.73265372982013
34.2829679466615	20.9640967998682	1.42165897951928	3214.74194715878	4348.28804841424	2.17893165577911
38.2515374939889	17.6877823390659	1.62746574516144	2091.05806536606	2990.49457502328	2.57025891624171
33.8004042068431	21.9787427755024	1.21936957190688	2839.66273813217	4088.43601008607	2.26881243845465
27.1820524145761	15.0589986013431	1.13226367272461	1990.64574567653	2651.70376744824	2.44983267834766
21.9508689124835	16.6300033964923	1.50829075056872	2426.86753770896	2537.25587853165	3.67762000345292
18.3489223387076	16.2668238472173	1.22443170983558	1972.26855572574	3145.18402305403	2.77610315545954
84.5939040210065	15.5450476535049	2.88211390064863	2018.42408619446	2431.55531123268	2.33084208936709
11.9341211616464	11.4310149055434	1.07529698542902	1029.0722709048	1567.02287927489	2.78709959465993
20.6437324464664	12.927387772622	1.22382125283331	1938.42644936862	2291.97986748665	2.79202264252941
69.8323669051726	24.0768312231747	1.78889016879387	3858.65311885247	5127.66868792379	1.69766442551099
20.9509926388533	19.5760653366474	1.13138665663955	2049.50126375645	3281.51258103565	2.54535936505447
24.7842931381795	15.6249802316134	1.05895546420613	1770.02224509121	2662.75838388137	2.36542228769396
23.9839598596024	12.3613028962814	1.41721662078355	1379.48893550569	2177.79871973272	2.48905366440793
29.5727052512021	23.0271776446811	1.42260798679603	3462.63320623684	4252.56712827022	2.47482136853456
25.4462271714733	18.6029627007364	1.00178202266612	2234.68075778889	3860.61771012526	3.22515671666879
39.5298370117481	17.8804677323067	1.37520322674269	1836.52969645316	2868.35904304644	2.40925016913225
24.1270154495713	14.8312206887853	1.78303778630794	2110.48574469569	2756.08805402764	2.96443395836587
24.8754526763456	22.6997122069324	1.62895557078454	3271.64921088983	4919.56986782523	2.44489493396284
17.3609307470304	13.8343622428127	1.19309676353485	1608.60300837379	2201.63476939714	3.17187690936343
22.3994887819832	19.5269719021975	1.2281360783096	2640.1819798008	3544.97569564366	2.32695923491477
35.0758825834374	16.5233100457132	1.96960134539625	1728.53820132474	2130.3720267881	1.87755820561316
17.1828232840023	12.5026211911456	1.13162201712787	1299.70300641625	1925.34261490855	2.50471853496234
12.4078453897649	12.9832641334401	1.28561474147328	1376.28019013732	2158.88297326794	2.72756017944093
17.1876005215191	15.2740808513481	1.07843737102626	1599.05212135206	2649.50161913102	2.78232748155703
33.7798533172442	26.4085693398648	1.10898148517848	3674.21676814753	5350.0736945771	2.24929702753903
22.7720767093361	17.5507536965778	1.24227938411572	2430.75306210014	3601.87971665067	2.75396102321752
21.1869716908564	18.704955286941	1.10841545518141	2238.11619839828	3648.7962637876	2.51129201314344
26.1040652411866	18.2326636187695	1.50678823903841	2517.50680071776	3238.62845649046	2.87134721893532
19.1880778860943	15.4448457911785	1.02753755123211	1577.09731536964	2523.22779692521	2.1771893212054
29.6508838605534	21.9092029670185	1.06870338688871	2813.32504897294	3603.59358827782	3.38725056645366
52.7054821977959	20.4983822126806	1.60766692371404	3307.40763967156	3314.396652636	2.48627504427824
47.3328102093293	26.6115365918967	1.43157519505657	3375.28511617604	5334.11678789767	1.91563042335808
19.4879500401259	14.2452962248237	1.40926500280358	1998.8227411369	2182.85470390455	2.71202841391333
39.6435391542967	25.5520460379983	1.97947229774637	4836.48482595563	7699.20869669691	3.11006647147347
16.9973682050162	14.5103358888166	1.23024430272764	1340.52977007995	1842.56466890895	2.03978729721553
15.1323492773413	15.0572033077781	1.3587431432943	1784.31686756415	2603.33142456575	3.08322126908852
15.3913414901051	13.1501891998821	1.12546310468658	1260.62988234057	2179.32244991061	3.04607694266427
21.653783592732	17.6145758107792	1.02133467640794	1851.29634862755	2971.85157282411	2.50105369359032
25.4173565635116	14.462611649109	1.84476067358994	1857.50117953545	2382.2304641952	2.48293728086845
23.8617602993704	13.0111912672652	1.79910787089087	1446.08007047136	1947.00198071249	2.7654491160661
15.7829866053783	15.4454766314488	1.4635351241108	2062.47678625712	2703.35143322587	2.71205982193852
41.0169006427368	14.4107034919222	2.08687441693977	2287.84185030917	2456.58740025939	2.32904008032137
38.4325615252969	14.6444619197609	1.77634887913837	4162.54831721888	1975.62519743166	3.88221158204412
27.4709101828191	16.3031296652029	1.87212488642607	1730.13195698152	2649.37445325737	1.93930512460732
